<?xml version="1.0" encoding="utf-8"?>
<COLLADA xmlns="http://www.collada.org/2005/11/COLLADASchema" version="1.4.1">
  <asset><contributor><author>Mixamo</author><authoring_tool>COLLADA Mixamo exporter</authoring_tool><comments></comments></contributor><created>2018-01-16T20:58:12Z</created><modified>2018-01-16T20:58:12Z</modified><revision></revision><title></title><unit meter="0.010000"/><up_axis>Y_UP</up_axis></asset>
  <library_animations>
    <animation id="mixamorig_Hips-anim" name="mixamorig_Hips"><source id="mixamorig_Hips-Matrix-animation-input"><float_array id="mixamorig_Hips-Matrix-animation-input-array" count="56">

0.000000 0.033333 0.066667 0.100000 0.133333 0.166667 0.200000 0.233333 0.266667 0.300000 0.333333 0.366667 0.400000 0.433333 0.466667 0.500000
0.533333 0.566667 0.600000 0.633333 0.666667 0.700000 0.733333 0.766667 0.800000 0.833333 0.866667 0.900000 0.933333 0.966667 1.000000 1.033333
1.066667 1.100000 1.133333 1.166667 1.200000 1.233333 1.266667 1.300000 1.333333 1.366667 1.400000 1.433333 1.466667 1.500000 1.533333 1.566667
1.600000 1.633333 1.666667 1.700000 1.733333 1.766667 1.800000 1.833333</float_array><technique_common><accessor source="#mixamorig_Hips-Matrix-animation-input-array" count="56"><param name="TIME" type="float"/></accessor></technique_common></source><source id="mixamorig_Hips-Matrix-animation-output-transform"><float_array id="mixamorig_Hips-Matrix-animation-output-transform-array" count="896">

0.443215 -0.055986 -0.894665 -1.299299 -0.016106 0.997389 -0.070393 91.454224 0.896271 0.045609 0.441156 0.366866 0.000000 0.000000 0.000000 1.000000
0.445008 -0.056598 -0.893736 -1.249012 -0.014133 0.997433 -0.070201 91.451553 0.895415 0.043871 0.443066 0.279067 0.000000 0.000000 0.000000 1.000000
0.446791 -0.057217 -0.892807 -1.198725 -0.012143 0.997473 -0.070002 91.448868 0.894556 0.042117 0.444967 0.191269 0.000000 0.000000 0.000000 1.000000
0.448229 -0.058080 -0.892030 -1.145011 -0.009923 0.997502 -0.069934 91.451447 0.893864 0.040198 0.446533 0.092745 0.000000 0.000000 0.000000 1.000000
0.447868 -0.060207 -0.892070 -1.073018 -0.006554 0.997482 -0.070612 91.482071 0.894076 0.037472 0.446345 -0.062977 0.000000 0.000000 0.000000 1.000000
0.445155 -0.062946 -0.893238 -0.989002 -0.002502 0.997435 -0.071536 91.539108 0.895450 0.034079 0.443856 -0.259593 0.000000 0.000000 0.000000 1.000000
0.439863 -0.066095 -0.895629 -0.900667 0.002189 0.997364 -0.072528 91.598167 0.898062 0.029941 0.438848 -0.464541 0.000000 0.000000 0.000000 1.000000
0.430194 -0.069894 -0.900026 -0.806494 0.007685 0.997246 -0.073771 91.659386 0.902704 0.024819 0.429547 -0.682260 0.000000 0.000000 0.000000 1.000000
0.415914 -0.073955 -0.906392 -0.712672 0.014225 0.997095 -0.074828 91.693825 0.909293 0.018229 0.415758 -0.872682 0.000000 0.000000 0.000000 1.000000
0.396232 -0.078121 -0.914821 -0.625794 0.021714 0.996892 -0.075725 91.673393 0.917894 0.010140 0.396697 -1.010205 0.000000 0.000000 0.000000 1.000000
0.370644 -0.081467 -0.925195 -0.543140 0.030215 0.996676 -0.075657 91.595749 0.928284 0.000087 0.371873 -1.055873 0.000000 0.000000 0.000000 1.000000
0.338035 -0.082466 -0.937514 -0.462932 0.038312 0.996534 -0.073844 91.449425 0.940353 -0.010956 0.340023 -0.970763 0.000000 0.000000 0.000000 1.000000
0.299160 -0.081936 -0.950678 -0.388947 0.047918 0.996339 -0.070793 91.233795 0.952999 -0.024377 0.301991 -0.729177 0.000000 0.000000 0.000000 1.000000
0.253299 -0.079680 -0.964101 -0.316960 0.056620 0.996115 -0.067450 90.943123 0.965730 -0.037503 0.256827 -0.291603 0.000000 0.000000 0.000000 1.000000
0.203576 -0.075830 -0.976118 -0.269197 0.067834 0.995693 -0.063203 90.581268 0.976706 -0.053347 0.207843 0.339436 0.000000 0.000000 0.000000 1.000000
0.150500 -0.070174 -0.986116 -0.263798 0.080474 0.995037 -0.058527 90.144066 0.985329 -0.070548 0.155401 1.188482 0.000000 0.000000 0.000000 1.000000
0.100610 -0.061988 -0.992993 -0.308800 0.088995 0.994617 -0.053073 89.649788 0.990938 -0.083032 0.105585 2.213853 0.000000 0.000000 0.000000 1.000000
0.054986 -0.051730 -0.997146 -0.421277 0.101794 0.993744 -0.045941 89.111580 0.993285 -0.098977 0.059908 3.402536 0.000000 0.000000 0.000000 1.000000
0.018433 -0.038701 -0.999081 -0.592255 0.105243 0.993775 -0.036553 88.540665 0.994276 -0.104472 0.022391 4.693065 0.000000 0.000000 0.000000 1.000000
-0.002468 -0.022784 -0.999737 -0.836352 0.099559 0.994768 -0.022917 87.920341 0.995029 -0.099590 -0.000186 6.062802 0.000000 0.000000 0.000000 1.000000
0.000659 -0.005443 -0.999985 -1.099863 0.104276 0.994534 -0.005345 87.347557 0.994548 -0.104271 0.001223 7.382241 0.000000 0.000000 0.000000 1.000000
0.046662 0.011391 -0.998846 -1.334262 0.113355 0.993415 0.016625 86.881363 0.992458 -0.114000 0.045063 8.544738 0.000000 0.000000 0.000000 1.000000
0.118465 0.028945 -0.992536 -1.561010 0.089788 0.995168 0.039738 86.466766 0.988890 -0.093826 0.115294 9.639195 0.000000 0.000000 0.000000 1.000000
0.185894 0.050741 -0.981259 -1.775209 0.029063 0.997945 0.057110 86.138298 0.982140 -0.039135 0.184037 10.650570 0.000000 0.000000 0.000000 1.000000
0.294629 0.071477 -0.952935 -1.925024 -0.025134 0.997433 0.067043 86.252022 0.955281 0.004198 0.295670 11.241512 0.000000 0.000000 0.000000 1.000000
0.426275 0.095339 -0.899556 -2.087130 -0.091722 0.993861 0.061869 86.970566 0.899931 0.056136 0.432403 11.405925 0.000000 0.000000 0.000000 1.000000
0.558976 0.123162 -0.819986 -2.207475 -0.168765 0.985106 0.032917 88.013481 0.811828 0.119985 0.571436 11.364606 0.000000 0.000000 0.000000 1.000000
0.704052 0.153881 -0.693275 -2.261244 -0.239537 0.970488 -0.027848 89.679062 0.668530 0.185672 0.720134 10.986316 0.000000 0.000000 0.000000 1.000000
0.823796 0.173846 -0.539571 -2.167289 -0.271462 0.956565 -0.106259 91.347267 0.497663 0.234009 0.835208 10.547702 0.000000 0.000000 0.000000 1.000000
0.907229 0.165279 -0.386805 -1.841763 -0.251571 0.950180 -0.184041 92.582008 0.337116 0.264276 0.903610 10.245517 0.000000 0.000000 0.000000 1.000000
0.963249 0.143605 -0.226998 -1.420776 -0.198868 0.949344 -0.243305 93.644363 0.180560 0.279506 0.943014 9.994155 0.000000 0.000000 0.000000 1.000000
0.988928 0.121933 -0.084579 -1.033062 -0.140657 0.951855 -0.272374 94.408714 0.047296 0.281255 0.958467 9.894103 0.000000 0.000000 0.000000 1.000000
0.995320 0.096574 -0.003278 -0.745363 -0.093953 0.959266 -0.266425 94.523140 -0.022585 0.265486 0.963850 10.140099 0.000000 0.000000 0.000000 1.000000
0.996656 0.070041 0.042078 -0.526454 -0.057583 0.967441 -0.246458 94.214554 -0.057971 0.243210 0.968240 10.593197 0.000000 0.000000 0.000000 1.000000
0.994447 0.069599 0.078937 -0.461296 -0.049278 0.970724 -0.235090 93.591072 -0.092988 0.229895 0.968763 11.164024 0.000000 0.000000 0.000000 1.000000
0.993546 0.082908 0.077409 -0.344136 -0.063500 0.972039 -0.226072 92.863258 -0.093988 0.219697 0.971030 11.764704 0.000000 0.000000 0.000000 1.000000
0.994429 0.096932 0.041418 -0.124364 -0.085711 0.972274 -0.217569 92.268311 -0.061359 0.212807 0.975166 12.294439 0.000000 0.000000 0.000000 1.000000
0.992329 0.107199 -0.061571 0.335936 -0.117675 0.971719 -0.204731 92.049217 0.037883 0.210406 0.976880 12.682119 0.000000 0.000000 0.000000 1.000000
0.974155 0.109945 -0.197315 0.895720 -0.147149 0.971645 -0.185077 92.059090 0.171372 0.209329 0.962711 12.864794 0.000000 0.000000 0.000000 1.000000
0.933721 0.095830 -0.344938 1.496586 -0.160623 0.973226 -0.164413 92.279243 0.319947 0.208921 0.924114 12.732350 0.000000 0.000000 0.000000 1.000000
0.869904 0.073186 -0.487761 2.028519 -0.162831 0.976097 -0.143946 92.568115 0.465567 0.204641 0.861028 12.355154 0.000000 0.000000 0.000000 1.000000
0.794494 0.049556 -0.605247 2.319946 -0.157267 0.979454 -0.126246 92.765793 0.586555 0.195487 0.785963 11.736251 0.000000 0.000000 0.000000 1.000000
0.710569 0.025197 -0.703176 2.497132 -0.146230 0.982827 -0.112550 92.908638 0.688265 0.182800 0.702051 10.967488 0.000000 0.000000 0.000000 1.000000
0.636132 0.002913 -0.771575 2.544134 -0.134120 0.985187 -0.106857 92.876328 0.759834 0.171459 0.627099 10.033024 0.000000 0.000000 0.000000 1.000000
0.575366 -0.018226 -0.817693 2.588335 -0.121867 0.986681 -0.107744 92.623825 0.808766 0.161642 0.565482 8.975936 0.000000 0.000000 0.000000 1.000000
0.532119 -0.034016 -0.845986 2.606104 -0.110793 0.987803 -0.109406 92.153442 0.839389 0.151946 0.521860 7.840989 0.000000 0.000000 0.000000 1.000000
0.494009 -0.047283 -0.868170 2.590077 -0.099920 0.988817 -0.110710 91.632881 0.863696 0.141439 0.483760 6.692471 0.000000 0.000000 0.000000 1.000000
0.467191 -0.054315 -0.882487 2.431500 -0.088361 0.990246 -0.107726 91.079269 0.879730 0.128306 0.457835 5.553959 0.000000 0.000000 0.000000 1.000000
0.446978 -0.058508 -0.892629 2.141239 -0.076185 0.991743 -0.103154 90.613953 0.891295 0.114113 0.438830 4.517014 0.000000 0.000000 0.000000 1.000000
0.432784 -0.060348 -0.899476 1.756209 -0.064671 0.993108 -0.097746 90.319405 0.899175 0.100473 0.425898 3.639390 0.000000 0.000000 0.000000 1.000000
0.423632 -0.060161 -0.903834 1.348306 -0.054699 0.994272 -0.091819 90.225296 0.904181 0.088337 0.417915 2.929461 0.000000 0.000000 0.000000 1.000000
0.417677 -0.059318 -0.906657 0.956974 -0.046290 0.995182 -0.086435 90.308556 0.907415 0.078071 0.412919 2.347197 0.000000 0.000000 0.000000 1.000000
0.413932 -0.059176 -0.908382 0.597703 -0.038625 0.995844 -0.082474 90.509277 0.909488 0.069226 0.409926 1.861649 0.000000 0.000000 0.000000 1.000000
0.412027 -0.059947 -0.909197 0.268975 -0.031300 0.996313 -0.079875 90.759506 0.910634 0.061369 0.408632 1.465190 0.000000 0.000000 0.000000 1.000000
0.411877 -0.060974 -0.909197 -0.033952 -0.024939 0.996631 -0.078135 91.005463 0.910898 0.054856 0.408968 1.153905 0.000000 0.000000 0.000000 1.000000
0.413538 -0.061650 -0.908397 -0.310569 -0.020333 0.996831 -0.076908 91.213959 0.910260 0.050274 0.410974 0.912878 0.000000 0.000000 0.000000 1.000000</float_array><technique_common><accessor source="#mixamorig_Hips-Matrix-animation-output-transform-array" count="56" stride="16"><param type="float4x4"/></accessor></technique_common></source><source id="mixamorig_Hips-Interpolations"><Name_array id="mixamorig_Hips-Interpolations-array" count="56">
 LINEAR LINEAR LINEAR LINEAR LINEAR LINEAR LINEAR LINEAR LINEAR LINEAR LINEAR
LINEAR LINEAR LINEAR LINEAR LINEAR LINEAR LINEAR LINEAR LINEAR LINEAR LINEAR LINEAR
LINEAR LINEAR LINEAR LINEAR LINEAR LINEAR LINEAR LINEAR LINEAR LINEAR LINEAR LINEAR
LINEAR LINEAR LINEAR LINEAR LINEAR LINEAR LINEAR LINEAR LINEAR LINEAR LINEAR LINEAR
LINEAR LINEAR LINEAR LINEAR LINEAR LINEAR LINEAR LINEAR LINEAR</Name_array><technique_common><accessor source="#mixamorig_Hips-Interpolations-array" count="56"><param type="name"/></accessor></technique_common></source><sampler id="mixamorig_Hips-Matrix-animation-transform"><input semantic="INPUT" source="#mixamorig_Hips-Matrix-animation-input"/><input semantic="OUTPUT" source="#mixamorig_Hips-Matrix-animation-output-transform"/><input semantic="INTERPOLATION" source="#mixamorig_Hips-Interpolations"/></sampler><channel source="#mixamorig_Hips-Matrix-animation-transform" target="mixamorig_Hips/matrix"/><source id="mixamorig_Spine-Matrix-animation-input"><float_array id="mixamorig_Spine-Matrix-animation-input-array" count="56">

0.000000 0.033333 0.066667 0.100000 0.133333 0.166667 0.200000 0.233333 0.266667 0.300000 0.333333 0.366667 0.400000 0.433333 0.466667 0.500000
0.533333 0.566667 0.600000 0.633333 0.666667 0.700000 0.733333 0.766667 0.800000 0.833333 0.866667 0.900000 0.933333 0.966667 1.000000 1.033333
1.066667 1.100000 1.133333 1.166667 1.200000 1.233333 1.266667 1.300000 1.333333 1.366667 1.400000 1.433333 1.466667 1.500000 1.533333 1.566667
1.600000 1.633333 1.666667 1.700000 1.733333 1.766667 1.800000 1.833333</float_array><technique_common><accessor source="#mixamorig_Spine-Matrix-animation-input-array" count="56"><param name="TIME" type="float"/></accessor></technique_common></source><source id="mixamorig_Spine-Matrix-animation-output-transform"><float_array id="mixamorig_Spine-Matrix-animation-output-transform-array" count="896">

0.999227 0.005789 0.038874 -0.000100 -0.005887 0.999980 0.002424 10.113200 -0.038859 -0.002651 0.999241 0.131100 0.000000 0.000000 0.000000 1.000000
0.999215 0.005670 0.039196 -0.000100 -0.005773 0.999980 0.002506 10.113200 -0.039181 -0.002730 0.999228 0.131100 0.000000 0.000000 0.000000 1.000000
0.999203 0.005551 0.039518 -0.000100 -0.005658 0.999981 0.002588 10.113200 -0.039503 -0.002809 0.999215 0.131100 0.000000 0.000000 0.000000 1.000000
0.999192 0.005437 0.039829 -0.000100 -0.005546 0.999981 0.002638 10.113200 -0.039814 -0.002857 0.999203 0.131100 0.000000 0.000000 0.000000 1.000000
0.999182 0.005345 0.040080 -0.000100 -0.005451 0.999982 0.002521 10.113200 -0.040065 -0.002737 0.999193 0.131100 0.000000 0.000000 0.000000 1.000000
0.999168 0.005232 0.040457 -0.000100 -0.005335 0.999983 0.002430 10.113200 -0.040444 -0.002644 0.999178 0.131100 0.000000 0.000000 0.000000 1.000000
0.999154 0.005096 0.040820 -0.000100 -0.005199 0.999984 0.002418 10.113200 -0.040807 -0.002628 0.999164 0.131100 0.000000 0.000000 0.000000 1.000000
0.999145 0.005006 0.041048 -0.000100 -0.005117 0.999984 0.002603 10.113200 -0.041035 -0.002811 0.999154 0.131100 0.000000 0.000000 0.000000 1.000000
0.999136 0.004700 0.041284 -0.000100 -0.004822 0.999984 0.002857 10.113200 -0.041270 -0.003053 0.999143 0.131100 0.000000 0.000000 0.000000 1.000000
0.999115 0.003995 0.041863 -0.000100 -0.004128 0.999987 0.003103 10.113200 -0.041850 -0.003273 0.999119 0.131100 0.000000 0.000000 0.000000 1.000000
0.999111 0.002717 0.042079 -0.000100 -0.002859 0.999990 0.003303 10.113200 -0.042070 -0.003421 0.999109 0.131100 0.000000 0.000000 0.000000 1.000000
0.999138 0.000557 0.041519 -0.000100 -0.000697 0.999994 0.003347 10.113200 -0.041517 -0.003373 0.999132 0.131100 0.000000 0.000000 0.000000 1.000000
0.999211 -0.002258 0.039644 -0.000100 0.002127 0.999992 0.003348 10.113200 -0.039651 -0.003261 0.999208 0.131100 0.000000 0.000000 0.000000 1.000000
0.999351 -0.005745 0.035556 -0.000100 0.005628 0.999978 0.003388 10.113200 -0.035575 -0.003186 0.999362 0.131100 0.000000 0.000000 0.000000 1.000000
0.999507 -0.009479 0.029916 -0.000100 0.009381 0.999950 0.003405 10.113200 -0.029947 -0.003123 0.999547 0.131100 0.000000 0.000000 0.000000 1.000000
0.999649 -0.013053 0.023044 -0.000100 0.012979 0.999910 0.003326 10.113200 -0.023085 -0.003026 0.999729 0.131100 0.000000 0.000000 0.000000 1.000000
0.999752 -0.016430 0.015057 -0.000100 0.016382 0.999860 0.003321 10.113200 -0.015109 -0.003073 0.999881 0.131100 0.000000 0.000000 0.000000 1.000000
0.999795 -0.019407 0.005815 -0.000100 0.019388 0.999806 0.003454 10.113200 -0.005881 -0.003340 0.999977 0.131100 0.000000 0.000000 0.000000 1.000000
0.999750 -0.022056 -0.003601 -0.000100 0.022070 0.999748 0.004017 10.113200 0.003511 -0.004095 0.999985 0.131100 0.000000 0.000000 0.000000 1.000000
0.999626 -0.024493 -0.012197 -0.000100 0.024554 0.999686 0.004927 10.113200 0.012072 -0.005225 0.999913 0.131100 0.000000 0.000000 0.000000 1.000000
0.999456 -0.026334 -0.019861 -0.000100 0.026486 0.999622 0.007413 10.113200 0.019658 -0.007935 0.999775 0.131100 0.000000 0.000000 0.000000 1.000000
0.999277 -0.027505 -0.026249 -0.000100 0.027837 0.999536 0.012352 10.113200 0.025897 -0.013074 0.999579 0.131100 0.000000 0.000000 0.000000 1.000000
0.999086 -0.028237 -0.032082 -0.000100 0.028837 0.999415 0.018396 10.113200 0.031544 -0.019304 0.999316 0.131100 0.000000 0.000000 0.000000 1.000000
0.998881 -0.028217 -0.037942 -0.000100 0.029173 0.999264 0.024895 10.113200 0.037212 -0.025974 0.998970 0.131100 0.000000 0.000000 0.000000 1.000000
0.998726 -0.024596 -0.044060 -0.000100 0.026084 0.999097 0.033525 10.113200 0.043195 -0.034631 0.998466 0.131100 0.000000 0.000000 0.000000 1.000000
0.998722 -0.017124 -0.047560 -0.000100 0.019164 0.998901 0.042770 10.113200 0.046775 -0.043627 0.997952 0.131100 0.000000 0.000000 0.000000 1.000000
0.998888 -0.008275 -0.046408 -0.000100 0.010627 0.998659 0.050667 10.113200 0.045926 -0.051104 0.997637 0.131100 0.000000 0.000000 0.000000 1.000000
0.999320 0.003185 -0.036728 -0.000100 -0.001124 0.998429 0.056015 10.113200 0.036848 -0.055936 0.997754 0.131100 0.000000 0.000000 0.000000 1.000000
0.999745 0.012677 -0.018688 -0.000100 -0.011607 0.998347 0.056285 10.113200 0.019371 -0.056054 0.998240 0.131100 0.000000 0.000000 0.000000 1.000000
0.999816 0.017305 0.008271 -0.000100 -0.017694 0.998616 0.049535 10.113200 -0.007402 -0.049672 0.998738 0.131100 0.000000 0.000000 0.000000 1.000000
0.999024 0.020322 0.039222 -0.000100 -0.021876 0.998976 0.039610 10.113200 -0.038377 -0.040429 0.998445 0.131100 0.000000 0.000000 0.000000 1.000000
0.997418 0.021634 0.068473 -0.000100 -0.023693 0.999287 0.029406 10.113200 -0.067788 -0.030952 0.997219 0.131100 0.000000 0.000000 0.000000 1.000000
0.995386 0.018436 0.094167 -0.000100 -0.020358 0.999603 0.019495 10.113200 -0.093771 -0.021322 0.995365 0.131100 0.000000 0.000000 0.000000 1.000000
0.993350 0.012840 0.114414 -0.000100 -0.014156 0.999843 0.010694 10.113200 -0.114259 -0.012243 0.993376 0.131100 0.000000 0.000000 0.000000 1.000000
0.993322 0.006998 0.115161 -0.000100 -0.007856 0.999945 0.007006 10.113200 -0.115105 -0.007864 0.993322 0.131100 0.000000 0.000000 0.000000 1.000000
0.994579 0.005030 0.103861 -0.000100 -0.005492 0.999976 0.004170 10.113200 -0.103837 -0.004718 0.994583 0.131100 0.000000 0.000000 0.000000 1.000000
0.995837 0.005054 0.091009 -0.000100 -0.005266 0.999984 0.002088 10.113200 -0.090997 -0.002559 0.995848 0.131100 0.000000 0.000000 0.000000 1.000000
0.996698 0.008457 0.080755 -0.000100 -0.008608 0.999962 0.001522 10.113200 -0.080739 -0.002212 0.996733 0.131100 0.000000 0.000000 0.000000 1.000000
0.997348 0.012963 0.071622 -0.000100 -0.013130 0.999912 0.001871 10.113200 -0.071591 -0.002807 0.997430 0.131100 0.000000 0.000000 0.000000 1.000000
0.997862 0.016665 0.063196 -0.000100 -0.016885 0.999853 0.002958 10.113200 -0.063137 -0.004018 0.997997 0.131100 0.000000 0.000000 0.000000 1.000000
0.998212 0.019704 0.056439 -0.000100 -0.019956 0.999793 0.003907 10.113200 -0.056350 -0.005026 0.998398 0.131100 0.000000 0.000000 0.000000 1.000000
0.998383 0.021351 0.052680 -0.000100 -0.021559 0.999762 0.003390 10.113200 -0.052595 -0.004521 0.998606 0.131100 0.000000 0.000000 0.000000 1.000000
0.998485 0.022191 0.050350 -0.000100 -0.022346 0.999747 0.002514 10.113200 -0.050282 -0.003636 0.998728 0.131100 0.000000 0.000000 0.000000 1.000000
0.998556 0.021832 0.049075 -0.000100 -0.021971 0.999756 0.002304 10.113200 -0.049013 -0.003378 0.998792 0.131100 0.000000 0.000000 0.000000 1.000000
0.998655 0.020095 0.047802 -0.000100 -0.020214 0.999794 0.002023 10.113200 -0.047751 -0.002986 0.998855 0.131100 0.000000 0.000000 0.000000 1.000000
0.998762 0.017232 0.046662 -0.000100 -0.017275 0.999851 0.000514 10.113200 -0.046646 -0.001320 0.998911 0.131100 0.000000 0.000000 0.000000 1.000000
0.998862 0.014410 0.045466 -0.000100 -0.014368 0.999896 -0.001240 10.113200 -0.045479 0.000586 0.998965 0.131100 0.000000 0.000000 0.000000 1.000000
0.998956 0.012925 0.043811 -0.000100 -0.012807 0.999914 -0.002974 10.113200 -0.043846 0.002410 0.999035 0.131100 0.000000 0.000000 0.000000 1.000000
0.999055 0.012265 0.041686 -0.000100 -0.012123 0.999920 -0.003670 10.113200 -0.041728 0.003161 0.999124 0.131100 0.000000 0.000000 0.000000 1.000000
0.999142 0.011707 0.039715 -0.000100 -0.011567 0.999926 -0.003753 10.113200 -0.039756 0.003291 0.999204 0.131100 0.000000 0.000000 0.000000 1.000000
0.999204 0.010738 0.038423 -0.000100 -0.010597 0.999936 -0.003868 10.113200 -0.038462 0.003458 0.999254 0.131100 0.000000 0.000000 0.000000 1.000000
0.999245 0.009464 0.037687 -0.000100 -0.009316 0.999948 -0.004107 10.113200 -0.037724 0.003753 0.999281 0.131100 0.000000 0.000000 0.000000 1.000000
0.999271 0.008387 0.037254 -0.000100 -0.008242 0.999958 -0.004032 10.113200 -0.037286 0.003722 0.999298 0.131100 0.000000 0.000000 0.000000 1.000000
0.999280 0.007911 0.037094 -0.000100 -0.007789 0.999964 -0.003430 10.113200 -0.037120 0.003138 0.999306 0.131100 0.000000 0.000000 0.000000 1.000000
0.999278 0.007855 0.037164 -0.000100 -0.007771 0.999967 -0.002426 10.113200 -0.037182 0.002135 0.999306 0.131100 0.000000 0.000000 0.000000 1.000000
0.999272 0.007738 0.037369 -0.000100 -0.007694 0.999970 -0.001314 10.113200 -0.037378 0.001025 0.999301 0.131100 0.000000 0.000000 0.000000 1.000000</float_array><technique_common><accessor source="#mixamorig_Spine-Matrix-animation-output-transform-array" count="56" stride="16"><param type="float4x4"/></accessor></technique_common></source><source id="mixamorig_Spine-Interpolations"><Name_array id="mixamorig_Spine-Interpolations-array" count="56">
 LINEAR LINEAR LINEAR LINEAR LINEAR LINEAR LINEAR LINEAR LINEAR LINEAR LINEAR
LINEAR LINEAR LINEAR LINEAR LINEAR LINEAR LINEAR LINEAR LINEAR LINEAR LINEAR LINEAR
LINEAR LINEAR LINEAR LINEAR LINEAR LINEAR LINEAR LINEAR LINEAR LINEAR LINEAR LINEAR
LINEAR LINEAR LINEAR LINEAR LINEAR LINEAR LINEAR LINEAR LINEAR LINEAR LINEAR LINEAR
LINEAR LINEAR LINEAR LINEAR LINEAR LINEAR LINEAR LINEAR LINEAR</Name_array><technique_common><accessor source="#mixamorig_Spine-Interpolations-array" count="56"><param type="name"/></accessor></technique_common></source><sampler id="mixamorig_Spine-Matrix-animation-transform"><input semantic="INPUT" source="#mixamorig_Spine-Matrix-animation-input"/><input semantic="OUTPUT" source="#mixamorig_Spine-Matrix-animation-output-transform"/><input semantic="INTERPOLATION" source="#mixamorig_Spine-Interpolations"/></sampler><channel source="#mixamorig_Spine-Matrix-animation-transform" target="mixamorig_Spine/matrix"/><source id="mixamorig_Spine1-Matrix-animation-input"><float_array id="mixamorig_Spine1-Matrix-animation-input-array" count="56">

0.000000 0.033333 0.066667 0.100000 0.133333 0.166667 0.200000 0.233333 0.266667 0.300000 0.333333 0.366667 0.400000 0.433333 0.466667 0.500000
0.533333 0.566667 0.600000 0.633333 0.666667 0.700000 0.733333 0.766667 0.800000 0.833333 0.866667 0.900000 0.933333 0.966667 1.000000 1.033333
1.066667 1.100000 1.133333 1.166667 1.200000 1.233333 1.266667 1.300000 1.333333 1.366667 1.400000 1.433333 1.466667 1.500000 1.533333 1.566667
1.600000 1.633333 1.666667 1.700000 1.733333 1.766667 1.800000 1.833333</float_array><technique_common><accessor source="#mixamorig_Spine1-Matrix-animation-input-array" count="56"><param name="TIME" type="float"/></accessor></technique_common></source><source id="mixamorig_Spine1-Matrix-animation-output-transform"><float_array id="mixamorig_Spine1-Matrix-animation-output-transform-array" count="896">

0.998664 -0.028778 0.042913 0.000000 0.031790 0.996952 -0.071245 10.065200 -0.040732 0.072514 0.996535 -0.000000 0.000000 0.000000 0.000000 1.000000
0.998637 -0.029145 0.043301 -0.000000 0.032178 0.996951 -0.071083 10.065200 -0.041097 0.072380 0.996530 0.000000 0.000000 0.000000 0.000000 1.000000
0.998609 -0.029512 0.043689 0.000000 0.032566 0.996950 -0.070922 10.065200 -0.041463 0.072246 0.996525 0.000000 0.000000 0.000000 0.000000 1.000000
0.998581 -0.029901 0.044065 0.000000 0.032976 0.996946 -0.070796 10.065200 -0.041814 0.072149 0.996517 -0.000000 0.000000 0.000000 0.000000 1.000000
0.998552 -0.030404 0.044381 -0.000000 0.033504 0.996923 -0.070860 10.065200 -0.042090 0.072244 0.996498 -0.000000 0.000000 0.000000 0.000000 1.000000
0.998514 -0.030889 0.044894 0.000000 0.034025 0.996906 -0.070862 10.065200 -0.042566 0.072284 0.996475 0.000000 0.000000 0.000000 0.000000 1.000000
0.998476 -0.031358 0.045416 0.000000 0.034526 0.996898 -0.070732 10.065200 -0.043057 0.072192 0.996461 0.000000 0.000000 0.000000 0.000000 1.000000
0.998451 -0.031557 0.045833 0.000000 0.034734 0.996924 -0.070257 10.065200 -0.043475 0.071740 0.996475 0.000000 0.000000 0.000000 0.000000 1.000000
0.998410 -0.032220 0.046246 -0.000000 0.035402 0.996938 -0.069729 10.065200 -0.043858 0.071255 0.996493 0.000000 0.000000 0.000000 0.000000 1.000000
0.998311 -0.034155 0.046986 0.000000 0.037372 0.996889 -0.069389 10.065200 -0.044470 0.071028 0.996483 0.000000 0.000000 0.000000 0.000000 1.000000
0.998202 -0.036886 0.047253 0.000000 0.040108 0.996799 -0.069163 10.065200 -0.044550 0.070934 0.996486 -0.000000 0.000000 0.000000 0.000000 1.000000
0.998099 -0.040363 0.046568 -0.000000 0.043525 0.996666 -0.069007 10.065200 -0.043627 0.070903 0.996529 -0.000000 0.000000 0.000000 0.000000 1.000000
0.998044 -0.044112 0.044301 -0.000000 0.047111 0.996496 -0.069113 10.065200 -0.041097 0.071065 0.996625 0.000000 0.000000 0.000000 0.000000 1.000000
0.998087 -0.047633 0.039424 0.000000 0.050304 0.996292 -0.069797 10.065200 -0.035953 0.071646 0.996782 0.000000 0.000000 0.000000 0.000000 1.000000
0.998166 -0.050975 0.032661 0.000000 0.053181 0.996081 -0.070672 10.065200 -0.028931 0.072279 0.996965 -0.000000 0.000000 0.000000 0.000000 1.000000
0.998240 -0.054076 0.024345 -0.000000 0.055694 0.995879 -0.071575 10.065200 -0.020374 0.072805 0.997138 0.000000 0.000000 0.000000 0.000000 1.000000
0.998282 -0.056739 0.014603 -0.000000 0.057648 0.995730 -0.072102 10.065200 -0.010449 0.072820 0.997290 0.000000 0.000000 0.000000 0.000000 1.000000
0.998261 -0.058864 0.003190 -0.000000 0.058941 0.995675 -0.071809 10.065200 0.001051 0.071872 0.997413 0.000000 0.000000 0.000000 0.000000 1.000000
0.998163 -0.059998 -0.008462 0.000000 0.059254 0.995745 -0.070579 10.065200 0.012660 0.069948 0.997470 0.000000 0.000000 0.000000 0.000000 1.000000
0.998028 -0.059813 -0.019016 0.000000 0.058384 0.995946 -0.068424 10.065200 0.023032 0.067179 0.997475 -0.000000 0.000000 0.000000 0.000000 1.000000
0.997922 -0.057836 -0.028388 0.000000 0.055913 0.996354 -0.064433 10.065200 0.032011 0.062712 0.997518 0.000000 0.000000 0.000000 0.000000 1.000000
0.997878 -0.054138 -0.036168 0.000000 0.051986 0.996962 -0.058009 10.065200 0.039199 0.056006 0.997661 0.000000 0.000000 0.000000 0.000000 1.000000
0.997846 -0.049380 -0.043180 0.000000 0.047187 0.997613 -0.050421 10.065200 0.045567 0.048275 0.997794 -0.000000 0.000000 0.000000 0.000000 1.000000
0.997812 -0.043184 -0.050064 -0.000000 0.041072 0.998253 -0.042475 10.065200 0.051811 0.040326 0.997842 0.000000 0.000000 0.000000 0.000000 1.000000
0.997936 -0.030091 -0.056725 0.000000 0.028236 0.999049 -0.033233 10.065200 0.057671 0.031563 0.997837 -0.000000 0.000000 0.000000 0.000000 1.000000
0.998184 -0.009155 -0.059547 0.000000 0.007615 0.999632 -0.026042 10.065200 0.059763 0.025541 0.997886 0.000000 0.000000 0.000000 0.000000 1.000000
0.998305 0.011354 -0.057075 0.000000 -0.012565 0.999702 -0.020914 10.065200 0.056821 0.021596 0.998151 -0.000000 0.000000 0.000000 0.000000 1.000000
0.998494 0.030089 -0.045864 0.000000 -0.031087 0.999292 -0.021197 10.065200 0.045194 0.022591 0.998723 -0.000000 0.000000 0.000000 0.000000 1.000000
0.998920 0.039216 -0.024930 -0.000000 -0.039769 0.998965 -0.022087 10.065200 0.024038 0.023055 0.999445 -0.000000 0.000000 0.000000 0.000000 1.000000
0.999496 0.030869 0.007460 0.000000 -0.030727 0.999358 -0.018432 10.065200 -0.008025 0.018194 0.999802 0.000000 0.000000 0.000000 0.000000 1.000000
0.998883 0.014941 0.044818 0.000000 -0.014409 0.999822 -0.012180 10.065200 -0.044992 0.011521 0.998921 -0.000000 0.000000 0.000000 0.000000 1.000000
0.996762 -0.000568 0.080410 -0.000000 0.000997 0.999985 -0.005298 10.065200 -0.080406 0.005361 0.996748 0.000000 0.000000 0.000000 0.000000 1.000000
0.993558 -0.012655 0.112616 -0.000000 0.012619 0.999920 0.001029 10.065200 -0.112620 0.000399 0.993638 0.000000 0.000000 0.000000 0.000000 1.000000
0.990131 -0.021908 0.138420 0.000000 0.021365 0.999757 0.005406 10.065200 -0.138505 -0.002395 0.990359 -0.000000 0.000000 0.000000 0.000000 1.000000
0.989910 -0.020455 0.140213 0.000000 0.020676 0.999786 -0.000115 10.065200 -0.140181 0.003013 0.990121 -0.000000 0.000000 0.000000 0.000000 1.000000
0.991915 -0.015972 0.125893 0.000000 0.017831 0.999748 -0.013655 10.065200 -0.125643 0.015789 0.991950 0.000000 0.000000 0.000000 0.000000 1.000000
0.993942 -0.010672 0.109383 0.000000 0.013791 0.999518 -0.027800 10.065200 -0.109033 0.029140 0.993611 0.000000 0.000000 0.000000 0.000000 1.000000
0.995359 -0.003841 0.096150 -0.000000 0.007693 0.999181 -0.039725 10.065200 -0.095919 0.040280 0.994574 -0.000000 0.000000 0.000000 0.000000 1.000000
0.996424 0.003095 0.084436 -0.000000 0.001097 0.998771 -0.049554 10.065200 -0.084485 0.049469 0.995196 -0.000000 0.000000 0.000000 0.000000 1.000000
0.997208 0.009140 0.074111 0.000000 -0.004969 0.998403 -0.056266 10.065200 -0.074507 0.055741 0.995661 0.000000 0.000000 0.000000 0.000000 1.000000
0.997721 0.013770 0.066059 0.000000 -0.009751 0.998103 -0.060784 10.065200 -0.066770 0.060001 0.995963 0.000000 0.000000 0.000000 0.000000 1.000000
0.997967 0.015682 0.061774 -0.000000 -0.011748 0.997910 -0.063539 10.065200 -0.062641 0.062684 0.996066 0.000000 0.000000 0.000000 0.000000 1.000000
0.998115 0.016043 0.059233 -0.000000 -0.012174 0.997804 -0.065108 10.065200 -0.060147 0.064264 0.996119 0.000000 0.000000 0.000000 0.000000 1.000000
0.998245 0.014051 0.057533 0.000000 -0.010288 0.997820 -0.065191 10.065200 -0.058323 0.064485 0.996213 -0.000000 0.000000 0.000000 0.000000 1.000000
0.998413 0.009417 0.055523 0.000000 -0.005740 0.997802 -0.066024 10.065200 -0.056022 0.065601 0.996272 0.000000 0.000000 0.000000 0.000000 1.000000
0.998558 0.002734 0.053617 0.000000 0.000969 0.997621 -0.068924 10.065200 -0.053678 0.068876 0.996180 0.000000 0.000000 0.000000 0.000000 1.000000
0.998654 -0.003943 0.051713 0.000000 0.007684 0.997351 -0.072338 10.065200 -0.051290 0.072638 0.996039 0.000000 0.000000 0.000000 0.000000 1.000000
0.998737 -0.008495 0.049530 0.000000 0.012257 0.997021 -0.076155 10.065200 -0.048736 0.076666 0.995865 0.000000 0.000000 0.000000 0.000000 1.000000
0.998834 -0.011792 0.046821 0.000000 0.015454 0.996783 -0.078642 10.065200 -0.045743 0.079274 0.995803 -0.000000 0.000000 0.000000 0.000000 1.000000
0.998907 -0.015074 0.044252 0.000000 0.018572 0.996642 -0.079750 10.065200 -0.042902 0.080485 0.995832 0.000000 0.000000 0.000000 0.000000 1.000000
0.998924 -0.018594 0.042498 0.000000 0.021961 0.996537 -0.080195 10.065200 -0.040860 0.081042 0.995873 0.000000 0.000000 0.000000 0.000000 1.000000
0.998904 -0.021595 0.041516 0.000000 0.024878 0.996462 -0.080276 10.065200 -0.039636 0.081221 0.995908 0.000000 0.000000 0.000000 0.000000 1.000000
0.998882 -0.023527 0.041010 0.000000 0.026744 0.996457 -0.079737 10.065200 -0.038989 0.080744 0.995972 -0.000000 0.000000 0.000000 0.000000 1.000000
0.998861 -0.024661 0.040854 -0.000000 0.027814 0.996527 -0.078488 10.065200 -0.038776 0.079535 0.996078 0.000000 0.000000 0.000000 0.000000 1.000000
0.998834 -0.025647 0.040907 0.000000 0.028736 0.996632 -0.076801 10.065200 -0.038800 0.077887 0.996207 0.000000 0.000000 0.000000 0.000000 1.000000
0.998799 -0.026705 0.041089 -0.000000 0.029744 0.996725 -0.075199 10.065200 -0.038946 0.076331 0.996322 0.000000 0.000000 0.000000 0.000000 1.000000</float_array><technique_common><accessor source="#mixamorig_Spine1-Matrix-animation-output-transform-array" count="56" stride="16"><param type="float4x4"/></accessor></technique_common></source><source id="mixamorig_Spine1-Interpolations"><Name_array id="mixamorig_Spine1-Interpolations-array" count="56">
 LINEAR LINEAR LINEAR LINEAR LINEAR LINEAR LINEAR LINEAR LINEAR LINEAR LINEAR
LINEAR LINEAR LINEAR LINEAR LINEAR LINEAR LINEAR LINEAR LINEAR LINEAR LINEAR LINEAR
LINEAR LINEAR LINEAR LINEAR LINEAR LINEAR LINEAR LINEAR LINEAR LINEAR LINEAR LINEAR
LINEAR LINEAR LINEAR LINEAR LINEAR LINEAR LINEAR LINEAR LINEAR LINEAR LINEAR LINEAR
LINEAR LINEAR LINEAR LINEAR LINEAR LINEAR LINEAR LINEAR LINEAR</Name_array><technique_common><accessor source="#mixamorig_Spine1-Interpolations-array" count="56"><param type="name"/></accessor></technique_common></source><sampler id="mixamorig_Spine1-Matrix-animation-transform"><input semantic="INPUT" source="#mixamorig_Spine1-Matrix-animation-input"/><input semantic="OUTPUT" source="#mixamorig_Spine1-Matrix-animation-output-transform"/><input semantic="INTERPOLATION" source="#mixamorig_Spine1-Interpolations"/></sampler><channel source="#mixamorig_Spine1-Matrix-animation-transform" target="mixamorig_Spine1/matrix"/><source id="mixamorig_Spine2-Matrix-animation-input"><float_array id="mixamorig_Spine2-Matrix-animation-input-array" count="56">

0.000000 0.033333 0.066667 0.100000 0.133333 0.166667 0.200000 0.233333 0.266667 0.300000 0.333333 0.366667 0.400000 0.433333 0.466667 0.500000
0.533333 0.566667 0.600000 0.633333 0.666667 0.700000 0.733333 0.766667 0.800000 0.833333 0.866667 0.900000 0.933333 0.966667 1.000000 1.033333
1.066667 1.100000 1.133333 1.166667 1.200000 1.233333 1.266667 1.300000 1.333333 1.366667 1.400000 1.433333 1.466667 1.500000 1.533333 1.566667
1.600000 1.633333 1.666667 1.700000 1.733333 1.766667 1.800000 1.833333</float_array><technique_common><accessor source="#mixamorig_Spine2-Matrix-animation-input-array" count="56"><param name="TIME" type="float"/></accessor></technique_common></source><source id="mixamorig_Spine2-Matrix-animation-output-transform"><float_array id="mixamorig_Spine2-Matrix-animation-output-transform-array" count="896">

0.998399 -0.029271 0.048399 0.000000 0.034917 0.992129 -0.120251 9.142000 -0.044498 0.121748 0.991563 0.000000 0.000000 0.000000 0.000000 1.000000
0.998369 -0.029637 0.048786 0.000000 0.035320 0.992137 -0.120073 9.142000 -0.044844 0.121601 0.991566 0.000000 0.000000 0.000000 0.000000 1.000000
0.998340 -0.030004 0.049173 -0.000000 0.035723 0.992144 -0.119896 9.142000 -0.045189 0.121453 0.991568 0.000000 0.000000 0.000000 0.000000 1.000000
0.998309 -0.030391 0.049550 0.000000 0.036147 0.992145 -0.119753 9.142000 -0.045522 0.121342 0.991566 -0.000000 0.000000 0.000000 0.000000 1.000000
0.998277 -0.030892 0.049878 -0.000000 0.036687 0.992120 -0.119800 9.142000 -0.045784 0.121424 0.991544 0.000000 0.000000 0.000000 0.000000 1.000000
0.998237 -0.031371 0.050383 0.000000 0.037224 0.992102 -0.119787 9.142000 -0.046227 0.121451 0.991520 0.000000 0.000000 0.000000 0.000000 1.000000
0.998197 -0.031830 0.050881 0.000000 0.037734 0.992099 -0.119646 9.142000 -0.046671 0.121351 0.991512 0.000000 0.000000 0.000000 0.000000 1.000000
0.998174 -0.032009 0.051228 -0.000000 0.037932 0.992148 -0.119181 9.142000 -0.047011 0.120907 0.991550 0.000000 0.000000 0.000000 0.000000 1.000000
0.998134 -0.032654 0.051596 -0.000000 0.038593 0.992186 -0.118648 9.142000 -0.047319 0.120418 0.991595 0.000000 0.000000 0.000000 0.000000 1.000000
0.998027 -0.034592 0.052406 0.000000 0.040597 0.992155 -0.118241 9.142000 -0.047904 0.120135 0.991601 0.000000 0.000000 0.000000 0.000000 1.000000
0.997909 -0.037327 0.052760 0.000000 0.043345 0.992073 -0.117952 9.142000 -0.047939 0.119993 0.991617 -0.000000 0.000000 0.000000 0.000000 1.000000
0.997807 -0.040794 0.052127 0.000000 0.046708 0.991941 -0.117781 9.142000 -0.046902 0.119957 0.991671 0.000000 0.000000 0.000000 0.000000 1.000000
0.997764 -0.044528 0.049838 0.000000 0.050151 0.991753 -0.117946 9.142000 -0.044175 0.120182 0.991769 -0.000000 0.000000 0.000000 0.000000 1.000000
0.997842 -0.048037 0.044771 0.000000 0.053063 0.991496 -0.118827 9.142000 -0.038682 0.120946 0.991905 0.000000 0.000000 0.000000 0.000000 1.000000
0.997966 -0.051360 0.037760 0.000000 0.055552 0.991222 -0.119971 9.142000 -0.031267 0.121824 0.992059 -0.000000 0.000000 0.000000 0.000000 1.000000
0.998090 -0.054423 0.029220 0.000000 0.057581 0.990961 -0.121166 9.142000 -0.022362 0.122618 0.992202 0.000000 0.000000 0.000000 0.000000 1.000000
0.998186 -0.057048 0.019265 0.000000 0.058980 0.990775 -0.122011 9.142000 -0.012126 0.122925 0.992342 0.000000 0.000000 0.000000 0.000000 1.000000
0.998219 -0.059154 0.007698 -0.000000 0.059652 0.990729 -0.122060 9.142000 -0.000406 0.122301 0.992493 0.000000 0.000000 0.000000 0.000000 1.000000
0.998173 -0.060280 -0.004154 -0.000000 0.059334 0.990859 -0.121154 9.142000 0.011419 0.120686 0.992625 0.000000 0.000000 0.000000 0.000000 1.000000
0.998079 -0.060090 -0.015060 0.000000 0.057874 0.991173 -0.119275 9.142000 0.022094 0.118174 0.992747 0.000000 0.000000 0.000000 0.000000 1.000000
0.998000 -0.058103 -0.024899 0.000000 0.054861 0.991793 -0.115484 9.142000 0.031405 0.113887 0.992997 -0.000000 0.000000 0.000000 0.000000 1.000000
0.997967 -0.054383 -0.033236 0.000000 0.050462 0.992742 -0.109166 9.142000 0.038932 0.107267 0.993468 0.000000 0.000000 0.000000 0.000000 1.000000
0.997934 -0.049587 -0.040855 0.000000 0.045220 0.993794 -0.101630 9.142000 0.045641 0.099572 0.993983 0.000000 0.000000 0.000000 0.000000 1.000000
0.997889 -0.043325 -0.048379 0.000000 0.038652 0.994851 -0.093685 9.142000 0.052189 0.091617 0.994426 0.000000 0.000000 0.000000 0.000000 1.000000
0.997987 -0.030058 -0.055841 0.000000 0.025289 0.996125 -0.084233 9.142000 0.058157 0.082651 0.994880 0.000000 0.000000 0.000000 0.000000 1.000000
0.998195 -0.008720 -0.059424 -0.000000 0.004156 0.997061 -0.076504 9.142000 0.059916 0.076119 0.995297 0.000000 0.000000 0.000000 0.000000 1.000000
0.998281 0.012127 -0.057337 0.000000 -0.016187 0.997353 -0.070887 9.142000 0.056325 0.071693 0.995835 0.000000 0.000000 0.000000 0.000000 1.000000
0.998488 0.030754 -0.045562 0.000000 -0.033951 0.996888 -0.071138 9.142000 0.043233 0.072578 0.996425 -0.000000 0.000000 0.000000 0.000000 1.000000
0.998920 0.039908 -0.023788 -0.000000 -0.041527 0.996540 -0.071991 9.142000 0.020833 0.072901 0.997122 0.000000 0.000000 0.000000 0.000000 1.000000
0.999448 0.031911 0.009211 0.000000 -0.031213 0.997200 -0.067948 9.142000 -0.011353 0.067623 0.997646 0.000000 0.000000 0.000000 0.000000 1.000000
0.998752 0.016491 0.047134 0.000000 -0.013594 0.998037 -0.061134 9.142000 -0.048049 0.060417 0.997016 0.000000 0.000000 0.000000 0.000000 1.000000
0.996525 0.002124 0.083267 0.000000 0.002348 0.998561 -0.053577 9.142000 -0.083261 0.053587 0.995086 0.000000 0.000000 0.000000 0.000000 1.000000
0.993215 -0.006970 0.116081 -0.000000 0.012429 0.998847 -0.046365 9.142000 -0.115624 0.047493 0.992157 0.000000 0.000000 0.000000 0.000000 1.000000
0.989730 -0.013026 0.142353 -0.000000 0.019115 0.998956 -0.041489 9.142000 -0.141664 0.043784 0.988946 -0.000000 0.000000 0.000000 0.000000 1.000000
0.989541 -0.011424 0.143796 0.000000 0.018524 0.998669 -0.048133 9.142000 -0.143055 0.050293 0.988436 -0.000000 0.000000 0.000000 0.000000 1.000000
0.991584 -0.008871 0.129158 0.000000 0.017035 0.997916 -0.062244 9.142000 -0.128337 0.063921 0.989669 0.000000 0.000000 0.000000 0.000000 1.000000
0.993644 -0.005769 0.112421 -0.000000 0.014474 0.996943 -0.076776 9.142000 -0.111634 0.077915 0.990690 -0.000000 0.000000 0.000000 0.000000 1.000000
0.995081 -0.000687 0.099061 0.000000 0.009525 0.996006 -0.088771 9.142000 -0.098605 0.089278 0.991114 0.000000 0.000000 0.000000 0.000000 1.000000
0.996173 0.004846 0.087264 -0.000000 0.003797 0.995119 -0.098613 9.142000 -0.087316 0.098567 0.991292 0.000000 0.000000 0.000000 0.000000 1.000000
0.996996 0.010000 0.076808 0.000000 -0.001840 0.994409 -0.105577 9.142000 -0.077434 0.105119 0.991440 0.000000 0.000000 0.000000 0.000000 1.000000
0.997540 0.014102 0.068670 0.000000 -0.006454 0.993873 -0.110341 9.142000 -0.069805 0.109626 0.991519 -0.000000 0.000000 0.000000 0.000000 1.000000
0.997796 0.015818 0.064450 0.000000 -0.008441 0.993540 -0.113170 9.142000 -0.065824 0.112377 0.991483 0.000000 0.000000 0.000000 0.000000 1.000000
0.997941 0.016149 0.062071 -0.000000 -0.008939 0.993356 -0.114733 9.142000 -0.063511 0.113941 0.991455 -0.000000 0.000000 0.000000 0.000000 1.000000
0.998054 0.014125 0.060741 -0.000000 -0.007079 0.993376 -0.114688 9.142000 -0.061959 0.114035 0.991543 -0.000000 0.000000 0.000000 0.000000 1.000000
0.998201 0.009412 0.059217 0.000000 -0.002521 0.993319 -0.115377 9.142000 -0.059908 0.115020 0.991555 0.000000 0.000000 0.000000 0.000000 1.000000
0.998323 0.002625 0.057834 -0.000000 0.004234 0.992987 -0.118148 9.142000 -0.057738 0.118194 0.991310 0.000000 0.000000 0.000000 0.000000 1.000000
