<?xml version="1.0" encoding="utf-8"?>
<COLLADA xmlns="http://www.collada.org/2005/11/COLLADASchema" version="1.4.1">
  <asset><contributor><author>Mixamo</author><authoring_tool>COLLADA Mixamo exporter</authoring_tool><comments></comments></contributor><created>2018-01-13T15:08:20Z</created><modified>2018-01-13T15:08:20Z</modified><revision></revision><title></title><unit meter="0.010000"/><up_axis>Y_UP</up_axis></asset>
  <library_animations>
    <animation id="mixamorig_Hips-anim" name="mixamorig_Hips"><source id="mixamorig_Hips-Matrix-animation-input"><float_array id="mixamorig_Hips-Matrix-animation-input-array" count="51">

0.000000 0.033333 0.066667 0.100000 0.133333 0.166667 0.200000 0.233333 0.266667 0.300000 0.333333 0.366667 0.400000 0.433333 0.466667 0.500000
0.533333 0.566667 0.600000 0.633333 0.666667 0.700000 0.733333 0.766667 0.800000 0.833333 0.866667 0.900000 0.933333 0.966667 1.000000 1.033333
1.066667 1.100000 1.133333 1.166667 1.200000 1.233333 1.266667 1.300000 1.333333 1.366667 1.400000 1.433333 1.466667 1.500000 1.533333 1.566667
1.600000 1.633333 1.666667</float_array><technique_common><accessor source="#mixamorig_Hips-Matrix-animation-input-array" count="51"><param name="TIME" type="float"/></accessor></technique_common></source><source id="mixamorig_Hips-Matrix-animation-output-transform"><float_array id="mixamorig_Hips-Matrix-animation-output-transform-array" count="816">

0.527783 -0.076661 -0.845913 0.195348 0.013340 0.996544 -0.081988 87.008057 0.849274 0.031988 0.526982 -0.297859 0.000000 0.000000 0.000000 1.000000
0.522038 -0.082594 -0.848914 0.230580 0.020116 0.996216 -0.084555 87.174591 0.852685 0.027064 0.521724 -0.506511 0.000000 0.000000 0.000000 1.000000
0.516185 -0.088465 -0.851896 0.265813 0.026742 0.995831 -0.087209 87.341118 0.856059 0.022235 0.516399 -0.715164 0.000000 0.000000 0.000000 1.000000
0.506564 -0.094728 -0.856983 0.313165 0.034345 0.995374 -0.089724 87.539642 0.861518 0.016018 0.507474 -0.930615 0.000000 0.000000 0.000000 1.000000
0.488829 -0.101752 -0.866425 0.388108 0.043582 0.994783 -0.092238 87.827789 0.871290 0.007328 0.490714 -1.176188 0.000000 0.000000 0.000000 1.000000
0.463564 -0.108934 -0.879342 0.482613 0.054090 0.994042 -0.094629 88.133972 0.884411 -0.003697 0.466694 -1.403445 0.000000 0.000000 0.000000 1.000000
0.431609 -0.115500 -0.894636 0.588957 0.065015 0.993173 -0.096855 88.385010 0.899715 -0.016361 0.436172 -1.563542 0.000000 0.000000 0.000000 1.000000
0.394593 -0.121147 -0.910835 0.699478 0.075270 0.992201 -0.099360 88.584702 0.915768 -0.029352 0.400634 -1.668562 0.000000 0.000000 0.000000 1.000000
0.350935 -0.125441 -0.927960 0.797405 0.086068 0.991113 -0.101428 88.609734 0.932436 -0.044273 0.358612 -1.626450 0.000000 0.000000 0.000000 1.000000
0.302066 -0.127787 -0.944683 0.849419 0.103751 0.989495 -0.100674 88.296700 0.947624 -0.067602 0.312151 -1.341084 0.000000 0.000000 0.000000 1.000000
0.251632 -0.127625 -0.959371 0.891894 0.115153 0.988174 -0.101254 87.916725 0.960948 -0.084995 0.263352 -1.006708 0.000000 0.000000 0.000000 1.000000
0.201542 -0.125446 -0.971413 0.919498 0.120908 0.987366 -0.102421 87.479958 0.971989 -0.096809 0.214163 -0.617933 0.000000 0.000000 0.000000 1.000000
0.151480 -0.120201 -0.981125 0.870977 0.132170 0.986128 -0.100407 86.762604 0.979584 -0.114466 0.165266 0.044637 0.000000 0.000000 0.000000 1.000000
0.103469 -0.113470 -0.988139 0.748765 0.146517 0.984372 -0.097695 85.941414 0.983782 -0.134670 0.118477 0.886621 0.000000 0.000000 0.000000 1.000000
0.064223 -0.104139 -0.992487 0.578108 0.153929 0.983671 -0.093254 85.113556 0.985993 -0.146784 0.079205 1.861793 0.000000 0.000000 0.000000 1.000000
0.038581 -0.092029 -0.995009 0.342678 0.162613 0.983055 -0.084619 84.314194 0.985935 -0.158537 0.052892 3.016179 0.000000 0.000000 0.000000 1.000000
0.016439 -0.078363 -0.996789 0.078692 0.172286 0.982235 -0.074377 83.524796 0.984910 -0.170510 0.029648 4.252509 0.000000 0.000000 0.000000 1.000000
-0.002895 -0.063639 -0.997969 -0.182464 0.178306 0.981948 -0.063134 82.752090 0.983971 -0.178127 0.008505 5.509388 0.000000 0.000000 0.000000 1.000000
0.000947 -0.045874 -0.998947 -0.419002 0.178125 0.982980 -0.044971 82.065102 0.984007 -0.177895 0.009102 6.848552 0.000000 0.000000 0.000000 1.000000
0.057459 -0.027370 -0.997973 -0.612345 0.188912 0.981863 -0.016051 81.765129 0.980311 -0.187607 0.061587 7.920656 0.000000 0.000000 0.000000 1.000000
0.123016 -0.007577 -0.992376 -0.775162 0.170940 0.985187 0.013667 81.406090 0.977572 -0.171318 0.122489 9.030426 0.000000 0.000000 0.000000 1.000000
0.188593 0.015020 -0.981941 -0.951659 0.131543 0.990486 0.040415 81.132339 0.973206 -0.136789 0.184823 10.083273 0.000000 0.000000 0.000000 1.000000
0.256342 0.040242 -0.965748 -1.186041 0.076714 0.995134 0.061829 81.088226 0.963537 -0.089936 0.252007 10.984603 0.000000 0.000000 0.000000 1.000000
0.334754 0.068141 -0.939838 -1.522515 0.007153 0.997169 0.074846 81.418091 0.942278 -0.031778 0.333319 11.639824 0.000000 0.000000 0.000000 1.000000
0.460056 0.099636 -0.882282 -2.104804 -0.070600 0.994643 0.075511 82.601730 0.885079 0.027549 0.464625 11.729191 0.000000 0.000000 0.000000 1.000000
0.618732 0.138272 -0.773338 -2.888818 -0.154168 0.986619 0.053060 84.556892 0.770326 0.086394 0.631770 11.310092 0.000000 0.000000 0.000000 1.000000
0.746688 0.187862 -0.638095 -3.637035 -0.244784 0.969577 -0.000988 86.584869 0.618497 0.156933 0.769957 10.853641 0.000000 0.000000 0.000000 1.000000
0.857376 0.206023 -0.471658 -4.127097 -0.277951 0.956611 -0.087404 88.744011 0.433186 0.206036 0.877439 10.367463 0.000000 0.000000 0.000000 1.000000
0.930832 0.195070 -0.309031 -4.187145 -0.256822 0.950773 -0.173416 90.458069 0.259990 0.240787 0.935108 10.033866 0.000000 0.000000 0.000000 1.000000
0.965844 0.163518 -0.201016 -3.914585 -0.207410 0.952858 -0.221456 91.645004 0.155328 0.255585 0.954227 9.862561 0.000000 0.000000 0.000000 1.000000
0.985233 0.131846 -0.109235 -3.619099 -0.155639 0.955539 -0.250442 92.637566 0.071358 0.263745 0.961949 9.801062 0.000000 0.000000 0.000000 1.000000
0.991422 0.118800 -0.054484 -3.541594 -0.128921 0.957427 -0.258290 93.185387 0.021480 0.263099 0.964530 10.126300 0.000000 0.000000 0.000000 1.000000
0.992130 0.125161 0.003626 -3.713153 -0.119794 0.957218 -0.263406 93.286880 -0.036439 0.260898 0.964678 10.749128 0.000000 0.000000 0.000000 1.000000
0.989971 0.140810 0.011376 -3.676913 -0.133346 0.958001 -0.253875 92.878174 -0.046646 0.249812 0.967170 11.407800 0.000000 0.000000 0.000000 1.000000
0.987390 0.158047 0.009099 -3.595275 -0.151203 0.958535 -0.241555 92.374443 -0.046899 0.237133 0.970344 12.070468 0.000000 0.000000 0.000000 1.000000
0.984989 0.172405 -0.008532 -3.410685 -0.169831 0.959072 -0.226578 91.881012 -0.030880 0.224626 0.973956 12.689554 0.000000 0.000000 0.000000 1.000000
0.979321 0.172050 -0.106439 -2.692147 -0.190322 0.961903 -0.196268 91.474152 0.068616 0.212467 0.974756 13.074870 0.000000 0.000000 0.000000 1.000000
0.962275 0.154191 -0.224169 -1.801675 -0.193444 0.967107 -0.165176 91.163109 0.191327 0.202309 0.960451 13.210794 0.000000 0.000000 0.000000 1.000000
0.930068 0.129223 -0.343912 -0.885243 -0.185926 0.972932 -0.137238 90.884811 0.316868 0.191583 0.928919 13.102900 0.000000 0.000000 0.000000 1.000000
0.882392 0.096115 -0.460593 0.024824 -0.167640 0.978894 -0.116889 90.633034 0.439637 0.180356 0.879881 12.633138 0.000000 0.000000 0.000000 1.000000
0.818735 0.059747 -0.571054 0.930573 -0.144129 0.984113 -0.103677 90.393753 0.555787 0.167189 0.814339 12.001656 0.000000 0.000000 0.000000 1.000000
0.743239 0.025620 -0.668535 1.776533 -0.120755 0.987992 -0.096387 90.141342 0.658037 0.152367 0.737408 11.325586 0.000000 0.000000 0.000000 1.000000
0.675309 -0.003272 -0.737528 2.305062 -0.102625 0.989845 -0.098360 89.814774 0.730360 0.142112 0.668116 10.465630 0.000000 0.000000 0.000000 1.000000
0.625339 -0.024962 -0.779954 2.595725 -0.088745 0.990729 -0.102860 89.348938 0.775291 0.133540 0.617326 9.376307 0.000000 0.000000 0.000000 1.000000
0.581487 -0.043998 -0.812365 2.812657 -0.076346 0.991179 -0.108331 88.841492 0.809966 0.125014 0.572998 8.206366 0.000000 0.000000 0.000000 1.000000
0.556285 -0.058009 -0.828964 2.898800 -0.065257 0.991430 -0.113170 88.265305 0.828425 0.117050 0.547733 6.862700 0.000000 0.000000 0.000000 1.000000
0.539732 -0.068731 -0.839027 2.884307 -0.053713 0.991819 -0.115800 87.691696 0.840122 0.107567 0.531625 5.543002 0.000000 0.000000 0.000000 1.000000
0.527892 -0.076790 -0.845833 2.790758 -0.041559 0.992376 -0.116031 87.178955 0.848294 0.096404 0.520676 4.352936 0.000000 0.000000 0.000000 1.000000
0.518727 -0.081605 -0.851036 2.632128 -0.030597 0.993024 -0.113870 86.763878 0.854392 0.085106 0.512612 3.308486 0.000000 0.000000 0.000000 1.000000
0.508625 -0.083547 -0.856925 2.326522 -0.021059 0.993776 -0.109389 86.479599 0.860731 0.073684 0.503699 2.437273 0.000000 0.000000 0.000000 1.000000
0.503915 -0.083059 -0.859751 1.981362 -0.013135 0.994514 -0.103777 86.391365 0.863653 0.063587 0.500059 1.724826 0.000000 0.000000 0.000000 1.000000</float_array><technique_common><accessor source="#mixamorig_Hips-Matrix-animation-output-transform-array" count="51" stride="16"><param type="float4x4"/></accessor></technique_common></source><source id="mixamorig_Hips-Interpolations"><Name_array id="mixamorig_Hips-Interpolations-array" count="51">
 LINEAR LINEAR LINEAR LINEAR LINEAR LINEAR LINEAR LINEAR LINEAR LINEAR LINEAR
LINEAR LINEAR LINEAR LINEAR LINEAR LINEAR LINEAR LINEAR LINEAR LINEAR LINEAR LINEAR
LINEAR LINEAR LINEAR LINEAR LINEAR LINEAR LINEAR LINEAR LINEAR LINEAR LINEAR LINEAR
LINEAR LINEAR LINEAR LINEAR LINEAR LINEAR LINEAR LINEAR LINEAR LINEAR LINEAR LINEAR
LINEAR LINEAR LINEAR LINEAR</Name_array><technique_common><accessor source="#mixamorig_Hips-Interpolations-array" count="51"><param type="name"/></accessor></technique_common></source><sampler id="mixamorig_Hips-Matrix-animation-transform"><input semantic="INPUT" source="#mixamorig_Hips-Matrix-animation-input"/><input semantic="OUTPUT" source="#mixamorig_Hips-Matrix-animation-output-transform"/><input semantic="INTERPOLATION" source="#mixamorig_Hips-Interpolations"/></sampler><channel source="#mixamorig_Hips-Matrix-animation-transform" target="mixamorig_Hips/matrix"/><source id="mixamorig_Spine-Matrix-animation-input"><float_array id="mixamorig_Spine-Matrix-animation-input-array" count="51">

0.000000 0.033333 0.066667 0.100000 0.133333 0.166667 0.200000 0.233333 0.266667 0.300000 0.333333 0.366667 0.400000 0.433333 0.466667 0.500000
0.533333 0.566667 0.600000 0.633333 0.666667 0.700000 0.733333 0.766667 0.800000 0.833333 0.866667 0.900000 0.933333 0.966667 1.000000 1.033333
1.066667 1.100000 1.133333 1.166667 1.200000 1.233333 1.266667 1.300000 1.333333 1.366667 1.400000 1.433333 1.466667 1.500000 1.533333 1.566667
1.600000 1.633333 1.666667</float_array><technique_common><accessor source="#mixamorig_Spine-Matrix-animation-input-array" count="51"><param name="TIME" type="float"/></accessor></technique_common></source><source id="mixamorig_Spine-Matrix-animation-output-transform"><float_array id="mixamorig_Spine-Matrix-animation-output-transform-array" count="816">

0.999073 0.005345 0.042709 -0.000100 -0.006530 0.999596 0.027665 9.856800 -0.042544 -0.027918 0.998704 -1.223200 0.000000 0.000000 0.000000 1.000000
0.999031 0.005704 0.043638 -0.000100 -0.006933 0.999583 0.028048 9.856800 -0.043459 -0.028324 0.998654 -1.223200 0.000000 0.000000 0.000000 1.000000
0.998988 0.006063 0.044566 -0.000100 -0.007335 0.999569 0.028431 9.856800 -0.044375 -0.028729 0.998602 -1.223200 0.000000 0.000000 0.000000 1.000000
0.998968 0.006125 0.044999 -0.000100 -0.007425 0.999558 0.028786 9.856800 -0.044803 -0.029091 0.998572 -1.223200 0.000000 0.000000 0.000000 1.000000
0.999001 0.005585 0.044330 -0.000100 -0.006879 0.999553 0.029099 9.856800 -0.044148 -0.029375 0.998593 -1.223200 0.000000 0.000000 0.000000 1.000000
0.999074 0.004418 0.042804 -0.000100 -0.005677 0.999554 0.029326 9.856800 -0.042655 -0.029542 0.998653 -1.223200 0.000000 0.000000 0.000000 1.000000
0.999169 0.002598 0.040684 -0.000100 -0.003798 0.999559 0.029440 9.856800 -0.040589 -0.029570 0.998738 -1.223200 0.000000 0.000000 0.000000 1.000000
0.999269 0.000357 0.038215 -0.000100 -0.001482 0.999566 0.029411 9.856800 -0.038188 -0.029446 0.998837 -1.223200 0.000000 0.000000 0.000000 1.000000
0.999362 -0.002435 0.035623 -0.000100 0.001403 0.999580 0.028961 9.856800 -0.035678 -0.028893 0.998946 -1.223200 0.000000 0.000000 0.000000 1.000000
0.999456 -0.006803 0.032271 -0.000100 0.005885 0.999578 0.028433 9.856800 -0.032450 -0.028228 0.999075 -1.223200 0.000000 0.000000 0.000000 1.000000
0.999521 -0.011488 0.028754 -0.000100 0.010686 0.999555 0.027859 9.856800 -0.029061 -0.027539 0.999198 -1.223200 0.000000 0.000000 0.000000 1.000000
0.999557 -0.016458 0.024810 -0.000100 0.015781 0.999505 0.027216 9.856800 -0.025246 -0.026813 0.999322 -1.223200 0.000000 0.000000 0.000000 1.000000
0.999566 -0.022828 0.018626 -0.000100 0.022334 0.999404 0.026335 9.856800 -0.019216 -0.025907 0.999480 -1.223200 0.000000 0.000000 0.000000 1.000000
0.999528 -0.028658 0.011025 -0.000100 0.028370 0.999273 0.025475 9.856800 -0.011747 -0.025150 0.999615 -1.223200 0.000000 0.000000 0.000000 1.000000
0.999428 -0.033678 0.003198 -0.000100 0.033587 0.999123 0.025017 9.856800 -0.004038 -0.024895 0.999682 -1.223200 0.000000 0.000000 0.000000 1.000000
0.999291 -0.037383 -0.004539 -0.000100 0.037486 0.998976 0.025352 9.856800 0.003587 -0.025504 0.999668 -1.223200 0.000000 0.000000 0.000000 1.000000
0.999105 -0.040486 -0.012261 -0.000100 0.040794 0.998829 0.026026 9.856800 0.011193 -0.026503 0.999586 -1.223200 0.000000 0.000000 0.000000 1.000000
0.998867 -0.043303 -0.019720 -0.000100 0.043825 0.998677 0.026901 9.856800 0.018529 -0.027734 0.999444 -1.223200 0.000000 0.000000 0.000000 1.000000
0.998661 -0.044856 -0.025769 -0.000100 0.045597 0.998541 0.028923 9.856800 0.024434 -0.030059 0.999249 -1.223200 0.000000 0.000000 0.000000 1.000000
0.998508 -0.044769 -0.031267 -0.000100 0.045839 0.998357 0.034384 9.856800 0.029676 -0.035766 0.998919 -1.223200 0.000000 0.000000 0.000000 1.000000
0.998295 -0.045106 -0.037060 -0.000100 0.046579 0.998117 0.039911 9.856800 0.035190 -0.041569 0.998516 -1.223200 0.000000 0.000000 0.000000 1.000000
0.998084 -0.044870 -0.042598 -0.000100 0.046815 0.997852 0.045826 9.856800 0.040450 -0.047732 0.998041 -1.223200 0.000000 0.000000 0.000000 1.000000
0.997951 -0.043073 -0.047304 -0.000100 0.045545 0.997583 0.052473 9.856800 0.044929 -0.054520 0.997501 -1.223200 0.000000 0.000000 0.000000 1.000000
0.997969 -0.038742 -0.050571 -0.000100 0.041767 0.997312 0.060203 9.856800 0.048103 -0.062193 0.996904 -1.223200 0.000000 0.000000 0.000000 1.000000
0.998262 -0.028893 -0.051355 -0.000100 0.032503 0.996953 0.070905 9.856800 0.049150 -0.072451 0.996160 -1.223200 0.000000 0.000000 0.000000 1.000000
0.998705 -0.014047 -0.048905 -0.000100 0.018120 0.996311 0.083882 9.856800 0.047546 -0.084660 0.995275 -1.223200 0.000000 0.000000 0.000000 1.000000
0.999062 0.001498 -0.043268 -0.000100 0.002646 0.995419 0.095572 9.856800 0.043213 -0.095597 0.994482 -1.223200 0.000000 0.000000 0.000000 1.000000
0.999539 0.019346 -0.023385 -0.000100 -0.016923 0.994873 0.099703 9.856800 0.025194 -0.099261 0.994742 -1.223200 0.000000 0.000000 0.000000 1.000000
0.999493 0.030858 0.007789 -0.000100 -0.031464 0.994880 0.096039 9.856800 -0.004785 -0.096235 0.995347 -1.223200 0.000000 0.000000 0.000000 1.000000
0.998263 0.034646 0.047641 -0.000100 -0.038591 0.995672 0.084547 9.856800 -0.044506 -0.086239 0.995280 -1.223200 0.000000 0.000000 0.000000 1.000000
0.995573 0.036885 0.086452 -0.000100 -0.043169 0.996472 0.071978 9.856800 -0.083492 -0.075391 0.993653 -1.223200 0.000000 0.000000 0.000000 1.000000
0.993086 0.035487 0.111895 -0.000100 -0.042680 0.997128 0.062564 9.856800 -0.109354 -0.066907 0.991749 -1.223200 0.000000 0.000000 0.000000 1.000000
0.992573 0.032659 0.117183 -0.000100 -0.039782 0.997467 0.058974 9.856800 -0.114960 -0.063198 0.991358 -1.223200 0.000000 0.000000 0.000000 1.000000
0.993799 0.030409 0.106954 -0.000100 -0.036636 0.997716 0.056744 9.856800 -0.104984 -0.060311 0.992643 -1.223200 0.000000 0.000000 0.000000 1.000000
0.995184 0.028209 0.093881 -0.000100 -0.033449 0.997941 0.054720 9.856800 -0.092144 -0.057596 0.994079 -1.223200 0.000000 0.000000 0.000000 1.000000
0.996291 0.026106 0.081992 -0.000100 -0.030503 0.998137 0.052841 9.856800 -0.080460 -0.055146 0.995231 -1.223200 0.000000 0.000000 0.000000 1.000000
0.996691 0.024830 0.077395 -0.000100 -0.028903 0.998231 0.051961 9.856800 -0.075968 -0.054026 0.995646 -1.223200 0.000000 0.000000 0.000000 1.000000
0.997207 0.024081 0.070697 -0.000100 -0.027722 0.998315 0.050977 9.856800 -0.069350 -0.052795 0.996194 -1.223200 0.000000 0.000000 0.000000 1.000000
0.997620 0.023559 0.064801 -0.000100 -0.026793 0.998415 0.049502 9.856800 -0.063532 -0.051120 0.996670 -1.223200 0.000000 0.000000 0.000000 1.000000
0.997845 0.023312 0.061334 -0.000100 -0.026220 0.998548 0.047055 9.856800 -0.060148 -0.048562 0.997008 -1.223200 0.000000 0.000000 0.000000 1.000000
0.997999 0.023169 0.058834 -0.000100 -0.025792 0.998688 0.044228 9.856800 -0.057732 -0.045657 0.997288 -1.223200 0.000000 0.000000 0.000000 1.000000
0.998124 0.022870 0.056785 -0.000100 -0.025248 0.998819 0.041511 9.856800 -0.055768 -0.042867 0.997523 -1.223200 0.000000 0.000000 0.000000 1.000000
0.998147 0.021768 0.056818 -0.000100 -0.024035 0.998930 0.039521 9.856800 -0.055897 -0.040814 0.997602 -1.223200 0.000000 0.000000 0.000000 1.000000
0.998310 0.020307 0.054441 -0.000100 -0.022378 0.999038 0.037706 9.856800 -0.053623 -0.038860 0.997805 -1.223200 0.000000 0.000000 0.000000 1.000000
0.998503 0.018650 0.051427 -0.000100 -0.020508 0.999147 0.035832 9.856800 -0.050715 -0.036833 0.998034 -1.223200 0.000000 0.000000 0.000000 1.000000
0.998730 0.016412 0.047625 -0.000100 -0.018020 0.999276 0.033520 9.856800 -0.047040 -0.034335 0.998303 -1.223200 0.000000 0.000000 0.000000 1.000000
0.998879 0.014347 0.045103 -0.000100 -0.015762 0.999390 0.031162 9.856800 -0.044628 -0.031838 0.998496 -1.223200 0.000000 0.000000 0.000000 1.000000
0.998963 0.013093 0.043604 -0.000100 -0.014378 0.999467 0.029300 9.856800 -0.043198 -0.029896 0.998619 -1.223200 0.000000 0.000000 0.000000 1.000000
0.999031 0.011915 0.042375 -0.000100 -0.013101 0.999527 0.027812 9.856800 -0.042023 -0.028341 0.998715 -1.223200 0.000000 0.000000 0.000000 1.000000
0.999099 0.010739 0.041059 -0.000100 -0.011844 0.999571 0.026772 9.856800 -0.040754 -0.027234 0.998798 -1.223200 0.000000 0.000000 0.000000 1.000000
0.999140 0.009465 0.040371 -0.000100 -0.010513 0.999611 0.025837 9.856800 -0.040111 -0.026240 0.998851 -1.223200 0.000000 0.000000 0.000000 1.000000</float_array><technique_common><accessor source="#mixamorig_Spine-Matrix-animation-output-transform-array" count="51" stride="16"><param type="float4x4"/></accessor></technique_common></source><source id="mixamorig_Spine-Interpolations"><Name_array id="mixamorig_Spine-Interpolations-array" count="51">
 LINEAR LINEAR LINEAR LINEAR LINEAR LINEAR LINEAR LINEAR LINEAR LINEAR LINEAR
LINEAR LINEAR LINEAR LINEAR LINEAR LINEAR LINEAR LINEAR LINEAR LINEAR LINEAR LINEAR
LINEAR LINEAR LINEAR LINEAR LINEAR LINEAR LINEAR LINEAR LINEAR LINEAR LINEAR LINEAR
LINEAR LINEAR LINEAR LINEAR LINEAR LINEAR LINEAR LINEAR LINEAR LINEAR LINEAR LINEAR
LINEAR LINEAR LINEAR LINEAR</Name_array><technique_common><accessor source="#mixamorig_Spine-Interpolations-array" count="51"><param type="name"/></accessor></technique_common></source><sampler id="mixamorig_Spine-Matrix-animation-transform"><input semantic="INPUT" source="#mixamorig_Spine-Matrix-animation-input"/><input semantic="OUTPUT" source="#mixamorig_Spine-Matrix-animation-output-transform"/><input semantic="INTERPOLATION" source="#mixamorig_Spine-Interpolations"/></sampler><channel source="#mixamorig_Spine-Matrix-animation-transform" target="mixamorig_Spine/matrix"/><source id="mixamorig_Spine1-Matrix-animation-input"><float_array id="mixamorig_Spine1-Matrix-animation-input-array" count="51">

0.000000 0.033333 0.066667 0.100000 0.133333 0.166667 0.200000 0.233333 0.266667 0.300000 0.333333 0.366667 0.400000 0.433333 0.466667 0.500000
0.533333 0.566667 0.600000 0.633333 0.666667 0.700000 0.733333 0.766667 0.800000 0.833333 0.866667 0.900000 0.933333 0.966667 1.000000 1.033333
1.066667 1.100000 1.133333 1.166667 1.200000 1.233333 1.266667 1.300000 1.333333 1.366667 1.400000 1.433333 1.466667 1.500000 1.533333 1.566667
1.600000 1.633333 1.666667</float_array><technique_common><accessor source="#mixamorig_Spine1-Matrix-animation-input-array" count="51"><param name="TIME" type="float"/></accessor></technique_common></source><source id="mixamorig_Spine1-Matrix-animation-output-transform"><float_array id="mixamorig_Spine1-Matrix-animation-output-transform-array" count="816">

0.998292 -0.032585 0.048484 -0.000000 0.038198 0.992067 -0.119770 11.653700 -0.044196 0.121417 0.991617 0.000000 0.000000 0.000000 0.000000 1.000000
0.998240 -0.032419 0.049659 0.000000 0.038148 0.992145 -0.119132 11.653700 -0.045406 0.120817 0.991636 0.000000 0.000000 0.000000 0.000000 1.000000
0.998186 -0.032256 0.050834 0.000000 0.038098 0.992224 -0.118495 11.653700 -0.046616 0.120216 0.991653 0.000000 0.000000 0.000000 0.000000 1.000000
0.998151 -0.032449 0.051403 0.000000 0.038337 0.992266 -0.118058 11.653700 -0.047174 0.119810 0.991675 0.000000 0.000000 0.000000 0.000000 1.000000
0.998158 -0.033429 0.050623 0.000000 0.039223 0.992219 -0.118169 11.653700 -0.046278 0.119937 0.991702 0.000000 0.000000 0.000000 0.000000 1.000000
0.998194 -0.035028 0.048806 0.000000 0.040605 0.992132 -0.118430 11.653700 -0.044273 0.120198 0.991762 0.000000 0.000000 0.000000 0.000000 1.000000
0.998243 -0.036984 0.046298 -0.000000 0.042242 0.992078 -0.118306 11.653700 -0.041556 0.120054 0.991897 0.000000 0.000000 0.000000 0.000000 1.000000
0.998284 -0.039352 0.043362 0.000000 0.044239 0.992004 -0.118198 11.653700 -0.038364 0.119914 0.992043 -0.000000 0.000000 0.000000 0.000000 1.000000
0.998279 -0.042686 0.040211 0.000000 0.047187 0.991820 -0.118605 11.653700 -0.034820 0.120298 0.992127 0.000000 0.000000 0.000000 0.000000 1.000000
0.998183 -0.048191 0.036158 0.000000 0.052212 0.991391 -0.120072 11.653700 -0.030061 0.121742 0.992107 0.000000 0.000000 0.000000 0.000000 1.000000
0.998024 -0.054112 0.031924 -0.000000 0.057621 0.990883 -0.121783 11.653700 -0.025043 0.123382 0.992043 0.000000 0.000000 0.000000 0.000000 1.000000
0.997825 -0.060033 0.027222 0.000000 0.062954 0.990336 -0.123581 11.653700 -0.019540 0.125026 0.991961 0.000000 0.000000 0.000000 0.000000 1.000000
0.997635 -0.065763 0.019998 0.000000 0.067762 0.989767 -0.125577 11.653700 -0.011535 0.126635 0.991882 0.000000 0.000000 0.000000 0.000000 1.000000
0.997462 -0.070341 0.011058 -0.000000 0.071177 0.989300 -0.127353 11.653700 -0.001981 0.127817 0.991796 0.000000 0.000000 0.000000 0.000000 1.000000
0.997240 -0.074229 0.001729 0.000000 0.073838 0.989000 -0.128171 11.653700 0.007804 0.127945 0.991751 -0.000000 0.000000 0.000000 0.000000 1.000000
0.996973 -0.077366 -0.007727 0.000000 0.075760 0.988979 -0.127206 11.653700 0.017483 0.126235 0.991846 -0.000000 0.000000 0.000000 0.000000 1.000000
0.996641 -0.080053 -0.017263 0.000000 0.077272 0.989082 -0.125483 11.653700 0.027120 0.123727 0.991946 -0.000000 0.000000 0.000000 0.000000 1.000000
0.996262 -0.082228 -0.026480 0.000000 0.078366 0.989245 -0.123506 11.653700 0.036350 0.120969 0.991990 0.000000 0.000000 0.000000 0.000000 1.000000
0.996053 -0.082027 -0.033924 0.000000 0.077409 0.989716 -0.120293 11.653700 0.043442 0.117192 0.992159 -0.000000 0.000000 0.000000 0.000000 1.000000
0.996157 -0.077604 -0.040606 0.000000 0.072565 0.990881 -0.113531 11.653700 0.049046 0.110148 0.992704 -0.000000 0.000000 0.000000 0.000000 1.000000
0.996148 -0.073667 -0.047570 0.000000 0.068272 0.991966 -0.106501 11.653700 0.055033 0.102843 0.993174 0.000000 0.000000 0.000000 0.000000 1.000000
0.996163 -0.068748 -0.054156 -0.000000 0.063148 0.993073 -0.099085 11.653700 0.060592 0.095285 0.993604 0.000000 0.000000 0.000000 0.000000 1.000000
0.996329 -0.061397 -0.059658 0.000000 0.055812 0.994272 -0.091149 11.653700 0.064913 0.087484 0.994049 0.000000 0.000000 0.000000 0.000000 1.000000
0.996731 -0.050184 -0.063321 0.000000 0.044881 0.995575 -0.082560 11.653700 0.067184 0.079448 0.994572 0.000000 0.000000 0.000000 0.000000 1.000000
0.997524 -0.029620 -0.063792 -0.000000 0.024999 0.997088 -0.072052 11.653700 0.065740 0.070279 0.995359 0.000000 0.000000 0.000000 0.000000 1.000000
0.998189 -0.001291 -0.060140 0.000000 -0.002348 0.998171 -0.060402 11.653700 0.060108 0.060433 0.996361 0.000000 0.000000 0.000000 0.000000 1.000000
0.998285 0.025585 -0.052649 -0.000000 -0.028252 0.998322 -0.050551 11.653700 0.051267 0.051952 0.997333 0.000000 0.000000 0.000000 0.000000 1.000000
0.998680 0.042483 -0.028887 0.000000 -0.043887 0.997793 -0.049827 11.653700 0.026706 0.051029 0.998340 0.000000 0.000000 0.000000 0.000000 1.000000
0.999272 0.037307 0.008001 0.000000 -0.036870 0.998111 -0.049150 11.653700 -0.009820 0.048820 0.998759 0.000000 0.000000 0.000000 0.000000 1.000000
0.998293 0.016791 0.055936 -0.000000 -0.014417 0.998989 -0.042585 11.653700 -0.056595 0.041706 0.997526 0.000000 0.000000 0.000000 0.000000 1.000000
0.994707 -0.005234 0.102617 0.000000 0.008700 0.999406 -0.033361 11.653700 -0.102381 0.034077 0.994161 0.000000 0.000000 0.000000 0.000000 1.000000
0.990849 -0.016351 0.133984 0.000000 0.020080 0.999446 -0.026525 11.653700 -0.133476 0.028973 0.990628 0.000000 0.000000 0.000000 0.000000 1.000000
0.989840 -0.015234 0.141369 0.000000 0.019192 0.999460 -0.026678 11.653700 -0.140887 0.029120 0.989597 -0.000000 0.000000 0.000000 0.000000 1.000000
0.991552 -0.008631 0.129423 -0.000000 0.013793 0.999142 -0.039040 11.653700 -0.128975 0.040496 0.990821 -0.000000 0.000000 0.000000 0.000000 1.000000
0.993509 -0.001426 0.113746 0.000000 0.007550 0.998543 -0.053432 11.653700 -0.113505 0.053944 0.992072 0.000000 0.000000 0.000000 0.000000 1.000000
0.995039 0.004882 0.099365 0.000000 0.001747 0.997784 -0.066517 11.653700 -0.099469 0.066360 0.992825 0.000000 0.000000 0.000000 0.000000 1.000000
0.995533 0.008193 0.094060 0.000000 -0.001319 0.997337 -0.072913 11.653700 -0.094407 0.072463 0.992893 -0.000000 0.000000 0.000000 0.000000 1.000000
0.996264 0.009861 0.085791 0.000000 -0.003189 0.996982 -0.077566 11.653700 -0.086297 0.077003 0.993289 -0.000000 0.000000 0.000000 0.000000 1.000000
0.996864 0.010629 0.078415 0.000000 -0.004171 0.996618 -0.082064 11.653700 -0.079022 0.081480 0.993537 -0.000000 0.000000 0.000000 0.000000 1.000000
0.997201 0.010548 0.074026 0.000000 -0.004057 0.996174 -0.087294 11.653700 -0.074663 0.086750 0.993428 -0.000000 0.000000 0.000000 0.000000 1.000000
0.997439 0.009993 0.070820 -0.000000 -0.003395 0.995690 -0.092679 11.653700 -0.071441 0.092201 0.993174 -0.000000 0.000000 0.000000 0.000000 1.000000
0.997633 0.008974 0.068169 -0.000000 -0.002295 0.995240 -0.097431 11.653700 -0.068719 0.097044 0.992905 0.000000 0.000000 0.000000 0.000000 1.000000
0.997665 0.005789 0.068053 -0.000000 0.000962 0.995111 -0.098757 11.653700 -0.068292 0.098592 0.992782 -0.000000 0.000000 0.000000 0.000000 1.000000
0.997895 0.001238 0.064839 0.000000 0.005370 0.994806 -0.101649 11.653700 -0.064628 0.101783 0.992705 0.000000 0.000000 0.000000 0.000000 1.000000
0.998141 -0.003672 0.060836 -0.000000 0.010072 0.994396 -0.105235 11.653700 -0.060109 0.105652 0.992585 -0.000000 0.000000 0.000000 0.000000 1.000000
0.998397 -0.008934 0.055890 -0.000000 0.015084 0.993750 -0.110605 11.653700 -0.054553 0.111271 0.992292 0.000000 0.000000 0.000000 0.000000 1.000000
0.998527 -0.013852 0.052458 0.000000 0.019842 0.993117 -0.115437 11.653700 -0.050498 0.116308 0.991929 0.000000 0.000000 0.000000 0.000000 1.000000
0.998575 -0.017931 0.050272 -0.000000 0.023809 0.992625 -0.118869 11.653700 -0.047770 0.119896 0.991637 0.000000 0.000000 0.000000 0.000000 1.000000
0.998602 -0.021056 0.048492 0.000000 0.026818 0.992239 -0.121420 11.653700 -0.045559 0.122550 0.991416 -0.000000 0.000000 0.000000 0.000000 1.000000
0.998626 -0.023838 0.046672 -0.000000 0.029440 0.991933 -0.123297 11.653700 -0.043357 0.124502 0.991272 0.000000 0.000000 0.000000 0.000000 1.000000
0.998607 -0.026393 0.045695 -0.000000 0.031904 0.991718 -0.124409 11.653700 -0.042033 0.125693 0.991178 -0.000000 0.000000 0.000000 0.000000 1.000000</float_array><technique_common><accessor source="#mixamorig_Spine1-Matrix-animation-output-transform-array" count="51" stride="16"><param type="float4x4"/></accessor></technique_common></source><source id="mixamorig_Spine1-Interpolations"><Name_array id="mixamorig_Spine1-Interpolations-array" count="51">
 LINEAR LINEAR LINEAR LINEAR LINEAR LINEAR LINEAR LINEAR LINEAR LINEAR LINEAR
LINEAR LINEAR LINEAR LINEAR LINEAR LINEAR LINEAR LINEAR LINEAR LINEAR LINEAR LINEAR
LINEAR LINEAR LINEAR LINEAR LINEAR LINEAR LINEAR LINEAR LINEAR LINEAR LINEAR LINEAR
LINEAR LINEAR LINEAR LINEAR LINEAR LINEAR LINEAR LINEAR LINEAR LINEAR LINEAR LINEAR
LINEAR LINEAR LINEAR LINEAR</Name_array><technique_common><accessor source="#mixamorig_Spine1-Interpolations-array" count="51"><param type="name"/></accessor></technique_common></source><sampler id="mixamorig_Spine1-Matrix-animation-transform"><input semantic="INPUT" source="#mixamorig_Spine1-Matrix-animation-input"/><input semantic="OUTPUT" source="#mixamorig_Spine1-Matrix-animation-output-transform"/><input semantic="INTERPOLATION" source="#mixamorig_Spine1-Interpolations"/></sampler><channel source="#mixamorig_Spine1-Matrix-animation-transform" target="mixamorig_Spine1/matrix"/><source id="mixamorig_Spine2-Matrix-animation-input"><float_array id="mixamorig_Spine2-Matrix-animation-input-array" count="51">

0.000000 0.033333 0.066667 0.100000 0.133333 0.166667 0.200000 0.233333 0.266667 0.300000 0.333333 0.366667 0.400000 0.433333 0.466667 0.500000
0.533333 0.566667 0.600000 0.633333 0.666667 0.700000 0.733333 0.766667 0.800000 0.833333 0.866667 0.900000 0.933333 0.966667 1.000000 1.033333
1.066667 1.100000 1.133333 1.166667 1.200000 1.233333 1.266667 1.300000 1.333333 1.366667 1.400000 1.433333 1.466667 1.500000 1.533333 1.566667
1.600000 1.633333 1.666667</float_array><technique_common><accessor source="#mixamorig_Spine2-Matrix-animation-input-array" count="51"><param name="TIME" type="float"/></accessor></technique_common></source><source id="mixamorig_Spine2-Matrix-animation-output-transform"><float_array id="mixamorig_Spine2-Matrix-animation-output-transform-array" count="816">

0.997966 -0.033028 0.054534 0.000000 0.039246 0.992333 -0.117199 13.369100 -0.050245 0.119100 0.991610 0.000000 0.000000 0.000000 0.000000 1.000000
0.997906 -0.032860 0.055707 0.000000 0.039183 0.992417 -0.116503 13.369100 -0.051456 0.118442 0.991627 -0.000000 0.000000 0.000000 0.000000 1.000000
0.997846 -0.032694 0.056880 0.000000 0.039120 0.992501 -0.115808 13.369100 -0.052667 0.117784 0.991642 -0.000000 0.000000 0.000000 0.000000 1.000000
0.997807 -0.032891 0.057443 -0.000000 0.039358 0.992546 -0.115339 13.369100 -0.053222 0.117347 0.991664 -0.000000 0.000000 0.000000 0.000000 1.000000
0.997818 -0.033897 0.056658 0.000000 0.040273 0.992494 -0.115472 13.369100 -0.052318 0.117502 0.991694 0.000000 0.000000 0.000000 0.000000 1.000000
0.997865 -0.035520 0.054813 -0.000000 0.041686 0.992397 -0.115805 13.369100 -0.050283 0.117843 0.991758 0.000000 0.000000 0.000000 0.000000 1.000000
0.997933 -0.037462 0.052217 0.000000 0.043311 0.992328 -0.115802 13.369100 -0.047478 0.117825 0.991899 0.000000 0.000000 0.000000 0.000000 1.000000
0.997996 -0.039805 0.049190 0.000000 0.045285 0.992236 -0.115834 13.369100 -0.044197 0.117830 0.992050 0.000000 0.000000 0.000000 0.000000 1.000000
0.998008 -0.043119 0.046042 0.000000 0.048229 0.992036 -0.116359 13.369100 -0.040658 0.118348 0.992139 0.000000 0.000000 0.000000 0.000000 1.000000
0.997935 -0.048629 0.041972 -0.000000 0.053281 0.991587 -0.117965 13.369100 -0.035883 0.119957 0.992130 -0.000000 0.000000 0.000000 0.000000 1.000000
0.997798 -0.054561 0.037716 0.000000 0.058722 0.991057 -0.119820 13.369100 -0.030841 0.121771 0.992079 -0.000000 0.000000 0.000000 0.000000 1.000000
0.997626 -0.060485 0.032929 0.000000 0.064072 0.990485 -0.121792 13.369100 -0.025249 0.123613 0.992009 0.000000 0.000000 0.000000 0.000000 1.000000
0.997488 -0.066169 0.025283 0.000000 0.068811 0.989879 -0.124115 13.369100 -0.016814 0.125543 0.991946 0.000000 0.000000 0.000000 0.000000 1.000000
0.997373 -0.070679 0.015831 -0.000000 0.072116 0.989374 -0.126251 13.369100 -0.006740 0.127061 0.991872 0.000000 0.000000 0.000000 0.000000 1.000000
0.997202 -0.074507 0.006053 0.000000 0.074670 0.989037 -0.127400 13.369100 0.003505 0.127496 0.991833 0.000000 0.000000 0.000000 0.000000 1.000000
0.996978 -0.077597 -0.003679 -0.000000 0.076508 0.988986 -0.126702 13.369100 0.013470 0.126037 0.991934 0.000000 0.000000 0.000000 0.000000 1.000000
0.996685 -0.080243 -0.013428 -0.000000 0.077942 0.989063 -0.125217 13.369100 0.023329 0.123755 0.992039 0.000000 0.000000 0.000000 0.000000 1.000000
0.996338 -0.082386 -0.022881 0.000000 0.078961 0.989203 -0.123460 13.369100 0.032806 0.121202 0.992086 -0.000000 0.000000 0.000000 0.000000 1.000000
0.996145 -0.082173 -0.030710 0.000000 0.077927 0.989664 -0.120381 13.369100 0.040285 0.117524 0.992253 0.000000 0.000000 0.000000 0.000000 1.000000
0.996249 -0.077711 -0.038068 0.000000 0.072949 0.990846 -0.113586 13.369100 0.046547 0.110383 0.992799 0.000000 0.000000 0.000000 0.000000 1.000000
0.996228 -0.073731 -0.045757 0.000000 0.068522 0.991947 -0.106514 13.369100 0.053242 0.102977 0.993258 -0.000000 0.000000 0.000000 0.000000 1.000000
0.996221 -0.068748 -0.053070 0.000000 0.063256 0.993072 -0.099027 13.369100 0.059510 0.095295 0.993669 -0.000000 0.000000 0.000000 0.000000 1.000000
0.996359 -0.061299 -0.059257 0.000000 0.055762 0.994292 -0.090966 13.369100 0.064495 0.087331 0.994089 0.000000 0.000000 0.000000 0.000000 1.000000
0.996731 -0.049942 -0.063512 0.000000 0.044650 0.995617 -0.082178 13.369100 0.067338 0.079074 0.994592 0.000000 0.000000 0.000000 0.000000 1.000000
0.997497 -0.029107 -0.064443 0.000000 0.024495 0.997159 -0.071237 13.369100 0.066333 0.069480 0.995376 0.000000 0.000000 0.000000 0.000000 1.000000
0.998134 -0.000434 -0.061052 -0.000000 -0.003175 0.998253 -0.058998 13.369100 0.060971 0.059082 0.996389 0.000000 0.000000 0.000000 0.000000 1.000000
0.998207 0.026671 -0.053576 -0.000000 -0.029293 0.998381 -0.048764 13.369100 0.052189 0.050246 0.997372 0.000000 0.000000 0.000000 0.000000 1.000000
0.998652 0.043184 -0.028781 0.000000 -0.044555 0.997812 -0.048844 13.369100 0.026609 0.050061 0.998392 0.000000 0.000000 0.000000 0.000000 1.000000
0.999271 0.037089 0.009032 0.000000 -0.036606 0.998141 -0.048729 13.369100 -0.010823 0.048363 0.998771 -0.000000 0.000000 0.000000 0.000000 1.000000
0.998176 0.017685 0.057730 -0.000000 -0.015405 0.999093 -0.039700 13.369100 -0.058380 0.038738 0.997543 0.000000 0.000000 0.000000 0.000000 1.000000
0.994466 -0.002759 0.105019 0.000000 0.005687 0.999603 -0.027597 13.369100 -0.104901 0.028042 0.994087 0.000000 0.000000 0.000000 0.000000 1.000000
0.990530 -0.010717 0.136880 0.000000 0.013358 0.999742 -0.018386 13.369100 -0.136648 0.020040 0.990417 -0.000000 0.000000 0.000000 0.000000 1.000000
0.989538 -0.008588 0.144016 0.000000 0.011432 0.999755 -0.018933 13.369100 -0.143818 0.020381 0.989394 -0.000000 0.000000 0.000000 0.000000 1.000000
0.991251 -0.003367 0.131946 0.000000 0.007740 0.999437 -0.032646 13.369100 -0.131762 0.033381 0.990719 0.000000 0.000000 0.000000 0.000000 1.000000
0.993223 0.001963 0.116204 0.000000 0.003714 0.998810 -0.048620 13.369100 -0.116161 0.048722 0.992035 0.000000 0.000000 0.000000 0.000000 1.000000
0.994788 0.006534 0.101757 -0.000000 -0.000090 0.998001 -0.063195 13.369100 -0.101967 0.062857 0.992800 0.000000 0.000000 0.000000 0.000000 1.000000
0.995321 0.009293 0.096178 0.000000 -0.002530 0.997530 -0.070202 13.369100 -0.096593 0.069630 0.992885 -0.000000 0.000000 0.000000 0.000000 1.000000
0.996089 0.010613 0.087717 0.000000 -0.003989 0.997149 -0.075349 13.369100 -0.088267 0.074705 0.993292 0.000000 0.000000 0.000000 0.000000 1.000000
0.996710 0.011112 0.080280 0.000000 -0.004654 0.996769 -0.080188 13.369100 -0.080912 0.079551 0.993542 -0.000000 0.000000 0.000000 0.000000 1.000000
0.997045 0.010829 0.076047 0.000000 -0.004300 0.996328 -0.085505 13.369100 -0.076694 0.084926 0.993431 0.000000 0.000000 0.000000 0.000000 1.000000
0.997274 0.010116 0.073092 0.000000 -0.003442 0.995857 -0.090865 13.369100 -0.073708 0.090366 0.993177 0.000000 0.000000 0.000000 0.000000 1.000000
0.997456 0.008974 0.070715 -0.000000 -0.002181 0.995421 -0.095562 13.369100 -0.071248 0.095165 0.992909 -0.000000 0.000000 0.000000 0.000000 1.000000
0.997462 0.005831 0.070955 0.000000 0.001060 0.995313 -0.096700 13.369100 -0.071186 0.096530 0.992781 0.000000 0.000000 0.000000 0.000000 1.000000
0.997674 0.001194 0.068161 -0.000000 0.005607 0.995022 -0.099500 13.369100 -0.067941 0.099650 0.992700 -0.000000 0.000000 0.000000 0.000000 1.000000
0.997905 -0.003831 0.064591 -0.000000 0.010486 0.994623 -0.103026 13.369100 -0.063849 0.103487 0.992579 0.000000 0.000000 0.000000 0.000000 1.000000
0.998151 -0.009235 0.060070 0.000000 0.015721 0.993982 -0.108409 13.369100 -0.058707 0.109153 0.992290 0.000000 0.000000 0.000000 0.000000 1.000000
0.998265 -0.014242 0.057128 0.000000 0.020650 0.993357 -0.113201 13.369100 -0.055136 0.114185 0.991928 0.000000 0.000000 0.000000 0.000000 1.000000
0.998293 -0.018374 0.055445 -0.000000 0.024748 0.992875 -0.116559 13.369100 -0.052909 0.117732 0.991635 0.000000 0.000000 0.000000 0.000000 1.000000
0.998306 -0.021533 0.054050 0.000000 0.027854 0.992496 -0.119065 13.369100 -0.051081 0.120369 0.991414 0.000000 0.000000 0.000000 0.000000 1.000000
0.998323 -0.024344 0.052521 0.000000 0.030556 0.992191 -0.120924 13.369100 -0.049167 0.122326 0.991271 0.000000 0.000000 0.000000 0.000000 1.000000
0.998298 -0.026898 0.051750 0.000000 0.033052 0.991978 -0.122013 13.369100 -0.048053 0.123516 0.991178 -0.000000 0.000000 0.000000 0.000000 1.000000</float_array><technique_common><accessor source="#mixamorig_Spine2-Matrix-animation-output-transform-array" count="51" stride="16"><param type="float4x4"/></accessor></technique_common></source><source id="mixamorig_Spine2-Interpolations"><Name_array id="mixamorig_Spine2-Interpolations-array" count="51">
 LINEAR LINEAR LINEAR LINEAR LINEAR LINEAR LINEAR LINEAR LINEAR LINEAR LINEAR
LINEAR LINEAR LINEAR LINEAR LINEAR LINEAR LINEAR LINEAR LINEAR LINEAR LINEAR LINEAR
LINEAR LINEAR LINEAR LINEAR LINEAR LINEAR LINEAR LINEAR LINEAR LINEAR LINEAR LINEAR
LINEAR LINEAR LINEAR LINEAR LINEAR LINEAR LINEAR LINEAR LINEAR LINEAR LINEAR LINEAR
LINEAR LINEAR LINEAR LINEAR</Name_array><technique_common><accessor source="#mixamorig_Spine2-Interpolations-array" count="51"><param type="name"/></accessor></technique_common></source><sampler id="mixamorig_Spine2-Matrix-animation-transform"><input semantic="INPUT" source="#mixamorig_Spine2-Matrix-animation-input"/><input semantic="OUTPUT" source="#mixamorig_Spine2-Matrix-animation-output-transform"/><input semantic="INTERPOLATION" source="#mixamorig_Spine2-Interpolations"/></sampler><channel source="#mixamorig_Spine2-Matrix-animation-transform" target="mixamorig_Spine2/matrix"/><source id="mixamorig_Neck-Matrix-animation-input"><float_array id="mixamorig_Neck-Matrix-animation-input-array" count="51">

0.000000 0.033333 0.066667 0.100000 0.133333 0.166667 0.200000 0.233333 0.266667 0.300000 0.333333 0.366667 0.400000 0.433333 0.466667 0.500000
0.533333 0.566667 0.600000 0.633333 0.666667 0.700000 0.733333 0.766667 0.800000 0.833333 0.866667 0.900000 0.933333 0.966667 1.000000 1.033333
1.066667 1.100000 1.133333 1.166667 1.200000 1.233333 1.266667 1.300000 1.333333 1.366667 1.400000 1.433333 1.466667 1.500000 1.533333 1.566667
