<?xml version="1.0" encoding="utf-8"?>
<COLLADA xmlns="http://www.collada.org/2005/11/COLLADASchema" version="1.4.1">
  <asset><contributor><author>Mixamo</author><authoring_tool>COLLADA Mixamo exporter</authoring_tool><comments></comments></contributor><created>2018-01-01T14:22:20Z</created><modified>2018-01-01T14:22:20Z</modified><revision></revision><title></title><unit meter="0.010000"/><up_axis>Y_UP</up_axis></asset>
  <library_animations>
    <animation id="mixamorig_Hips-anim" name="mixamorig_Hips"><source id="mixamorig_Hips-Matrix-animation-input"><float_array id="mixamorig_Hips-Matrix-animation-input-array" count="58">

0.000000 0.033333 0.066667 0.100000 0.133333 0.166667 0.200000 0.233333 0.266667 0.300000 0.333333 0.366667 0.400000 0.433333 0.466667 0.500000
0.533333 0.566667 0.600000 0.633333 0.666667 0.700000 0.733333 0.766667 0.800000 0.833333 0.866667 0.900000 0.933333 0.966667 1.000000 1.033333
1.066667 1.100000 1.133333 1.166667 1.200000 1.233333 1.266667 1.300000 1.333333 1.366667 1.400000 1.433333 1.466667 1.500000 1.533333 1.566667
1.600000 1.633333 1.666667 1.700000 1.733333 1.766667 1.800000 1.833333 1.866667 1.900000</float_array><technique_common><accessor source="#mixamorig_Hips-Matrix-animation-input-array" count="58"><param name="TIME" type="float"/></accessor></technique_common></source><source id="mixamorig_Hips-Matrix-animation-output-transform"><float_array id="mixamorig_Hips-Matrix-animation-output-transform-array" count="928">

0.522485 -0.075434 -0.849305 0.191900 0.011597 0.996615 -0.081384 87.346230 0.852570 0.032673 0.521591 -0.287990 0.000000 0.000000 0.000000 1.000000
0.519825 -0.080595 -0.850463 0.223934 0.017334 0.996330 -0.083824 87.468094 0.854097 0.028832 0.519314 -0.479663 0.000000 0.000000 0.000000 1.000000
0.514521 -0.086132 -0.853141 0.264052 0.023799 0.995993 -0.086201 87.619263 0.857147 0.024048 0.514510 -0.681220 0.000000 0.000000 0.000000 1.000000
0.501993 -0.092638 -0.859896 0.326055 0.032069 0.995557 -0.088532 87.854950 0.864277 0.016866 0.502734 -0.912563 0.000000 0.000000 0.000000 1.000000
0.485197 -0.099410 -0.868736 0.400881 0.040961 0.995010 -0.090983 88.126694 0.873445 0.008560 0.486847 -1.153515 0.000000 0.000000 0.000000 1.000000
0.461614 -0.106328 -0.880685 0.497734 0.050911 0.994330 -0.093364 88.421005 0.885619 -0.001738 0.464410 -1.388011 0.000000 0.000000 0.000000 1.000000
0.431480 -0.112790 -0.895044 0.606744 0.061180 0.993528 -0.095707 88.683723 0.900046 -0.013464 0.435587 -1.576474 0.000000 0.000000 0.000000 1.000000
0.394714 -0.118269 -0.911161 0.719025 0.071470 0.992628 -0.097883 88.858597 0.916020 -0.026485 0.400257 -1.671033 0.000000 0.000000 0.000000 1.000000
0.351957 -0.122518 -0.927963 0.819546 0.082000 0.991621 -0.099821 88.882294 0.932417 -0.040960 0.359054 -1.641305 0.000000 0.000000 0.000000 1.000000
0.304749 -0.125091 -0.944182 0.897165 0.092942 0.990512 -0.101230 88.710281 0.947887 -0.056904 0.313484 -1.470539 0.000000 0.000000 0.000000 1.000000
0.254944 -0.125188 -0.958818 0.946205 0.104396 0.989351 -0.101417 88.331345 0.961304 -0.074241 0.265299 -1.146970 0.000000 0.000000 0.000000 1.000000
0.204165 -0.122354 -0.971260 0.958742 0.115967 0.988195 -0.100111 87.763901 0.972043 -0.092195 0.215944 -0.656959 0.000000 0.000000 0.000000 1.000000
0.154202 -0.117090 -0.981077 0.921230 0.127026 0.987062 -0.097839 87.052727 0.979840 -0.109535 0.167081 0.008069 0.000000 0.000000 0.000000 1.000000
0.107473 -0.110013 -0.988103 0.822263 0.137752 0.985921 -0.094787 86.252129 0.984619 -0.125926 0.121115 0.847007 0.000000 0.000000 0.000000 1.000000
0.066372 -0.101077 -0.992662 0.656751 0.148736 0.984743 -0.090326 85.416916 0.986647 -0.141650 0.080393 1.847446 0.000000 0.000000 0.000000 1.000000
0.032824 -0.089895 -0.995410 0.432985 0.159419 0.983667 -0.083578 84.598358 0.986665 -0.155944 0.046619 2.988081 0.000000 0.000000 0.000000 1.000000
0.008946 -0.076306 -0.997044 0.179185 0.168231 0.982987 -0.073720 83.815842 0.985707 -0.167074 0.021631 4.237016 0.000000 0.000000 0.000000 1.000000
-0.002701 -0.060440 -0.998168 -0.072674 0.173333 0.983034 -0.059993 83.075089 0.984860 -0.173178 0.007821 5.560297 0.000000 0.000000 0.000000 1.000000
0.001048 -0.042631 -0.999090 -0.305300 0.173197 0.984000 -0.041805 82.393929 0.984887 -0.172995 0.008415 6.918736 0.000000 0.000000 0.000000 1.000000
0.024263 -0.023479 -0.999430 -0.509783 0.166264 0.985896 -0.019124 81.814903 0.985783 -0.165705 0.027825 8.256836 0.000000 0.000000 0.000000 1.000000
0.070281 -0.003655 -0.997521 -0.679520 0.149701 0.988707 0.006925 81.382492 0.986230 -0.149816 0.070034 9.496044 0.000000 0.000000 0.000000 1.000000
0.139526 0.017093 -0.990071 -0.833592 0.119078 0.992306 0.033913 81.161263 0.983032 -0.122628 0.136417 10.545671 0.000000 0.000000 0.000000 1.000000
0.230474 0.040736 -0.972225 -1.041804 0.070055 0.995836 0.058332 81.242935 0.970553 -0.081553 0.226661 11.306738 0.000000 0.000000 0.000000 1.000000
0.342296 0.070422 -0.936949 -1.404516 0.000744 0.997167 0.075220 81.780968 0.939592 -0.026445 0.341274 11.698444 0.000000 0.000000 0.000000 1.000000
0.473880 0.108053 -0.873935 -1.985382 -0.084959 0.993423 0.076759 82.939987 0.876482 0.037875 0.479943 11.687011 0.000000 0.000000 0.000000 1.000000
0.617155 0.150650 -0.772285 -2.725188 -0.175051 0.983190 0.051904 84.741386 0.767122 0.103156 0.633152 11.347832 0.000000 0.000000 0.000000 1.000000
0.753453 0.187993 -0.630054 -3.440181 -0.248183 0.968682 -0.007760 86.962776 0.608863 0.162215 0.776513 10.854322 0.000000 0.000000 0.000000 1.000000
0.862472 0.205423 -0.462540 -3.887478 -0.278716 0.955634 -0.095290 89.099297 0.422445 0.211102 0.881463 10.362972 0.000000 0.000000 0.000000 1.000000
0.933929 0.193968 -0.300257 -3.917216 -0.255151 0.950016 -0.179913 90.779053 0.250351 0.244636 0.936738 10.017456 0.000000 0.000000 0.000000 1.000000
0.970750 0.161741 -0.177436 -3.643302 -0.200980 0.951722 -0.232018 92.015350 0.131343 0.260893 0.956391 9.775661 0.000000 0.000000 0.000000 1.000000
0.986000 0.130805 -0.103415 -3.334697 -0.153164 0.955638 -0.251589 92.892159 0.065918 0.263906 0.962293 9.787954 0.000000 0.000000 0.000000 1.000000
0.991782 0.118082 -0.049247 -3.261385 -0.126841 0.957841 -0.257782 93.394241 0.016731 0.261910 0.964947 10.128114 0.000000 0.000000 0.000000 1.000000
0.992164 0.124663 0.008396 -3.426722 -0.118132 0.957830 -0.261929 93.450043 -0.040695 0.258885 0.965051 10.753412 0.000000 0.000000 0.000000 1.000000
0.988700 0.143603 0.043009 -3.567048 -0.127927 0.957830 -0.257287 93.035873 -0.078142 0.248878 0.965377 11.477285 0.000000 0.000000 0.000000 1.000000
0.986022 0.160136 0.046014 -3.523638 -0.144061 0.958139 -0.247419 92.533600 -0.083709 0.237331 0.967815 12.150749 0.000000 0.000000 0.000000 1.000000
0.985647 0.167590 -0.020356 -3.018536 -0.167855 0.959962 -0.224271 92.053772 -0.018045 0.224469 0.974314 12.656638 0.000000 0.000000 0.000000 1.000000
0.978388 0.170008 -0.117707 -2.306501 -0.190422 0.962667 -0.192383 91.597816 0.080606 0.210639 0.974235 13.046980 0.000000 0.000000 0.000000 1.000000
0.959521 0.153443 -0.236167 -1.441872 -0.194512 0.967483 -0.161682 91.287727 0.203679 0.201075 0.958167 13.177641 0.000000 0.000000 0.000000 1.000000
0.924692 0.125054 -0.359593 -0.477127 -0.183750 0.973817 -0.133851 91.042221 0.333439 0.189846 0.923459 13.014578 0.000000 0.000000 0.000000 1.000000
0.872008 0.090614 -0.481032 0.509029 -0.163604 0.980154 -0.111943 90.812454 0.461342 0.176313 0.869527 12.571869 0.000000 0.000000 0.000000 1.000000
0.804870 0.055258 -0.590873 1.397200 -0.140519 0.985087 -0.099286 90.583496 0.576575 0.162941 0.800632 11.936550 0.000000 0.000000 0.000000 1.000000
0.732935 0.022477 -0.679927 2.100178 -0.119431 0.988183 -0.096074 90.327782 0.669733 0.151620 0.726958 11.173695 0.000000 0.000000 0.000000 1.000000
0.666454 -0.005418 -0.745527 2.579943 -0.102101 0.989889 -0.098466 89.997971 0.738522 0.141742 0.659162 10.285270 0.000000 0.000000 0.000000 1.000000
0.613000 -0.027763 -0.789595 2.865912 -0.088149 0.990740 -0.103269 89.551247 0.785150 0.132906 0.604876 9.215441 0.000000 0.000000 0.000000 1.000000
0.576101 -0.045367 -0.816118 3.027714 -0.076273 0.991118 -0.108936 89.012428 0.813812 0.125006 0.567524 7.959364 0.000000 0.000000 0.000000 1.000000
0.552236 -0.058957 -0.831600 3.088920 -0.065062 0.991406 -0.113492 88.429527 0.831145 0.116780 0.543655 6.613563 0.000000 0.000000 0.000000 1.000000
0.535753 -0.069402 -0.841518 3.049237 -0.053139 0.991870 -0.115632 87.857613 0.842701 0.106668 0.527709 5.321483 0.000000 0.000000 0.000000 1.000000
0.523560 -0.076870 -0.848514 2.934308 -0.041132 0.992480 -0.115292 87.357910 0.850995 0.095263 0.516461 4.166146 0.000000 0.000000 0.000000 1.000000
0.512446 -0.081010 -0.854890 2.723572 -0.030509 0.993194 -0.112404 86.954582 0.858177 0.083683 0.506487 3.148609 0.000000 0.000000 0.000000 1.000000
0.502998 -0.082306 -0.860360 2.385839 -0.021231 0.993978 -0.107501 86.717514 0.864027 0.072339 0.498222 2.317295 0.000000 0.000000 0.000000 1.000000
0.498578 -0.081514 -0.863004 2.022772 -0.013630 0.994709 -0.101829 86.677460 0.866738 0.062533 0.494829 1.637416 0.000000 0.000000 0.000000 1.000000
0.496959 -0.080790 -0.864005 1.676428 -0.007025 0.995250 -0.097102 86.783714 0.867746 0.054325 0.494030 1.088577 0.000000 0.000000 0.000000 1.000000
0.497166 -0.080768 -0.863888 1.354701 -0.000791 0.995615 -0.093539 86.948822 0.867655 0.047188 0.494922 0.657124 0.000000 0.000000 0.000000 1.000000
0.499128 -0.080768 -0.862756 1.058591 0.004344 0.995867 -0.090716 87.111267 0.866517 0.041531 0.497416 0.331358 0.000000 0.000000 0.000000 1.000000
0.502847 -0.080334 -0.860635 0.792163 0.007784 0.996052 -0.088426 87.240219 0.864341 0.037766 0.501487 0.088778 0.000000 0.000000 0.000000 1.000000
0.508003 -0.079295 -0.857698 0.554910 0.009788 0.996221 -0.086304 87.322372 0.861300 0.035448 0.506859 -0.088072 0.000000 0.000000 0.000000 1.000000
0.514449 -0.077577 -0.854005 0.350971 0.010884 0.996410 -0.083957 87.356407 0.857452 0.033897 0.513446 -0.209679 0.000000 0.000000 0.000000 1.000000
0.522485 -0.075434 -0.849305 0.191902 0.011596 0.996615 -0.081384 87.346222 0.852570 0.032673 0.521592 -0.287990 0.000000 0.000000 0.000000 1.000000</float_array><technique_common><accessor source="#mixamorig_Hips-Matrix-animation-output-transform-array" count="58" stride="16"><param type="float4x4"/></accessor></technique_common></source><source id="mixamorig_Hips-Interpolations"><Name_array id="mixamorig_Hips-Interpolations-array" count="58">
 LINEAR LINEAR LINEAR LINEAR LINEAR LINEAR LINEAR LINEAR LINEAR LINEAR LINEAR
LINEAR LINEAR LINEAR LINEAR LINEAR LINEAR LINEAR LINEAR LINEAR LINEAR LINEAR LINEAR
LINEAR LINEAR LINEAR LINEAR LINEAR LINEAR LINEAR LINEAR LINEAR LINEAR LINEAR LINEAR
LINEAR LINEAR LINEAR LINEAR LINEAR LINEAR LINEAR LINEAR LINEAR LINEAR LINEAR LINEAR
LINEAR LINEAR LINEAR LINEAR LINEAR LINEAR LINEAR LINEAR LINEAR LINEAR LINEAR</Name_array><technique_common><accessor source="#mixamorig_Hips-Interpolations-array" count="58"><param type="name"/></accessor></technique_common></source><sampler id="mixamorig_Hips-Matrix-animation-transform"><input semantic="INPUT" source="#mixamorig_Hips-Matrix-animation-input"/><input semantic="OUTPUT" source="#mixamorig_Hips-Matrix-animation-output-transform"/><input semantic="INTERPOLATION" source="#mixamorig_Hips-Interpolations"/></sampler><channel source="#mixamorig_Hips-Matrix-animation-transform" target="mixamorig_Hips/matrix"/><source id="mixamorig_Spine-Matrix-animation-input"><float_array id="mixamorig_Spine-Matrix-animation-input-array" count="58">

0.000000 0.033333 0.066667 0.100000 0.133333 0.166667 0.200000 0.233333 0.266667 0.300000 0.333333 0.366667 0.400000 0.433333 0.466667 0.500000
0.533333 0.566667 0.600000 0.633333 0.666667 0.700000 0.733333 0.766667 0.800000 0.833333 0.866667 0.900000 0.933333 0.966667 1.000000 1.033333
1.066667 1.100000 1.133333 1.166667 1.200000 1.233333 1.266667 1.300000 1.333333 1.366667 1.400000 1.433333 1.466667 1.500000 1.533333 1.566667
1.600000 1.633333 1.666667 1.700000 1.733333 1.766667 1.800000 1.833333 1.866667 1.900000</float_array><technique_common><accessor source="#mixamorig_Spine-Matrix-animation-input-array" count="58"><param name="TIME" type="float"/></accessor></technique_common></source><source id="mixamorig_Spine-Matrix-animation-output-transform"><float_array id="mixamorig_Spine-Matrix-animation-output-transform-array" count="928">

0.999081 0.010338 0.041604 -0.000000 -0.006377 0.995530 -0.094235 9.923500 -0.042392 0.093883 0.994680 -1.227300 0.000000 0.000000 0.000000 1.000000
0.999032 0.010829 0.042625 0.000000 -0.006791 0.995571 -0.093768 9.923500 -0.043451 0.093388 0.994681 -1.227300 0.000000 0.000000 0.000000 1.000000
0.998996 0.011159 0.043390 0.000000 -0.007066 0.995607 -0.093364 9.923500 -0.044241 0.092964 0.994686 -1.227300 0.000000 0.000000 0.000000 1.000000
0.998992 0.011093 0.043487 0.000000 -0.007000 0.995627 -0.093153 9.923500 -0.044330 0.092755 0.994702 -1.227300 0.000000 0.000000 0.000000 1.000000
0.999012 0.010694 0.043126 0.000000 -0.006644 0.995646 -0.092983 9.923500 -0.043933 0.092605 0.994733 -1.227300 0.000000 0.000000 0.000000 1.000000
0.999082 0.009433 0.041784 0.000000 -0.005525 0.995681 -0.092674 9.923500 -0.042477 0.092358 0.994819 -1.227300 0.000000 0.000000 0.000000 1.000000
0.999173 0.007588 0.039936 -0.000000 -0.003866 0.995709 -0.092457 9.923500 -0.040467 0.092226 0.994916 -1.227300 0.000000 0.000000 0.000000 1.000000
0.999270 0.005164 0.037863 0.000000 -0.001638 0.995705 -0.092565 9.923500 -0.038178 0.092435 0.994987 -1.227300 0.000000 0.000000 0.000000 1.000000
0.999359 0.002243 0.035725 0.000000 0.001089 0.995668 -0.092971 9.923500 -0.035779 0.092950 0.995028 -1.227300 0.000000 0.000000 0.000000 1.000000
0.999436 -0.001484 0.033537 -0.000000 0.004614 0.995614 -0.093446 9.923500 -0.033252 0.093548 0.995059 -1.227300 0.000000 0.000000 0.000000 1.000000
0.999502 -0.006401 0.030897 0.000000 0.009280 0.995535 -0.093935 9.923500 -0.030157 0.094175 0.995099 -1.227300 0.000000 0.000000 0.000000 1.000000
0.999553 -0.012590 0.027104 0.000000 0.015103 0.995402 -0.094585 9.923500 -0.025788 0.094953 0.995148 -1.227300 0.000000 0.000000 0.000000 1.000000
0.999571 -0.019566 0.021784 0.000000 0.021560 0.995204 -0.095411 9.923500 -0.019812 0.095840 0.995200 -1.227300 0.000000 0.000000 0.000000 1.000000
0.999538 -0.026346 0.015133 0.000000 0.027682 0.994979 -0.096177 9.923500 -0.012524 0.096551 0.995249 -1.227300 0.000000 0.000000 0.000000 1.000000
0.999456 -0.032083 0.007669 0.000000 0.032674 0.994785 -0.096621 9.923500 -0.004529 0.096819 0.995292 -1.227300 0.000000 0.000000 0.000000 1.000000
0.999320 -0.036859 -0.000055 0.000000 0.036681 0.994646 -0.096607 9.923500 0.003615 0.096540 0.995323 -1.227300 0.000000 0.000000 0.000000 1.000000
0.999131 -0.040990 -0.007574 0.000000 0.040075 0.994574 -0.096001 9.923500 0.011468 0.095614 0.995352 -1.227300 0.000000 0.000000 0.000000 1.000000
0.998911 -0.044347 -0.014465 0.000000 0.042784 0.994588 -0.094677 9.923500 0.018585 0.093955 0.995403 -1.227300 0.000000 0.000000 0.000000 1.000000
0.998704 -0.046614 -0.020454 0.000000 0.044530 0.994704 -0.092638 9.923500 0.024664 0.091607 0.995490 -1.227300 0.000000 0.000000 0.000000 1.000000
0.998531 -0.047790 -0.025534 0.000000 0.045323 0.994934 -0.089737 9.923500 0.029693 0.088448 0.995638 -1.227300 0.000000 0.000000 0.000000 1.000000
0.998393 -0.048130 -0.029922 0.000000 0.045419 0.995303 -0.085493 9.923500 0.033897 0.083996 0.995889 -1.227300 0.000000 0.000000 0.000000 1.000000
0.998265 -0.047842 -0.034313 0.000000 0.044996 0.995826 -0.079409 9.923500 0.037969 0.077727 0.996251 -1.227300 0.000000 0.000000 0.000000 1.000000
0.998120 -0.046587 -0.039818 0.000000 0.043671 0.996505 -0.071204 9.923500 0.042996 0.069332 0.996667 -1.227300 0.000000 0.000000 0.000000 1.000000
0.997990 -0.043170 -0.046403 0.000000 0.040317 0.997339 -0.060745 9.923500 0.048902 0.058752 0.997074 -1.227300 0.000000 0.000000 0.000000 1.000000
0.998052 -0.035215 -0.051501 0.000000 0.032726 0.998292 -0.048397 9.923500 0.053117 0.046617 0.997500 -1.227300 0.000000 0.000000 0.000000 1.000000
0.998463 -0.021005 -0.051287 0.000000 0.019178 0.999173 -0.035865 9.923500 0.051998 0.034826 0.998040 -1.227300 0.000000 0.000000 0.000000 1.000000
0.999069 -0.001628 -0.043106 0.000000 0.000498 0.999656 -0.026219 9.923500 0.043133 0.026173 0.998726 -1.227300 0.000000 0.000000 0.000000 1.000000
0.999528 0.017784 -0.025056 0.000000 -0.018351 0.999576 -0.022612 9.923500 0.024643 0.023062 0.999430 -1.227300 0.000000 0.000000 0.000000 1.000000
0.999466 0.032289 0.005031 0.000000 -0.032143 0.999122 -0.026882 9.923500 -0.005895 0.026706 0.999626 -1.227300 0.000000 0.000000 0.000000 1.000000
0.998149 0.041753 0.044226 0.000000 -0.040076 0.998468 -0.038156 9.923500 -0.045751 0.036313 0.998293 -1.227300 0.000000 0.000000 0.000000 1.000000
0.995513 0.046801 0.082241 0.000000 -0.042652 0.997761 -0.051510 9.923500 -0.084467 0.047771 0.995280 -1.227300 0.000000 0.000000 0.000000 1.000000
0.993113 0.048112 0.106831 0.000000 -0.041782 0.997280 -0.060718 9.923500 -0.109461 0.055836 0.992422 -1.227300 0.000000 0.000000 0.000000 1.000000
0.992733 0.045622 0.111357 0.000000 -0.038639 0.997196 -0.064086 9.923500 -0.113968 0.059317 0.991712 -1.227300 0.000000 0.000000 0.000000 1.000000
0.994214 0.041376 0.099133 0.000000 -0.034912 0.997204 -0.066075 9.923500 -0.101590 0.062232 0.992878 -1.227300 0.000000 0.000000 0.000000 1.000000
0.995630 0.037347 0.085598 0.000000 -0.031575 0.997198 -0.067818 9.923500 -0.087891 0.064819 0.994019 -1.227300 0.000000 0.000000 0.000000 1.000000
0.996318 0.035061 0.078240 0.000000 -0.029630 0.997140 -0.069528 9.923500 -0.080454 0.066953 0.994507 -1.227300 0.000000 0.000000 0.000000 1.000000
0.996801 0.033419 0.072605 0.000000 -0.028258 0.997077 -0.070982 9.923500 -0.074765 0.068703 0.994832 -1.227300 0.000000 0.000000 0.000000 1.000000
0.997249 0.032005 0.066859 0.000000 -0.027202 0.997065 -0.071561 9.923500 -0.068953 0.069545 0.995193 -1.227300 0.000000 0.000000 0.000000 1.000000
0.997714 0.031003 0.060050 0.000000 -0.026563 0.996950 -0.073389 9.923500 -0.062142 0.071627 0.995494 -1.227300 0.000000 0.000000 0.000000 1.000000
0.998016 0.030612 0.055024 0.000000 -0.026381 0.996756 -0.076034 9.923500 -0.057173 0.074431 0.995586 -1.227300 0.000000 0.000000 0.000000 1.000000
0.998133 0.030239 0.053065 0.000000 -0.026003 0.996553 -0.078778 9.923500 -0.055265 0.077251 0.995479 -1.227300 0.000000 0.000000 0.000000 1.000000
0.998154 0.029473 0.053103 0.000000 -0.025106 0.996388 -0.081119 9.923500 -0.055302 0.079636 0.995289 -1.227300 0.000000 0.000000 0.000000 1.000000
0.998194 0.028379 0.052940 -0.000000 -0.023918 0.996257 -0.083064 9.923500 -0.055099 0.081648 0.995137 -1.227300 0.000000 0.000000 0.000000 1.000000
0.998341 0.026740 0.050989 -0.000000 -0.022348 0.996144 -0.084837 9.923500 -0.053061 0.083557 0.995089 -1.227300 0.000000 0.000000 0.000000 1.000000
0.998571 0.024335 0.047573 0.000000 -0.020137 0.996021 -0.086813 9.923500 -0.049496 0.085731 0.995088 -1.227300 0.000000 0.000000 0.000000 1.000000
0.998778 0.021532 0.044480 0.000000 -0.017497 0.995861 -0.089188 9.923500 -0.046216 0.088301 0.995021 -1.227300 0.000000 0.000000 0.000000 1.000000
0.998903 0.019386 0.042637 0.000000 -0.015419 0.995689 -0.091462 9.923500 -0.044227 0.090704 0.994895 -1.227300 0.000000 0.000000 0.000000 1.000000
0.998979 0.017973 0.041453 0.000000 -0.014041 0.995544 -0.093251 9.923500 -0.042944 0.092574 0.994779 -1.227300 0.000000 0.000000 0.000000 1.000000
0.999050 0.016611 0.040280 0.000000 -0.012735 0.995430 -0.094642 9.923500 -0.041668 0.094040 0.994696 -1.227300 0.000000 0.000000 0.000000 1.000000
0.999115 0.015312 0.039172 0.000000 -0.011507 0.995355 -0.095577 9.923500 -0.040453 0.095042 0.994651 -1.227300 0.000000 0.000000 0.000000 1.000000
0.999151 0.013933 0.038758 0.000000 -0.010137 0.995284 -0.096478 9.923500 -0.039919 0.096003 0.994580 -1.227300 0.000000 0.000000 0.000000 1.000000
0.999170 0.012681 0.038714 0.000000 -0.008876 0.995252 -0.096921 9.923500 -0.039759 0.096497 0.994539 -1.227300 0.000000 0.000000 0.000000 1.000000
0.999171 0.012023 0.038905 0.000000 -0.008213 0.995285 -0.096649 9.923500 -0.039884 0.096249 0.994558 -1.227300 0.000000 0.000000 0.000000 1.000000
0.999158 0.011718 0.039327 0.000000 -0.007896 0.995352 -0.095977 9.923500 -0.040269 0.095586 0.994606 -1.227300 0.000000 0.000000 0.000000 1.000000
0.999139 0.011328 0.039900 0.000000 -0.007479 0.995418 -0.095324 9.923500 -0.040797 0.094943 0.994646 -1.227300 0.000000 0.000000 0.000000 1.000000
0.999120 0.010932 0.040506 0.000000 -0.007046 0.995466 -0.094852 9.923500 -0.041359 0.094483 0.994667 -1.227300 0.000000 0.000000 0.000000 1.000000
0.999101 0.010664 0.041040 0.000000 -0.006743 0.995501 -0.094509 9.923500 -0.041863 0.094147 0.994678 -1.227300 0.000000 0.000000 0.000000 1.000000
0.999081 0.010338 0.041604 0.000000 -0.006377 0.995530 -0.094235 9.923500 -0.042392 0.093883 0.994680 -1.227300 0.000000 0.000000 0.000000 1.000000</float_array><technique_common><accessor source="#mixamorig_Spine-Matrix-animation-output-transform-array" count="58" stride="16"><param type="float4x4"/></accessor></technique_common></source><source id="mixamorig_Spine-Interpolations"><Name_array id="mixamorig_Spine-Interpolations-array" count="58">
 LINEAR LINEAR LINEAR LINEAR LINEAR LINEAR LINEAR LINEAR LINEAR LINEAR LINEAR
LINEAR LINEAR LINEAR LINEAR LINEAR LINEAR LINEAR LINEAR LINEAR LINEAR LINEAR LINEAR
LINEAR LINEAR LINEAR LINEAR LINEAR LINEAR LINEAR LINEAR LINEAR LINEAR LINEAR LINEAR
LINEAR LINEAR LINEAR LINEAR LINEAR LINEAR LINEAR LINEAR LINEAR LINEAR LINEAR LINEAR
LINEAR LINEAR LINEAR LINEAR LINEAR LINEAR LINEAR LINEAR LINEAR LINEAR LINEAR</Name_array><technique_common><accessor source="#mixamorig_Spine-Interpolations-array" count="58"><param type="name"/></accessor></technique_common></source><sampler id="mixamorig_Spine-Matrix-animation-transform"><input semantic="INPUT" source="#mixamorig_Spine-Matrix-animation-input"/><input semantic="OUTPUT" source="#mixamorig_Spine-Matrix-animation-output-transform"/><input semantic="INTERPOLATION" source="#mixamorig_Spine-Interpolations"/></sampler><channel source="#mixamorig_Spine-Matrix-animation-transform" target="mixamorig_Spine/matrix"/><source id="mixamorig_Spine1-Matrix-animation-input"><float_array id="mixamorig_Spine1-Matrix-animation-input-array" count="58">

0.000000 0.033333 0.066667 0.100000 0.133333 0.166667 0.200000 0.233333 0.266667 0.300000 0.333333 0.366667 0.400000 0.433333 0.466667 0.500000
0.533333 0.566667 0.600000 0.633333 0.666667 0.700000 0.733333 0.766667 0.800000 0.833333 0.866667 0.900000 0.933333 0.966667 1.000000 1.033333
1.066667 1.100000 1.133333 1.166667 1.200000 1.233333 1.266667 1.300000 1.333333 1.366667 1.400000 1.433333 1.466667 1.500000 1.533333 1.566667
1.600000 1.633333 1.666667 1.700000 1.733333 1.766667 1.800000 1.833333 1.866667 1.900000</float_array><technique_common><accessor source="#mixamorig_Spine1-Matrix-animation-input-array" count="58"><param name="TIME" type="float"/></accessor></technique_common></source><source id="mixamorig_Spine1-Matrix-animation-output-transform"><float_array id="mixamorig_Spine1-Matrix-animation-output-transform-array" count="928">

0.998304 -0.026391 0.051888 -0.000100 0.032447 0.992297 -0.119555 11.645400 -0.048333 0.121036 0.991471 -1.422300 0.000000 0.000000 0.000000 1.000000
0.998246 -0.025949 0.053204 -0.000100 0.032122 0.992415 -0.118666 11.645400 -0.049721 0.120167 0.991508 -1.422300 0.000000 0.000000 0.000000 1.000000
0.998198 -0.025752 0.054208 -0.000100 0.032013 0.992498 -0.117997 11.645400 -0.050762 0.119520 0.991533 -1.422300 0.000000 0.000000 0.000000 1.000000
0.998175 -0.026203 0.054398 -0.000100 0.032484 0.992483 -0.117993 11.645400 -0.050897 0.119544 0.991523 -1.422300 0.000000 0.000000 0.000000 1.000000
0.998172 -0.027067 0.054029 -0.000100 0.033309 0.992430 -0.118205 11.645400 -0.050420 0.119789 0.991518 -1.422300 0.000000 0.000000 0.000000 1.000000
0.998209 -0.028742 0.052460 -0.000100 0.034791 0.992369 -0.118291 11.645400 -0.048660 0.119904 0.991592 -1.422300 0.000000 0.000000 0.000000 1.000000
0.998260 -0.030807 0.050273 -0.000100 0.036573 0.992324 -0.118130 11.645400 -0.046247 0.119764 0.991725 -1.422300 0.000000 0.000000 0.000000 1.000000
0.998303 -0.033308 0.047759 -0.000100 0.038750 0.992259 -0.117988 11.645400 -0.043460 0.119639 0.991866 -1.422300 0.000000 0.000000 0.000000 1.000000
0.998301 -0.036806 0.045161 -0.000100 0.041930 0.992089 -0.118324 11.645400 -0.040448 0.120016 0.991948 -1.422300 0.000000 0.000000 0.000000 1.000000
0.998218 -0.041839 0.042538 -0.000100 0.046658 0.991745 -0.119432 11.645400 -0.037190 0.121204 0.991931 -1.422300 0.000000 0.000000 0.000000 1.000000
0.998058 -0.048242 0.039402 -0.000100 0.052692 0.991243 -0.121086 11.645400 -0.033215 0.122927 0.991860 -1.422300 0.000000 0.000000 0.000000 1.000000
0.997869 -0.055154 0.034867 -0.000100 0.059050 0.990661 -0.122901 11.645400 -0.027763 0.124698 0.991806 -1.422300 0.000000 0.000000 0.000000 1.000000
0.997694 -0.061623 0.028437 -0.000100 0.064708 0.990073 -0.124772 11.645400 -0.020466 0.126325 0.991778 -1.422300 0.000000 0.000000 0.000000 1.000000
0.997531 -0.067224 0.020333 -0.000100 0.069263 0.989552 -0.126451 11.645400 -0.011620 0.127547 0.991764 -1.422300 0.000000 0.000000 0.000000 1.000000
0.997331 -0.072152 0.011165 -0.000100 0.072987 0.989177 -0.127288 11.645400 -0.001860 0.127764 0.991803 -1.422300 0.000000 0.000000 0.000000 1.000000
0.997050 -0.076733 0.001566 -0.000100 0.076312 0.988987 -0.126815 11.645400 0.008182 0.126561 0.991925 -1.422300 0.000000 0.000000 0.000000 1.000000
0.996706 -0.080717 -0.007872 -0.000100 0.079104 0.988982 -0.125127 11.645400 0.017885 0.124092 0.992110 -1.422300 0.000000 0.000000 0.000000 1.000000
0.996386 -0.083305 -0.016581 -0.000100 0.080662 0.989175 -0.122581 11.645400 0.026613 0.120800 0.992320 -1.422300 0.000000 0.000000 0.000000 1.000000
0.996178 -0.083925 -0.024212 -0.000100 0.080470 0.989587 -0.119338 11.645400 0.033976 0.116934 0.992558 -1.422300 0.000000 0.000000 0.000000 1.000000
0.996108 -0.082594 -0.030779 -0.000100 0.078549 0.990237 -0.115154 11.645400 0.039989 0.112288 0.992871 -1.422300 0.000000 0.000000 0.000000 1.000000
0.996158 -0.079588 -0.036549 -0.000100 0.075168 0.991137 -0.109534 11.645400 0.044943 0.106366 0.993311 -1.422300 0.000000 0.000000 0.000000 1.000000
0.996295 -0.074854 -0.042339 -0.000100 0.070214 0.992294 -0.102096 11.645400 0.049655 0.098745 0.993873 -1.422300 0.000000 0.000000 0.000000 1.000000
0.996498 -0.067416 -0.049466 -0.000100 0.062628 0.993725 -0.092678 11.645400 0.055404 0.089256 0.994467 -1.422300 0.000000 0.000000 0.000000 1.000000
0.996800 -0.055059 -0.057948 -0.000100 0.050259 0.995425 -0.081262 11.645400 0.062157 0.078090 0.995007 -1.422300 0.000000 0.000000 0.000000 1.000000
0.997285 -0.035131 -0.064712 -0.000100 0.030674 0.997171 -0.068618 11.645400 0.066939 0.066447 0.995542 -1.422300 0.000000 0.000000 0.000000 1.000000
0.997857 -0.007546 -0.064999 -0.000100 0.003815 0.998348 -0.057324 11.645400 0.065324 0.056954 0.996237 -1.422300 0.000000 0.000000 0.000000 1.000000
0.998232 0.021531 -0.055407 -0.000100 -0.024354 0.998412 -0.050805 11.645400 0.054225 0.052065 0.997170 -1.422300 0.000000 0.000000 0.000000 1.000000
0.998656 0.039771 -0.033239 -0.000100 -0.041409 0.997885 -0.050111 11.645400 0.031176 0.051420 0.998190 -1.422300 0.000000 0.000000 0.000000 1.000000
0.999272 0.037857 0.004723 -0.000100 -0.037579 0.998084 -0.049164 11.645400 -0.006575 0.048951 0.998780 -1.422300 0.000000 0.000000 0.000000 1.000000
0.998237 0.022424 0.054955 -0.000100 -0.020091 0.998889 -0.042635 11.645400 -0.055850 0.041455 0.997578 -1.422300 0.000000 0.000000 0.000000 1.000000
0.994590 0.006903 0.103653 -0.000100 -0.003423 0.999426 -0.033710 11.645400 -0.103826 0.033172 0.994042 -1.422300 0.000000 0.000000 0.000000 1.000000
0.990837 0.000296 0.135064 -0.000100 0.003467 0.999612 -0.027623 11.645400 -0.135020 0.027838 0.990452 -1.422300 0.000000 0.000000 0.000000 1.000000
0.990020 0.002803 0.140901 -0.000100 0.001236 0.999591 -0.028570 11.645400 -0.140924 0.028459 0.989611 -1.422300 0.000000 0.000000 0.000000 1.000000
0.992094 0.008535 0.125209 -0.000100 -0.003376 0.999139 -0.041355 11.645400 -0.125454 0.040605 0.991268 -1.422300 0.000000 0.000000 0.000000 1.000000
0.994087 0.013830 0.107700 -0.000100 -0.007916 0.998447 -0.055151 11.645400 -0.108295 0.053972 0.992653 -1.422300 0.000000 0.000000 0.000000 1.000000
0.995022 0.017379 0.098127 -0.000100 -0.010946 0.997778 -0.065714 11.645400 -0.099051 0.064313 0.993002 -1.422300 0.000000 0.000000 0.000000 1.000000
0.995670 0.019991 0.090785 -0.000100 -0.013240 0.997144 -0.074360 11.645400 -0.092012 0.072836 0.993090 -1.422300 0.000000 0.000000 0.000000 1.000000
0.996294 0.020885 0.083440 -0.000100 -0.014375 0.996860 -0.077873 11.645400 -0.084805 0.076385 0.993465 -1.422300 0.000000 0.000000 0.000000 1.000000
0.996996 0.020455 0.074708 -0.000100 -0.014181 0.996401 -0.083572 11.645400 -0.076148 0.082261 0.993697 -1.422300 0.000000 0.000000 0.000000 1.000000
0.997468 0.019858 0.068289 -0.000100 -0.013638 0.995815 -0.090372 11.645400 -0.069797 0.089212 0.993564 -1.422300 0.000000 0.000000 0.000000 1.000000
0.997647 0.019127 0.065845 -0.000100 -0.012777 0.995344 -0.095536 11.645400 -0.067366 0.094470 0.993246 -1.422300 0.000000 0.000000 0.000000 1.000000
0.997673 0.017269 0.065963 -0.000100 -0.010746 0.995129 -0.097994 11.645400 -0.067334 0.097057 0.992998 -1.422300 0.000000 0.000000 0.000000 1.000000
0.997736 0.013826 0.065816 -0.000100 -0.007229 0.995018 -0.099429 11.645400 -0.066863 0.098728 0.992866 -1.422300 0.000000 0.000000 0.000000 1.000000
0.997945 0.009019 0.063443 -0.000100 -0.002505 0.994780 -0.102009 11.645400 -0.064032 0.101640 0.992758 -1.422300 0.000000 0.000000 0.000000 1.000000
0.998236 0.003227 0.059290 -0.000100 0.003109 0.994310 -0.106476 11.645400 -0.059297 0.106472 0.992546 -1.422300 0.000000 0.000000 0.000000 1.000000
0.998456 -0.002655 0.055489 -0.000100 0.008855 0.993694 -0.111780 11.645400 -0.054842 0.112099 0.992183 -1.422300 0.000000 0.000000 0.000000 1.000000
0.998553 -0.007874 0.053194 -0.000100 0.014024 0.993120 -0.116255 11.645400 -0.051913 0.116833 0.991794 -1.422300 0.000000 0.000000 0.000000 1.000000
0.998589 -0.012055 0.051709 -0.000100 0.018172 0.992668 -0.119501 11.645400 -0.049889 0.120272 0.991487 -1.422300 0.000000 0.000000 0.000000 1.000000
0.998621 -0.015333 0.050219 -0.000100 0.021372 0.992298 -0.122018 11.645400 -0.047961 0.122923 0.991257 -1.422300 0.000000 0.000000 0.000000 1.000000
0.998640 -0.018309 0.048825 -0.000100 0.024232 0.992032 -0.123632 11.645400 -0.046172 0.124647 0.991126 -1.422300 0.000000 0.000000 0.000000 1.000000
0.998613 -0.020917 0.048317 -0.000100 0.026804 0.991845 -0.124602 11.645400 -0.045317 0.125724 0.991030 -1.422300 0.000000 0.000000 0.000000 1.000000
0.998577 -0.022636 0.048278 -0.000100 0.028513 0.991779 -0.124744 11.645400 -0.045058 0.125943 0.991014 -1.422300 0.000000 0.000000 0.000000 1.000000
0.998540 -0.023732 0.048520 -0.000100 0.029596 0.991848 -0.123939 11.645400 -0.045183 0.125194 0.991103 -1.422300 0.000000 0.000000 0.000000 1.000000
0.998490 -0.024766 0.049035 -0.000100 0.030631 0.991971 -0.122704 11.645400 -0.045602 0.124020 0.991231 -1.422300 0.000000 0.000000 0.000000 1.000000
0.998433 -0.025634 0.049747 -0.000100 0.031531 0.992074 -0.121631 11.645400 -0.046234 0.123009 0.991328 -1.422300 0.000000 0.000000 0.000000 1.000000
0.998382 -0.026131 0.050512 -0.000100 0.032080 0.992158 -0.120800 11.645400 -0.046959 0.122225 0.991391 -1.422300 0.000000 0.000000 0.000000 1.000000
0.998343 -0.026300 0.051187 -0.000100 0.032298 0.992233 -0.120125 11.645400 -0.047630 0.121579 0.991438 -1.422300 0.000000 0.000000 0.000000 1.000000
0.998304 -0.026391 0.051888 -0.000100 0.032447 0.992297 -0.119555 11.645400 -0.048333 0.121036 0.991471 -1.422300 0.000000 0.000000 0.000000 1.000000</float_array><technique_common><accessor source="#mixamorig_Spine1-Matrix-animation-output-transform-array" count="58" stride="16"><param type="float4x4"/></accessor></technique_common></source><source id="mixamorig_Spine1-Interpolations"><Name_array id="mixamorig_Spine1-Interpolations-array" count="58">
 LINEAR LINEAR LINEAR LINEAR LINEAR LINEAR LINEAR LINEAR LINEAR LINEAR LINEAR
LINEAR LINEAR LINEAR LINEAR LINEAR LINEAR LINEAR LINEAR LINEAR LINEAR LINEAR LINEAR
LINEAR LINEAR LINEAR LINEAR LINEAR LINEAR LINEAR LINEAR LINEAR LINEAR LINEAR LINEAR
LINEAR LINEAR LINEAR LINEAR LINEAR LINEAR LINEAR LINEAR LINEAR LINEAR LINEAR LINEAR
LINEAR LINEAR LINEAR LINEAR LINEAR LINEAR LINEAR LINEAR LINEAR LINEAR LINEAR</Name_array><technique_common><accessor source="#mixamorig_Spine1-Interpolations-array" count="58"><param type="name"/></accessor></technique_common></source><sampler id="mixamorig_Spine1-Matrix-animation-transform"><input semantic="INPUT" source="#mixamorig_Spine1-Matrix-animation-input"/><input semantic="OUTPUT" source="#mixamorig_Spine1-Matrix-animation-output-transform"/><input semantic="INTERPOLATION" source="#mixamorig_Spine1-Interpolations"/></sampler><channel source="#mixamorig_Spine1-Matrix-animation-transform" target="mixamorig_Spine1/matrix"/><source id="mixamorig_Spine2-Matrix-animation-input"><float_array id="mixamorig_Spine2-Matrix-animation-input-array" count="58">

0.000000 0.033333 0.066667 0.100000 0.133333 0.166667 0.200000 0.233333 0.266667 0.300000 0.333333 0.366667 0.400000 0.433333 0.466667 0.500000
0.533333 0.566667 0.600000 0.633333 0.666667 0.700000 0.733333 0.766667 0.800000 0.833333 0.866667 0.900000 0.933333 0.966667 1.000000 1.033333
1.066667 1.100000 1.133333 1.166667 1.200000 1.233333 1.266667 1.300000 1.333333 1.366667 1.400000 1.433333 1.466667 1.500000 1.533333 1.566667
1.600000 1.633333 1.666667 1.700000 1.733333 1.766667 1.800000 1.833333 1.866667 1.900000</float_array><technique_common><accessor source="#mixamorig_Spine2-Matrix-animation-input-array" count="58"><param name="TIME" type="float"/></accessor></technique_common></source><source id="mixamorig_Spine2-Matrix-animation-output-transform"><float_array id="mixamorig_Spine2-Matrix-animation-output-transform-array" count="928">

0.997981 -0.026079 0.057912 0.000100 0.032751 0.992541 -0.117432 13.360200 -0.054418 0.119091 0.991391 -1.626500 0.000000 0.000000 0.000000 1.000000
0.997917 -0.025627 0.059203 0.000100 0.032403 0.992664 -0.116486 13.360200 -0.055784 0.118162 0.991426 -1.626500 0.000000 0.000000 0.000000 1.000000
0.997863 -0.025427 0.060192 0.000100 0.032281 0.992751 -0.115772 13.360200 -0.056812 0.117467 0.991450 -1.626500 0.000000 0.000000 0.000000 1.000000
0.997838 -0.025893 0.060405 0.000100 0.032768 0.992738 -0.115744 13.360200 -0.056969 0.117474 0.991441 -1.626500 0.000000 0.000000 0.000000 1.000000
0.997836 -0.026780 0.060059 0.000100 0.033621 0.992685 -0.115959 13.360200 -0.056514 0.117727 0.991437 -1.626500 0.000000 0.000000 0.000000 1.000000
0.997884 -0.028480 0.058451 0.000100 0.035131 0.992614 -0.116117 13.360200 -0.054712 0.117925 0.991514 -1.626500 0.000000 0.000000 0.000000 1.000000
0.997954 -0.030548 0.056165 0.000100 0.036916 0.992554 -0.116074 13.360200 -0.052201 0.117910 0.991651 -1.626500 0.000000 0.000000 0.000000 1.000000
0.998018 -0.033030 0.053564 0.000100 0.039076 0.992473 -0.116063 13.360200 -0.049327 0.117926 0.991797 -1.626500 0.000000 0.000000 0.000000 1.000000
0.998033 -0.036510 0.050961 0.000100 0.042249 0.992290 -0.116510 13.360200 -0.046314 0.118434 0.991881 -1.626500 0.000000 0.000000 0.000000 1.000000
0.997963 -0.041548 0.048401 0.000100 0.047006 0.991935 -0.117708 13.360200 -0.043120 0.119743 0.991868 -1.626500 0.000000 0.000000 0.000000 1.000000
0.997822 -0.047968 0.045276 0.000100 0.053081 0.991417 -0.119479 13.360200 -0.039156 0.121622 0.991804 -1.626500 0.000000 0.000000 0.000000 1.000000
0.997668 -0.054892 0.040560 0.000100 0.059454 0.990808 -0.121507 13.360200 -0.033517 0.123635 0.991762 -1.626500 0.000000 0.000000 0.000000 1.000000
0.997546 -0.061367 0.033714 0.000100 0.065095 0.990183 -0.123696 13.360200 -0.025792 0.125587 0.991747 -1.626500 0.000000 0.000000 0.000000 1.000000
0.997439 -0.066972 0.025087 0.000100 0.069610 0.989620 -0.125728 13.360200 -0.016406 0.127153 0.991747 -1.626500 0.000000 0.000000 0.000000 1.000000
0.997292 -0.071887 0.015491 0.000100 0.073275 0.989206 -0.126893 13.360200 -0.006201 0.127685 0.991795 -1.626500 0.000000 0.000000 0.000000 1.000000
0.997058 -0.076440 0.005635 0.000100 0.076537 0.988983 -0.126706 13.360200 0.004112 0.126765 0.991924 -1.626500 0.000000 0.000000 0.000000 1.000000
0.996754 -0.080408 -0.004003 0.000100 0.079275 0.988951 -0.125265 13.360200 0.014031 0.124541 0.992115 -1.626500 0.000000 0.000000 0.000000 1.000000
0.996464 -0.083007 -0.012993 0.000100 0.080793 0.989123 -0.122918 13.360200 0.023054 0.121434 0.992332 -1.626500 0.000000 0.000000 0.000000 1.000000
0.996272 -0.083664 -0.021013 0.000100 0.080570 0.989522 -0.119811 13.360200 0.030817 0.117671 0.992574 -1.626500 0.000000 0.000000 0.000000 1.000000
0.996206 -0.082382 -0.028047 0.000100 0.078625 0.990168 -0.115692 13.360200 0.037302 0.113048 0.992889 -1.626500 0.000000 0.000000 0.000000 1.000000
0.996249 -0.079423 -0.034347 0.000100 0.075215 0.991073 -0.110080 13.360200 0.042783 0.107083 0.993329 -1.626500 0.000000 0.000000 0.000000 1.000000
0.996371 -0.074717 -0.040770 0.000100 0.070209 0.992242 -0.102596 13.360200 0.048119 0.099361 0.993887 -1.626500 0.000000 0.000000 0.000000 1.000000
0.996544 -0.067268 -0.048725 0.000100 0.062527 0.993698 -0.093034 13.360200 0.054677 0.089666 0.994470 -1.626500 0.000000 0.000000 0.000000 1.000000
0.996798 -0.054815 -0.058209 0.000100 0.049996 0.995439 -0.081245 13.360200 0.062397 0.078075 0.994993 -1.626500 0.000000 0.000000 0.000000 1.000000
0.997226 -0.034656 -0.065867 0.000100 0.030169 0.997233 -0.067938 13.360200 0.068039 0.065762 0.995513 -1.626500 0.000000 0.000000 0.000000 1.000000
0.997765 -0.006738 -0.066477 0.000100 0.003012 0.998427 -0.055986 13.360200 0.066750 0.055661 0.996216 -1.626500 0.000000 0.000000 0.000000 1.000000
0.998155 0.022544 -0.056382 0.000100 -0.025343 0.998456 -0.049426 13.360200 0.055181 0.050764 0.997185 -1.626500 0.000000 0.000000 0.000000 1.000000
0.998630 0.040485 -0.033145 0.000100 -0.042100 0.997884 -0.049552 13.360200 0.031069 0.050880 0.998221 -1.626500 0.000000 0.000000 0.000000 1.000000
0.999270 0.037773 0.005793 0.000100 -0.037444 0.998091 -0.049106 13.360200 -0.007637 0.048853 0.998777 -1.626500 0.000000 0.000000 0.000000 1.000000
0.998140 0.022685 0.056579 0.000100 -0.020393 0.998961 -0.040766 13.360200 -0.057445 0.039536 0.997565 -1.626500 0.000000 0.000000 0.000000 1.000000
0.994346 0.009903 0.105728 0.000100 -0.006941 0.999574 -0.028343 13.360200 -0.105964 0.027449 0.993991 -1.626500 0.000000 0.000000 0.000000 1.000000
0.990520 0.006473 0.137216 0.000100 -0.003749 0.999791 -0.020099 13.360200 -0.137317 0.019394 0.990337 -1.626500 0.000000 0.000000 0.000000 1.000000
0.989724 0.009781 0.142655 0.000100 -0.006766 0.999744 -0.021604 13.360200 -0.142830 0.020416 0.989537 -1.626500 0.000000 0.000000 0.000000 1.000000
0.991806 0.013760 0.127012 0.000100 -0.009243 0.999306 -0.036083 13.360200 -0.127421 0.034614 0.991245 -1.626500 0.000000 0.000000 0.000000 1.000000
0.993825 0.017041 0.109639 0.000100 -0.011432 0.998603 -0.051580 13.360200 -0.110365 0.050008 0.992632 -1.626500 0.000000 0.000000 0.000000 1.000000
0.994790 0.019487 0.100070 0.000100 -0.013211 0.997926 -0.062998 13.360200 -0.101090 0.061348 0.992984 -1.626500 0.000000 0.000000 0.000000 1.000000
0.995468 0.021350 0.092671 0.000100 -0.014668 0.997282 -0.072199 13.360200 -0.093960 0.070513 0.993076 -1.626500 0.000000 0.000000 0.000000 1.000000
0.996128 0.021923 0.085135 0.000100 -0.015431 0.996974 -0.076184 13.360200 -0.086547 0.074575 0.993453 -1.626500 0.000000 0.000000 0.000000 1.000000
0.996846 0.021158 0.076489 0.000100 -0.014846 0.996508 -0.082166 13.360200 -0.077961 0.080771 0.993679 -1.626500 0.000000 0.000000 0.000000 1.000000
