<?xml version="1.0" encoding="utf-8"?>
<COLLADA xmlns="http://www.collada.org/2005/11/COLLADASchema" version="1.4.1">
  <asset><contributor><author>Mixamo</author><authoring_tool>COLLADA Mixamo exporter</authoring_tool><comments></comments></contributor><created>2018-01-13T15:10:16Z</created><modified>2018-01-13T15:10:16Z</modified><revision></revision><title></title><unit meter="0.010000"/><up_axis>Y_UP</up_axis></asset>
  <library_animations>
    <animation id="mixamorig_Hips-anim" name="mixamorig_Hips"><source id="mixamorig_Hips-Matrix-animation-input"><float_array id="mixamorig_Hips-Matrix-animation-input-array" count="17">

0.000000 0.033333 0.066667 0.100000 0.133333 0.166667 0.200000 0.233333 0.266667 0.300000 0.333333 0.366667 0.400000 0.433333 0.466667 0.500000
0.533333</float_array><technique_common><accessor source="#mixamorig_Hips-Matrix-animation-input-array" count="17"><param name="TIME" type="float"/></accessor></technique_common></source><source id="mixamorig_Hips-Matrix-animation-output-transform"><float_array id="mixamorig_Hips-Matrix-animation-output-transform-array" count="272">

0.881533 -0.069938 -0.466914 0.408968 -0.011136 0.985612 -0.168657 88.004684 0.471992 0.153876 0.868070 -0.589470 0.000000 0.000000 0.000000 1.000000
0.917386 -0.060233 -0.393414 0.258970 -0.007439 0.985714 -0.168262 87.830185 0.397929 0.157287 0.903833 -0.500079 0.000000 0.000000 0.000000 1.000000
0.953438 -0.047687 -0.297795 0.067766 -0.002437 0.986169 -0.165723 87.645576 0.301579 0.158733 0.940135 -0.291155 0.000000 0.000000 0.000000 1.000000
0.995913 -0.022148 -0.087563 -0.350070 0.008615 0.988342 -0.152003 87.405319 0.089909 0.150627 0.984494 0.575200 0.000000 0.000000 0.000000 1.000000
0.991940 -0.005474 0.126588 -0.705670 0.022678 0.990605 -0.134864 87.202347 -0.124661 0.136648 0.982745 1.276697 0.000000 0.000000 0.000000 1.000000
0.953544 0.004765 0.301217 -0.919673 0.031804 0.992695 -0.116385 87.007080 -0.299571 0.120559 0.946426 1.701951 0.000000 0.000000 0.000000 1.000000
0.904035 0.008370 0.427377 -1.040426 0.037056 0.994510 -0.097861 86.745186 -0.425850 0.104306 0.898761 1.844027 0.000000 0.000000 0.000000 1.000000
0.879784 0.007347 0.475317 -1.103937 0.037365 0.995718 -0.084550 86.604393 -0.473904 0.092145 0.875742 1.756330 0.000000 0.000000 0.000000 1.000000
0.880584 0.008917 0.473806 -1.223888 0.032077 0.996408 -0.078368 86.672546 -0.472803 0.084208 0.877135 1.729203 0.000000 0.000000 0.000000 1.000000
0.886389 0.017762 0.462601 -1.424129 0.021708 0.996570 -0.079859 86.908333 -0.462433 0.080829 0.882962 1.954719 0.000000 0.000000 0.000000 1.000000
0.890405 0.032559 0.454002 -1.654030 0.008906 0.996001 -0.088896 87.187096 -0.455081 0.083197 0.886555 2.340034 0.000000 0.000000 0.000000 1.000000
0.899425 0.048465 0.434379 -1.779159 -0.003510 0.994602 -0.103703 87.441422 -0.437060 0.091749 0.894740 2.665401 0.000000 0.000000 0.000000 1.000000
0.918277 0.059580 0.391429 -1.671256 -0.012677 0.992531 -0.121335 87.604675 -0.395734 0.106457 0.912174 2.812851 0.000000 0.000000 0.000000 1.000000
0.947240 0.059656 0.314926 -1.305593 -0.016824 0.990427 -0.137011 87.636055 -0.320085 0.124483 0.939175 2.755613 0.000000 0.000000 0.000000 1.000000
0.972677 0.053887 0.225824 -0.869847 -0.019738 0.988362 -0.150834 87.650528 -0.231324 0.142255 0.962420 2.645393 0.000000 0.000000 0.000000 1.000000
0.992578 0.040079 0.114818 -0.341449 -0.021480 0.987067 -0.158863 87.712379 -0.119700 0.155218 0.980602 2.474959 0.000000 0.000000 0.000000 1.000000
0.999727 0.023154 -0.002981 0.169841 -0.023329 0.986302 -0.163292 87.852760 -0.000841 0.163317 0.986573 2.306609 0.000000 0.000000 0.000000 1.000000</float_array><technique_common><accessor source="#mixamorig_Hips-Matrix-animation-output-transform-array" count="17" stride="16"><param type="float4x4"/></accessor></technique_common></source><source id="mixamorig_Hips-Interpolations"><Name_array id="mixamorig_Hips-Interpolations-array" count="17">
 LINEAR LINEAR LINEAR LINEAR LINEAR LINEAR LINEAR LINEAR LINEAR LINEAR LINEAR
LINEAR LINEAR LINEAR LINEAR LINEAR LINEAR</Name_array><technique_common><accessor source="#mixamorig_Hips-Interpolations-array" count="17"><param type="name"/></accessor></technique_common></source><sampler id="mixamorig_Hips-Matrix-animation-transform"><input semantic="INPUT" source="#mixamorig_Hips-Matrix-animation-input"/><input semantic="OUTPUT" source="#mixamorig_Hips-Matrix-animation-output-transform"/><input semantic="INTERPOLATION" source="#mixamorig_Hips-Interpolations"/></sampler><channel source="#mixamorig_Hips-Matrix-animation-transform" target="mixamorig_Hips/matrix"/><source id="mixamorig_Spine-Matrix-animation-input"><float_array id="mixamorig_Spine-Matrix-animation-input-array" count="17">

0.000000 0.033333 0.066667 0.100000 0.133333 0.166667 0.200000 0.233333 0.266667 0.300000 0.333333 0.366667 0.400000 0.433333 0.466667 0.500000
0.533333</float_array><technique_common><accessor source="#mixamorig_Spine-Matrix-animation-input-array" count="17"><param name="TIME" type="float"/></accessor></technique_common></source><source id="mixamorig_Spine-Matrix-animation-output-transform"><float_array id="mixamorig_Spine-Matrix-animation-output-transform-array" count="272">

0.999878 0.006884 -0.014004 -0.000100 -0.005593 0.995907 0.090211 9.856800 0.014568 -0.090122 0.995824 -1.223200 0.000000 0.000000 0.000000 1.000000
0.999830 -0.004348 -0.017929 -0.000100 0.005958 0.995855 0.090756 9.856800 0.017460 -0.090847 0.995712 -1.223200 0.000000 0.000000 0.000000 1.000000
0.999626 -0.017095 -0.021328 -0.000100 0.018986 0.995589 0.091881 9.856800 0.019664 -0.092252 0.995542 -1.223200 0.000000 0.000000 0.000000 1.000000
0.999030 -0.038197 -0.021890 -0.000100 0.040142 0.994508 0.096652 9.856800 0.018078 -0.097437 0.995078 -1.223200 0.000000 0.000000 0.000000 1.000000
0.998505 -0.051176 -0.019206 -0.000100 0.052870 0.993417 0.101627 9.856800 0.013879 -0.102491 0.994637 -1.223200 0.000000 0.000000 0.000000 1.000000
0.998096 -0.060111 -0.013805 -0.000100 0.061240 0.992467 0.106108 9.856800 0.007323 -0.106752 0.994259 -1.223200 0.000000 0.000000 0.000000 1.000000
0.997823 -0.065865 -0.003453 -0.000100 0.065850 0.991891 0.108703 9.856800 -0.003735 -0.108694 0.994068 -1.223200 0.000000 0.000000 0.000000 1.000000
0.997566 -0.069126 0.009182 -0.000100 0.067725 0.991772 0.108638 9.856800 -0.016616 -0.107752 0.994039 -1.223200 0.000000 0.000000 0.000000 1.000000
0.997224 -0.071551 0.020620 -0.000100 0.068954 0.991864 0.107014 9.856800 -0.028110 -0.105296 0.994044 -1.223200 0.000000 0.000000 0.000000 1.000000
0.996958 -0.072858 0.027692 -0.000100 0.069565 0.991986 0.105472 9.856800 -0.035154 -0.103225 0.994037 -1.223200 0.000000 0.000000 0.000000 1.000000
0.996974 -0.071692 0.030050 -0.000100 0.068196 0.992179 0.104545 9.856800 -0.037310 -0.102179 0.994066 -1.223200 0.000000 0.000000 0.000000 1.000000
0.997234 -0.068326 0.029248 -0.000100 0.064952 0.992466 0.103887 9.856800 -0.036126 -0.101700 0.994159 -1.223200 0.000000 0.000000 0.000000 1.000000
0.997667 -0.062660 0.027086 -0.000100 0.059571 0.992917 0.102801 9.856800 -0.033336 -0.100947 0.994333 -1.223200 0.000000 0.000000 0.000000 1.000000
0.998278 -0.052863 0.025441 -0.000100 0.050055 0.993668 0.100588 9.856800 -0.030598 -0.099141 0.994603 -1.223200 0.000000 0.000000 0.000000 1.000000
0.998838 -0.041986 0.023656 -0.000100 0.039475 0.994389 0.098148 9.856800 -0.027645 -0.097100 0.994891 -1.223200 0.000000 0.000000 0.000000 1.000000
0.999338 -0.029849 0.020816 -0.000100 0.027729 0.995031 0.095626 9.856800 -0.023567 -0.094986 0.995200 -1.223200 0.000000 0.000000 0.000000 1.000000
0.999708 -0.017843 0.016285 -0.000100 0.016238 0.995449 0.093902 9.856800 -0.017886 -0.093610 0.995448 -1.223200 0.000000 0.000000 0.000000 1.000000</float_array><technique_common><accessor source="#mixamorig_Spine-Matrix-animation-output-transform-array" count="17" stride="16"><param type="float4x4"/></accessor></technique_common></source><source id="mixamorig_Spine-Interpolations"><Name_array id="mixamorig_Spine-Interpolations-array" count="17">
 LINEAR LINEAR LINEAR LINEAR LINEAR LINEAR LINEAR LINEAR LINEAR LINEAR LINEAR
LINEAR LINEAR LINEAR LINEAR LINEAR LINEAR</Name_array><technique_common><accessor source="#mixamorig_Spine-Interpolations-array" count="17"><param type="name"/></accessor></technique_common></source><sampler id="mixamorig_Spine-Matrix-animation-transform"><input semantic="INPUT" source="#mixamorig_Spine-Matrix-animation-input"/><input semantic="OUTPUT" source="#mixamorig_Spine-Matrix-animation-output-transform"/><input semantic="INTERPOLATION" source="#mixamorig_Spine-Interpolations"/></sampler><channel source="#mixamorig_Spine-Matrix-animation-transform" target="mixamorig_Spine/matrix"/><source id="mixamorig_Spine1-Matrix-animation-input"><float_array id="mixamorig_Spine1-Matrix-animation-input-array" count="17">

0.000000 0.033333 0.066667 0.100000 0.133333 0.166667 0.200000 0.233333 0.266667 0.300000 0.333333 0.366667 0.400000 0.433333 0.466667 0.500000
0.533333</float_array><technique_common><accessor source="#mixamorig_Spine1-Matrix-animation-input-array" count="17"><param name="TIME" type="float"/></accessor></technique_common></source><source id="mixamorig_Spine1-Matrix-animation-output-transform"><float_array id="mixamorig_Spine1-Matrix-animation-output-transform-array" count="272">

0.999884 -0.008536 -0.012585 0.000000 0.007792 0.998284 -0.058036 11.653700 0.013059 0.057931 0.998235 -0.000000 0.000000 0.000000 0.000000 1.000000
0.999634 -0.014050 -0.023103 0.000000 0.012702 0.998265 -0.057503 11.653700 0.023871 0.057188 0.998078 0.000000 0.000000 0.000000 0.000000 1.000000
0.999290 -0.019951 -0.031947 0.000000 0.018136 0.998258 -0.056139 11.653700 0.033011 0.055519 0.997912 0.000000 0.000000 0.000000 0.000000 1.000000
0.999106 -0.028062 -0.031626 0.000000 0.026470 0.998415 -0.049671 11.653700 0.032969 0.048789 0.998265 -0.000000 0.000000 0.000000 0.000000 1.000000
0.999030 -0.037052 -0.023798 0.000000 0.036007 0.998429 -0.042927 11.653700 0.025351 0.042028 0.998795 0.000000 0.000000 0.000000 0.000000 1.000000
0.998853 -0.046720 -0.010517 0.000000 0.046297 0.998225 -0.037466 11.653700 0.012249 0.036936 0.999243 0.000000 0.000000 0.000000 0.000000 1.000000
0.998344 -0.056239 0.012075 0.000000 0.056625 0.997802 -0.034432 11.653700 -0.010112 0.035059 0.999334 0.000000 0.000000 0.000000 0.000000 1.000000
0.997358 -0.061628 0.038470 0.000000 0.063006 0.997374 -0.035710 11.653700 -0.036168 0.038040 0.998621 0.000000 0.000000 0.000000 0.000000 1.000000
0.996196 -0.060569 0.062643 0.000000 0.063126 0.997216 -0.039682 11.653700 -0.060065 0.043485 0.997247 0.000000 0.000000 0.000000 0.000000 1.000000
0.995439 -0.053923 0.078699 -0.000000 0.057474 0.997395 -0.043581 11.653700 -0.076144 0.047905 0.995945 0.000000 0.000000 0.000000 0.000000 1.000000
0.995488 -0.044275 0.083927 -0.000000 0.048254 0.997776 -0.045990 11.653700 -0.081704 0.049832 0.995410 0.000000 0.000000 0.000000 0.000000 1.000000
0.996130 -0.035052 0.080604 0.000000 0.038942 0.998126 -0.047201 11.653700 -0.078798 0.050158 0.995628 0.000000 0.000000 0.000000 0.000000 1.000000
0.996953 -0.028059 0.072780 0.000000 0.031627 0.998330 -0.048339 11.653700 -0.071302 0.050494 0.996176 -0.000000 0.000000 0.000000 0.000000 1.000000
0.997595 -0.022939 0.065403 -0.000000 0.026285 0.998365 -0.050754 11.653700 -0.064131 0.052351 0.996567 0.000000 0.000000 0.000000 0.000000 1.000000
0.998149 -0.018153 0.058051 0.000000 0.021261 0.998347 -0.053388 11.653700 -0.056986 0.054524 0.996885 0.000000 0.000000 0.000000 0.000000 1.000000
0.998640 -0.013048 0.050469 0.000000 0.015875 0.998303 -0.056026 11.653700 -0.049652 0.056751 0.997153 -0.000000 0.000000 0.000000 0.000000 1.000000
0.999147 -0.007562 0.040599 0.000000 0.009878 0.998318 -0.057130 11.653700 -0.040099 0.057482 0.997541 0.000000 0.000000 0.000000 0.000000 1.000000</float_array><technique_common><accessor source="#mixamorig_Spine1-Matrix-animation-output-transform-array" count="17" stride="16"><param type="float4x4"/></accessor></technique_common></source><source id="mixamorig_Spine1-Interpolations"><Name_array id="mixamorig_Spine1-Interpolations-array" count="17">
 LINEAR LINEAR LINEAR LINEAR LINEAR LINEAR LINEAR LINEAR LINEAR LINEAR LINEAR
LINEAR LINEAR LINEAR LINEAR LINEAR LINEAR</Name_array><technique_common><accessor source="#mixamorig_Spine1-Interpolations-array" count="17"><param type="name"/></accessor></technique_common></source><sampler id="mixamorig_Spine1-Matrix-animation-transform"><input semantic="INPUT" source="#mixamorig_Spine1-Matrix-animation-input"/><input semantic="OUTPUT" source="#mixamorig_Spine1-Matrix-animation-output-transform"/><input semantic="INTERPOLATION" source="#mixamorig_Spine1-Interpolations"/></sampler><channel source="#mixamorig_Spine1-Matrix-animation-transform" target="mixamorig_Spine1/matrix"/><source id="mixamorig_Spine2-Matrix-animation-input"><float_array id="mixamorig_Spine2-Matrix-animation-input-array" count="17">

0.000000 0.033333 0.066667 0.100000 0.133333 0.166667 0.200000 0.233333 0.266667 0.300000 0.333333 0.366667 0.400000 0.433333 0.466667 0.500000
0.533333</float_array><technique_common><accessor source="#mixamorig_Spine2-Matrix-animation-input-array" count="17"><param name="TIME" type="float"/></accessor></technique_common></source><source id="mixamorig_Spine2-Matrix-animation-output-transform"><float_array id="mixamorig_Spine2-Matrix-animation-output-transform-array" count="272">

0.999877 -0.008844 -0.012928 -0.000000 0.008086 0.998311 -0.057523 13.369100 0.013415 0.057411 0.998260 -0.000000 0.000000 0.000000 0.000000 1.000000
0.999630 -0.014153 -0.023232 -0.000000 0.012808 0.998290 -0.057036 13.369100 0.023999 0.056717 0.998102 0.000000 0.000000 0.000000 0.000000 1.000000
0.999295 -0.019892 -0.031852 0.000000 0.018096 0.998283 -0.055718 13.369100 0.032906 0.055103 0.997938 -0.000000 0.000000 0.000000 0.000000 1.000000
0.999117 -0.028081 -0.031266 0.000000 0.026518 0.998431 -0.049325 13.369100 0.032602 0.048453 0.998293 0.000000 0.000000 0.000000 0.000000 1.000000
0.999039 -0.037126 -0.023292 0.000000 0.036110 0.998439 -0.042610 13.369100 0.024837 0.041728 0.998820 -0.000000 0.000000 0.000000 0.000000 1.000000
0.998855 -0.046799 -0.009920 0.000000 0.046401 0.998232 -0.037145 13.369100 0.011641 0.036643 0.999261 0.000000 0.000000 0.000000 0.000000 1.000000
0.998336 -0.056232 0.012752 -0.000000 0.056636 0.997817 -0.033952 13.369100 -0.010815 0.034618 0.999342 -0.000000 0.000000 0.000000 0.000000 1.000000
0.997338 -0.061459 0.039236 -0.000000 0.062837 0.997413 -0.034906 13.369100 -0.036989 0.037278 0.998620 -0.000000 0.000000 0.000000 0.000000 1.000000
0.996163 -0.060217 0.063508 0.000000 0.062742 0.997285 -0.038542 13.369100 -0.061015 0.042378 0.997237 0.000000 0.000000 0.000000 0.000000 1.000000
0.995394 -0.053428 0.079598 0.000000 0.056921 0.997483 -0.042285 13.369100 -0.077139 0.046621 0.995930 0.000000 0.000000 0.000000 0.000000 1.000000
0.995440 -0.043724 0.084777 -0.000000 0.047637 0.997864 -0.044699 13.369100 -0.082641 0.048533 0.995397 0.000000 0.000000 0.000000 0.000000 1.000000
0.996085 -0.034532 0.081383 0.000000 0.038361 0.998206 -0.045962 13.369100 -0.079650 0.048904 0.995623 0.000000 0.000000 0.000000 0.000000 1.000000
0.996913 -0.027638 0.073488 -0.000000 0.031157 0.998400 -0.047184 13.369100 -0.072066 0.049328 0.996179 0.000000 0.000000 0.000000 0.000000 1.000000
0.997562 -0.022631 0.066019 0.000000 0.025942 0.998425 -0.049735 13.369100 -0.064789 0.051326 0.996578 -0.000000 0.000000 0.000000 0.000000 1.000000
0.998122 -0.017958 0.058566 0.000000 0.021045 0.998398 -0.052516 13.369100 -0.057530 0.053650 0.996901 0.000000 0.000000 0.000000 0.000000 1.000000
0.998622 -0.012947 0.050860 0.000000 0.015760 0.998345 -0.055302 13.369100 -0.050060 0.056027 0.997173 0.000000 0.000000 0.000000 0.000000 1.000000
0.999137 -0.007538 0.040845 -0.000000 0.009843 0.998353 -0.056526 13.369100 -0.040352 0.056879 0.997565 -0.000000 0.000000 0.000000 0.000000 1.000000</float_array><technique_common><accessor source="#mixamorig_Spine2-Matrix-animation-output-transform-array" count="17" stride="16"><param type="float4x4"/></accessor></technique_common></source><source id="mixamorig_Spine2-Interpolations"><Name_array id="mixamorig_Spine2-Interpolations-array" count="17">
 LINEAR LINEAR LINEAR LINEAR LINEAR LINEAR LINEAR LINEAR LINEAR LINEAR LINEAR
LINEAR LINEAR LINEAR LINEAR LINEAR LINEAR</Name_array><technique_common><accessor source="#mixamorig_Spine2-Interpolations-array" count="17"><param type="name"/></accessor></technique_common></source><sampler id="mixamorig_Spine2-Matrix-animation-transform"><input semantic="INPUT" source="#mixamorig_Spine2-Matrix-animation-input"/><input semantic="OUTPUT" source="#mixamorig_Spine2-Matrix-animation-output-transform"/><input semantic="INTERPOLATION" source="#mixamorig_Spine2-Interpolations"/></sampler><channel source="#mixamorig_Spine2-Matrix-animation-transform" target="mixamorig_Spine2/matrix"/><source id="mixamorig_Neck-Matrix-animation-input"><float_array id="mixamorig_Neck-Matrix-animation-input-array" count="17">

0.000000 0.033333 0.066667 0.100000 0.133333 0.166667 0.200000 0.233333 0.266667 0.300000 0.333333 0.366667 0.400000 0.433333 0.466667 0.500000
0.533333</float_array><technique_common><accessor source="#mixamorig_Neck-Matrix-animation-input-array" count="17"><param name="TIME" type="float"/></accessor></technique_common></source><source id="mixamorig_Neck-Matrix-animation-output-transform"><float_array id="mixamorig_Neck-Matrix-animation-output-transform-array" count="272">

0.991479 0.118142 0.054877 0.000000 -0.098678 0.956176 -0.275664 14.725500 -0.085039 0.267900 0.959686 2.594800 0.000000 0.000000 0.000000 1.000000
0.992110 0.114222 0.051679 0.000000 -0.095637 0.956064 -0.277119 14.725500 -0.081062 0.269990 0.959445 2.594800 0.000000 0.000000 0.000000 1.000000
0.992625 0.111934 0.046550 0.000000 -0.094641 0.955487 -0.279442 14.725500 -0.075757 0.272975 0.959034 2.594800 0.000000 0.000000 0.000000 1.000000
0.992475 0.118541 0.030678 -0.000000 -0.104905 0.952394 -0.286252 14.725500 -0.063151 0.280880 0.957663 2.594800 0.000000 0.000000 0.000000 1.000000
0.991302 0.130753 0.014976 0.000000 -0.120682 0.948500 -0.292887 14.725500 -0.052501 0.288532 0.956030 2.594800 0.000000 0.000000 0.000000 1.000000
0.989524 0.144338 0.002968 0.000000 -0.136935 0.944891 -0.297370 14.725500 -0.045727 0.293848 0.954758 2.594800 0.000000 0.000000 0.000000 1.000000
0.987247 0.159115 -0.005156 0.000000 -0.153350 0.941780 -0.299222 14.725500 -0.042755 0.296197 0.954170 2.594800 0.000000 0.000000 0.000000 1.000000
0.986066 0.166155 -0.008169 -0.000000 -0.161060 0.941234 -0.296880 14.725500 -0.041639 0.294059 0.954880 2.594800 0.000000 0.000000 0.000000 1.000000
0.986503 0.163540 -0.008130 0.000000 -0.158759 0.943145 -0.292017 14.725500 -0.040089 0.289366 0.956379 2.594800 0.000000 0.000000 0.000000 1.000000
0.987683 0.156302 -0.007226 0.000000 -0.151762 0.945700 -0.287437 14.725500 -0.038093 0.284994 0.957772 2.594800 0.000000 0.000000 0.000000 1.000000
0.988526 0.150954 -0.005434 0.000000 -0.146213 0.947209 -0.285335 14.725500 -0.037925 0.282855 0.958413 2.594800 0.000000 0.000000 0.000000 1.000000
0.988569 0.150760 -0.001664 0.000000 -0.144953 0.947335 -0.285560 14.725500 -0.041474 0.282537 0.958359 2.594800 0.000000 0.000000 0.000000 1.000000
0.988058 0.154027 0.004079 0.000000 -0.146379 0.946605 -0.287250 14.725500 -0.048105 0.283222 0.957847 2.594800 0.000000 0.000000 0.000000 1.000000
0.988298 0.152183 0.010393 0.000000 -0.142714 0.946557 -0.289245 14.725500 -0.053856 0.284377 0.957199 2.594800 0.000000 0.000000 0.000000 1.000000
0.988881 0.147755 0.016835 0.000000 -0.136525 0.946893 -0.291126 14.725500 -0.058957 0.285590 0.956537 2.594800 0.000000 0.000000 0.000000 1.000000
0.990510 0.135448 0.023312 0.000000 -0.122812 0.948414 -0.292281 14.725500 -0.061698 0.286644 0.956048 2.594800 0.000000 0.000000 0.000000 1.000000
0.991911 0.123110 0.030918 0.000000 -0.108733 0.949774 -0.293440 14.725500 -0.065490 0.287705 0.955477 2.594800 0.000000 0.000000 0.000000 1.000000</float_array><technique_common><accessor source="#mixamorig_Neck-Matrix-animation-output-transform-array" count="17" stride="16"><param type="float4x4"/></accessor></technique_common></source><source id="mixamorig_Neck-Interpolations"><Name_array id="mixamorig_Neck-Interpolations-array" count="17">
 LINEAR LINEAR LINEAR LINEAR LINEAR LINEAR LINEAR LINEAR LINEAR LINEAR LINEAR
LINEAR LINEAR LINEAR LINEAR LINEAR LINEAR</Name_array><technique_common><accessor source="#mixamorig_Neck-Interpolations-array" count="17"><param type="name"/></accessor></technique_common></source><sampler id="mixamorig_Neck-Matrix-animation-transform"><input semantic="INPUT" source="#mixamorig_Neck-Matrix-animation-input"/><input semantic="OUTPUT" source="#mixamorig_Neck-Matrix-animation-output-transform"/><input semantic="INTERPOLATION" source="#mixamorig_Neck-Interpolations"/></sampler><channel source="#mixamorig_Neck-Matrix-animation-transform" target="mixamorig_Neck/matrix"/><source id="mixamorig_Head-Matrix-animation-input"><float_array id="mixamorig_Head-Matrix-animation-input-array" count="17">

0.000000 0.033333 0.066667 0.100000 0.133333 0.166667 0.200000 0.233333 0.266667 0.300000 0.333333 0.366667 0.400000 0.433333 0.466667 0.500000
0.533333</float_array><technique_common><accessor source="#mixamorig_Head-Matrix-animation-input-array" count="17"><param name="TIME" type="float"/></accessor></technique_common></source><source id="mixamorig_Head-Matrix-animation-output-transform"><float_array id="mixamorig_Head-Matrix-animation-output-transform-array" count="272">

0.963361 0.092656 0.251696 0.000000 -0.136815 0.976922 0.164027 10.251900 -0.230690 -0.192453 0.953805 3.131800 0.000000 0.000000 0.000000 1.000000
0.971174 0.089296 0.221014 0.000000 -0.127700 0.977810 0.166074 10.251900 -0.201280 -0.189511 0.961027 3.131800 0.000000 0.000000 0.000000 1.000000
0.981043 0.078150 0.177336 0.000000 -0.108490 0.979727 0.168420 10.251900 -0.160579 -0.184467 0.969632 3.131800 0.000000 0.000000 0.000000 1.000000
0.997777 0.022880 0.062590 0.000000 -0.033006 0.985593 0.165882 10.251900 -0.057893 -0.167580 0.984157 3.131800 0.000000 0.000000 0.000000 1.000000
0.997816 -0.035241 -0.055861 0.000000 0.043495 0.987082 0.154202 10.251900 0.049705 -0.156295 0.986459 3.131800 0.000000 0.000000 0.000000 1.000000
0.985316 -0.080562 -0.150537 0.000000 0.101594 0.985249 0.137703 10.251900 0.137223 -0.150975 0.978967 3.131800 0.000000 0.000000 0.000000 1.000000
0.968324 -0.115684 -0.221282 0.000000 0.144988 0.981997 0.121083 10.251900 0.203291 -0.149331 0.967664 3.131800 0.000000 0.000000 0.000000 1.000000
0.958589 -0.132656 -0.252011 0.000000 0.165447 0.979649 0.113645 10.251900 0.231807 -0.150633 0.961028 3.131800 0.000000 0.000000 0.000000 1.000000
0.956707 -0.142092 -0.254013 -0.000000 0.175820 0.977644 0.115322 10.251900 0.231948 -0.154990 0.960301 3.131800 0.000000 0.000000 0.000000 1.000000
0.956734 -0.154857 -0.246331 0.000000 0.189065 0.974386 0.121762 10.251900 0.221166 -0.163066 0.961507 3.131800 0.000000 0.000000 0.000000 1.000000
0.957279 -0.168745 -0.234824 0.000000 0.202781 0.970674 0.129122 10.251900 0.206148 -0.171224 0.963424 3.131800 0.000000 0.000000 0.000000 1.000000
0.961391 -0.172357 -0.214524 -0.000000 0.204460 0.969150 0.137639 10.251900 0.184183 -0.176187 0.966972 3.131800 0.000000 0.000000 0.000000 1.000000
0.970459 -0.158978 -0.181480 0.000000 0.186995 0.970932 0.149409 10.251900 0.152452 -0.178931 0.971978 3.131800 0.000000 0.000000 0.000000 1.000000
0.980993 -0.137033 -0.137384 0.000000 0.158934 0.973616 0.163745 10.251900 0.111321 -0.182468 0.976890 3.131800 0.000000 0.000000 0.000000 1.000000
0.989419 -0.114407 -0.089230 0.000000 0.128726 0.975924 0.176072 10.251900 0.066938 -0.185695 0.980325 3.131800 0.000000 0.000000 0.000000 1.000000
0.994756 -0.096120 -0.034961 0.000000 0.100958 0.977543 0.184978 10.251900 0.016396 -0.187537 0.982121 3.131800 0.000000 0.000000 0.000000 1.000000
0.996730 -0.076456 0.026164 0.000000 0.070185 0.979535 0.188638 10.251900 -0.040051 -0.186185 0.981698 3.131800 0.000000 0.000000 0.000000 1.000000</float_array><technique_common><accessor source="#mixamorig_Head-Matrix-animation-output-transform-array" count="17" stride="16"><param type="float4x4"/></accessor></technique_common></source><source id="mixamorig_Head-Interpolations"><Name_array id="mixamorig_Head-Interpolations-array" count="17">
 LINEAR LINEAR LINEAR LINEAR LINEAR LINEAR LINEAR LINEAR LINEAR LINEAR LINEAR
LINEAR LINEAR LINEAR LINEAR LINEAR LINEAR</Name_array><technique_common><accessor source="#mixamorig_Head-Interpolations-array" count="17"><param type="name"/></accessor></technique_common></source><sampler id="mixamorig_Head-Matrix-animation-transform"><input semantic="INPUT" source="#mixamorig_Head-Matrix-animation-input"/><input semantic="OUTPUT" source="#mixamorig_Head-Matrix-animation-output-transform"/><input semantic="INTERPOLATION" source="#mixamorig_Head-Interpolations"/></sampler><channel source="#mixamorig_Head-Matrix-animation-transform" target="mixamorig_Head/matrix"/><source id="mixamorig_LeftShoulder-Matrix-animation-input"><float_array id="mixamorig_LeftShoulder-Matrix-animation-input-array" count="17">

0.000000 0.033333 0.066667 0.100000 0.133333 0.166667 0.200000 0.233333 0.266667 0.300000 0.333333 0.366667 0.400000 0.433333 0.466667 0.500000
0.533333</float_array><technique_common><accessor source="#mixamorig_LeftShoulder-Matrix-animation-input-array" count="17"><param name="TIME" type="float"/></accessor></technique_common></source><source id="mixamorig_LeftShoulder-Matrix-animation-output-transform"><float_array id="mixamorig_LeftShoulder-Matrix-animation-output-transform-array" count="272">

0.091637 0.964696 -0.246911 6.085300 0.345658 -0.263352 -0.900648 8.897200 -0.933875 -0.002814 -0.357588 1.795200 0.000000 0.000000 0.000000 1.000000
0.106585 0.963996 -0.243620 6.085300 0.343487 -0.265629 -0.900810 8.897200 -0.933090 0.012332 -0.359432 1.795200 0.000000 0.000000 0.000000 1.000000
0.125569 0.962750 -0.239468 6.085300 0.341405 -0.268570 -0.900729 8.897200 -0.931491 0.031348 -0.362411 1.795200 0.000000 0.000000 0.000000 1.000000
0.166727 0.958718 -0.230351 6.085300 0.339865 -0.275182 -0.899314 8.897200 -0.925578 0.071652 -0.371715 1.795200 0.000000 0.000000 0.000000 1.000000
0.203951 0.953475 -0.222013 6.085300 0.337728 -0.281384 -0.898200 8.897200 -0.918882 0.108209 -0.379404 1.795200 0.000000 0.000000 0.000000 1.000000
0.227701 0.949336 -0.216595 6.085300 0.336086 -0.285391 -0.897551 8.897200 -0.913892 0.131578 -0.384042 1.795200 0.000000 0.000000 0.000000 1.000000
0.230916 0.948739 -0.215805 6.085300 0.336343 -0.285962 -0.897273 8.897200 -0.912990 0.134611 -0.385135 1.795200 0.000000 0.000000 0.000000 1.000000
0.216200 0.951444 -0.219115 6.085300 0.337653 -0.283437 -0.897582 8.897200 -0.916105 0.120073 -0.382537 1.795200 0.000000 0.000000 0.000000 1.000000
0.195714 0.954786 -0.223784 6.085300 0.338238 -0.279916 -0.898466 8.897200 -0.920484 0.100150 -0.377729 1.795200 0.000000 0.000000 0.000000 1.000000
0.180004 0.957021 -0.227399 6.085300 0.337691 -0.277246 -0.899499 8.897200 -0.923885 0.085123 -0.373083 1.795200 0.000000 0.000000 0.000000 1.000000
0.168392 0.959488 -0.225891 6.085300 0.338012 -0.271476 -0.901137 8.897200 -0.925955 0.075391 -0.370033 1.795200 0.000000 0.000000 0.000000 1.000000
0.155502 0.961782 -0.225378 6.085300 0.339259 -0.266272 -0.902221 8.897200 -0.927751 0.063835 -0.367699 1.795200 0.000000 0.000000 0.000000 1.000000
0.140714 0.962988 -0.229898 6.085300 0.340856 -0.265134 -0.901954 8.897200 -0.929525 0.048556 -0.365549 1.795200 0.000000 0.000000 0.000000 1.000000
0.130268 0.963692 -0.233083 6.085300 0.341717 -0.264322 -0.901867 8.897200 -0.930731 0.037836 -0.363742 1.795200 0.000000 0.000000 0.000000 1.000000
0.121910 0.964156 -0.235671 6.085300 0.342248 -0.263714 -0.901843 8.897200 -0.931668 0.029285 -0.362130 1.795200 0.000000 0.000000 0.000000 1.000000
0.119682 0.964192 -0.236665 6.085300 0.341949 -0.263826 -0.901924 8.897200 -0.932066 0.027017 -0.361279 1.795200 0.000000 0.000000 0.000000 1.000000
0.119684 0.963109 -0.241033 6.085300 0.342360 -0.267923 -0.900559 8.897200 -0.931915 0.025263 -0.361796 1.795200 0.000000 0.000000 0.000000 1.000000</float_array><technique_common><accessor source="#mixamorig_LeftShoulder-Matrix-animation-output-transform-array" count="17" stride="16"><param type="float4x4"/></accessor></technique_common></source><source id="mixamorig_LeftShoulder-Interpolations"><Name_array id="mixamorig_LeftShoulder-Interpolations-array" count="17">
 LINEAR LINEAR LINEAR LINEAR LINEAR LINEAR LINEAR LINEAR LINEAR LINEAR LINEAR
LINEAR LINEAR LINEAR LINEAR LINEAR LINEAR</Name_array><technique_common><accessor source="#mixamorig_LeftShoulder-Interpolations-array" count="17"><param type="name"/></accessor></technique_common></source><sampler id="mixamorig_LeftShoulder-Matrix-animation-transform"><input semantic="INPUT" source="#mixamorig_LeftShoulder-Matrix-animation-input"/><input semantic="OUTPUT" source="#mixamorig_LeftShoulder-Matrix-animation-output-transform"/><input semantic="INTERPOLATION" source="#mixamorig_LeftShoulder-Interpolations"/></sampler><channel source="#mixamorig_LeftShoulder-Matrix-animation-transform" target="mixamorig_LeftShoulder/matrix"/><source id="mixamorig_LeftArm-Matrix-animation-input"><float_array id="mixamorig_LeftArm-Matrix-animation-input-array" count="17">

0.000000 0.033333 0.066667 0.100000 0.133333 0.166667 0.200000 0.233333 0.266667 0.300000 0.333333 0.366667 0.400000 0.433333 0.466667 0.500000
0.533333</float_array><technique_common><accessor source="#mixamorig_LeftArm-Matrix-animation-input-array" count="17"><param name="TIME" type="float"/></accessor></technique_common></source><source id="mixamorig_LeftArm-Matrix-animation-output-transform"><float_array id="mixamorig_LeftArm-Matrix-animation-output-transform-array" count="272">

0.445961 -0.660972 -0.603518 -0.000000 0.334659 0.748513 -0.572479 12.878900 0.830134 0.053331 0.555008 0.000000 0.000000 0.000000 0.000000 1.000000
0.456396 -0.668279 -0.587457 -0.000000 0.337486 0.740910 -0.580651 12.878900 0.823290 0.066749 0.563683 0.000000 0.000000 0.000000 0.000000 1.000000
0.465531 -0.677945 -0.568921 -0.000000 0.342773 0.730768 -0.590326 12.878900 0.815958 0.079804 0.572576 0.000000 0.000000 0.000000 0.000000 1.000000
0.467095 -0.702165 -0.537388 0.000000 0.362596 0.706420 -0.607861 12.878900 0.806441 0.089074 0.584567 -0.000000 0.000000 0.000000 0.000000 1.000000
0.464172 -0.719905 -0.516025 0.000000 0.390471 0.689236 -0.610316 12.878900 0.795032 0.081799 0.601026 -0.000000 0.000000 0.000000 0.000000 1.000000
0.467341 -0.728342 -0.501109 -0.000000 0.417018 0.681407 -0.601482 12.878900 0.779544 0.072125 0.622181 0.000000 0.000000 0.000000 0.000000 1.000000
0.480829 -0.729817 -0.485973 -0.000000 0.441672 0.680396 -0.584797 12.878900 0.757449 0.066547 0.649494 -0.000000 0.000000 0.000000 0.000000 1.000000
0.503828 -0.727548 -0.465651 -0.000000 0.458852 0.682143 -0.569329 12.878900 0.731855 0.073179 0.677520 0.000000 0.000000 0.000000 0.000000 1.000000
0.531085 -0.728318 -0.433015 -0.000000 0.477133 0.679374 -0.557490 12.878900 0.700209 0.089469 0.708310 -0.000000 0.000000 0.000000 0.000000 1.000000
0.553524 -0.731301 -0.398510 0.000000 0.498099 0.674179 -0.545325 12.878900 0.667464 0.103353 0.737435 0.000000 0.000000 0.000000 0.000000 1.000000
0.564533 -0.732210 -0.381013 0.000000 0.509551 0.672298 -0.537003 12.878900 0.649354 0.109010 0.752633 0.000000 0.000000 0.000000 0.000000 1.000000
0.565828 -0.726338 -0.390220 -0.000000 0.502998 0.679078 -0.534647 12.878900 0.653324 0.106238 0.749587 0.000000 0.000000 0.000000 0.000000 1.000000
0.563319 -0.713671 -0.416347 0.000000 0.481725 0.693085 -0.536260 12.878900 0.671277 0.101521 0.734221 0.000000 0.000000 0.000000 0.000000 1.000000
0.563974 -0.702672 -0.433802 -0.000000 0.458357 0.703330 -0.543356 12.878900 0.686907 0.107602 0.718735 0.000000 0.000000 0.000000 0.000000 1.000000
0.565073 -0.692768 -0.448068 0.000000 0.436529 0.711888 -0.550144 12.878900 0.700096 0.115277 0.704682 -0.000000 0.000000 0.000000 0.000000 1.000000
0.569180 -0.685764 -0.453610 0.000000 0.424135 0.717510 -0.552530 12.878900 0.704375 0.122097 0.699248 0.000000 0.000000 0.000000 0.000000 1.000000
0.565544 -0.675311 -0.473408 -0.000000 0.413454 0.728838 -0.545758 12.878900 0.713594 0.112918 0.691400 0.000000 0.000000 0.000000 0.000000 1.000000</float_array><technique_common><accessor source="#mixamorig_LeftArm-Matrix-animation-output-transform-array" count="17" stride="16"><param type="float4x4"/></accessor></technique_common></source><source id="mixamorig_LeftArm-Interpolations"><Name_array id="mixamorig_LeftArm-Interpolations-array" count="17">
 LINEAR LINEAR LINEAR LINEAR LINEAR LINEAR LINEAR LINEAR LINEAR LINEAR LINEAR
LINEAR LINEAR LINEAR LINEAR LINEAR LINEAR</Name_array><technique_common><accessor source="#mixamorig_LeftArm-Interpolations-array" count="17"><param type="name"/></accessor></technique_common></source><sampler id="mixamorig_LeftArm-Matrix-animation-transform"><input semantic="INPUT" source="#mixamorig_LeftArm-Matrix-animation-input"/><input semantic="OUTPUT" source="#mixamorig_LeftArm-Matrix-animation-output-transform"/><input semantic="INTERPOLATION" source="#mixamorig_LeftArm-Interpolations"/></sampler><channel source="#mixamorig_LeftArm-Matrix-animation-transform" target="mixamorig_LeftArm/matrix"/><source id="mixamorig_LeftForeArm-Matrix-animation-input"><float_array id="mixamorig_LeftForeArm-Matrix-animation-input-array" count="17">

0.000000 0.033333 0.066667 0.100000 0.133333 0.166667 0.200000 0.233333 0.266667 0.300000 0.333333 0.366667 0.400000 0.433333 0.466667 0.500000
0.533333</float_array><technique_common><accessor source="#mixamorig_LeftForeArm-Matrix-animation-input-array" count="17"><param name="TIME" type="float"/></accessor></technique_common></source><source id="mixamorig_LeftForeArm-Matrix-animation-output-transform"><float_array id="mixamorig_LeftForeArm-Matrix-animation-output-transform-array" count="272">

-0.374810 -0.920539 -0.110112 0.000000 0.826466 -0.385577 0.410226 27.312599 -0.420086 0.062753 0.905312 0.000000 0.000000 0.000000 0.000000 1.000000
-0.383417 -0.916696 -0.112512 0.000000 0.822026 -0.394253 0.410899 27.312599 -0.421028 0.065058 0.904712 -0.000000 0.000000 0.000000 0.000000 1.000000
-0.396618 -0.910600 -0.116200 0.000000 0.815026 -0.407548 0.411869 27.312599 -0.422406 0.068648 0.903804 0.000000 0.000000 0.000000 0.000000 1.000000
-0.434708 -0.891552 -0.127135 0.000000 0.793360 -0.445925 0.414405 27.312599 -0.426156 0.079282 0.901169 0.000000 0.000000 0.000000 0.000000 1.000000
-0.441573 -0.887882 -0.129147 0.000000 0.789217 -0.452841 0.414816 27.312599 -0.426790 0.081246 0.900694 0.000000 0.000000 0.000000 0.000000 1.000000
-0.444905 -0.886073 -0.130129 0.000000 0.787179 -0.456198 0.415009 27.312599 -0.427093 0.082205 0.900463 0.000000 0.000000 0.000000 0.000000 1.000000
-0.461056 -0.877052 -0.134933 0.000000 0.777047 -0.472470 0.415897 27.312599 -0.428515 0.086903 0.899346 -0.000000 0.000000 0.000000 0.000000 1.000000
-0.486507 -0.861950 -0.142661 0.000000 0.760194 -0.498111 0.417121 27.312599 -0.430599 0.094482 0.897584 -0.000000 0.000000 0.000000 0.000000 1.000000
-0.524887 -0.836995 -0.154704 0.000000 0.732598 -0.536777 0.418534 27.312599 -0.433352 0.106347 0.894928 0.000000 0.000000 0.000000 0.000000 1.000000
-0.563840 -0.808731 -0.167448 0.000000 0.701652 -0.576020 0.419386 27.312599 -0.435624 0.118977 0.892231 0.000000 0.000000 0.000000 0.000000 1.000000
-0.589281 -0.788506 -0.176086 -0.000000 0.679676 -0.601650 0.419593 27.312599 -0.436794 0.127577 0.890469 -0.000000 0.000000 0.000000 0.000000 1.000000
-0.599072 -0.780320 -0.179481 0.000000 0.670815 -0.611513 0.419593 27.312599 -0.437172 0.130968 0.889791 0.000000 0.000000 0.000000 0.000000 1.000000
-0.599434 -0.780013 -0.179608 -0.000000 0.670484 -0.611878 0.419592 27.312599 -0.437185 0.131094 0.889766 -0.000000 0.000000 0.000000 0.000000 1.000000
-0.595923 -0.782978 -0.178382 -0.000000 0.673692 -0.608340 0.419597 27.312599 -0.437052 0.129873 0.890010 0.000000 0.000000 0.000000 0.000000 1.000000
-0.592287 -0.786017 -0.177124 -0.000000 0.676980 -0.604678 0.419598 27.312599 -0.436914 0.128613 0.890261 0.000000 0.000000 0.000000 0.000000 1.000000
-0.591999 -0.786257 -0.177024 0.000000 0.677239 -0.604388 0.419598 27.312599 -0.436903 0.128514 0.890281 0.000000 0.000000 0.000000 0.000000 1.000000
-0.593613 -0.784913 -0.177583 -0.000000 0.675784 -0.606014 0.419599 27.312599 -0.436966 0.129071 0.890169 0.000000 0.000000 0.000000 0.000000 1.000000</float_array><technique_common><accessor source="#mixamorig_LeftForeArm-Matrix-animation-output-transform-array" count="17" stride="16"><param type="float4x4"/></accessor></technique_common></source><source id="mixamorig_LeftForeArm-Interpolations"><Name_array id="mixamorig_LeftForeArm-Interpolations-array" count="17">
 LINEAR LINEAR LINEAR LINEAR LINEAR LINEAR LINEAR LINEAR LINEAR LINEAR LINEAR
LINEAR LINEAR LINEAR LINEAR LINEAR LINEAR</Name_array><technique_common><accessor source="#mixamorig_LeftForeArm-Interpolations-array" count="17"><param type="name"/></accessor></technique_common></source><sampler id="mixamorig_LeftForeArm-Matrix-animation-transform"><input semantic="INPUT" source="#mixamorig_LeftForeArm-Matrix-animation-input"/><input semantic="OUTPUT" source="#mixamorig_LeftForeArm-Matrix-animation-output-transform"/><input semantic="INTERPOLATION" source="#mixamorig_LeftForeArm-Interpolations"/></sampler><channel source="#mixamorig_LeftForeArm-Matrix-animation-transform" target="mixamorig_LeftForeArm/matrix"/><source id="mixamorig_LeftHand-Matrix-animation-input"><float_array id="mixamorig_LeftHand-Matrix-animation-input-array" count="17">

0.000000 0.033333 0.066667 0.100000 0.133333 0.166667 0.200000 0.233333 0.266667 0.300000 0.333333 0.366667 0.400000 0.433333 0.466667 0.500000
0.533333</float_array><technique_common><accessor source="#mixamorig_LeftHand-Matrix-animation-input-array" count="17"><param name="TIME" type="float"/></accessor></technique_common></source><source id="mixamorig_LeftHand-Matrix-animation-output-transform"><float_array id="mixamorig_LeftHand-Matrix-animation-output-transform-array" count="272">

0.293255 -0.254535 -0.921528 -0.000000 0.080658 0.967057 -0.241443 27.521700 0.952626 -0.003524 0.304125 0.000000 0.000000 0.000000 0.000000 1.000000
0.282762 -0.248623 -0.926408 0.000000 0.083264 0.968540 -0.234516 27.521700 0.955569 -0.010824 0.294568 0.000000 0.000000 0.000000 0.000000 1.000000
0.267011 -0.241563 -0.932927 0.000000 0.086910 0.970165 -0.226331 27.521700 0.959767 -0.020648 0.280039 -0.000000 0.000000 0.000000 0.000000 1.000000
0.222247 -0.228056 -0.947943 0.000000 0.095481 0.972677 -0.211621 27.521700 0.970304 -0.043479 0.237949 0.000000 0.000000 0.000000 0.000000 1.000000
0.180463 -0.214759 -0.959850 -0.000000 0.101287 0.974741 -0.199048 27.521700 0.978353 -0.061299 0.197657 0.000000 0.000000 0.000000 0.000000 1.000000
0.150795 -0.194591 -0.969224 0.000000 0.105184 0.978028 -0.179994 27.521700 0.982953 -0.074805 0.167950 0.000000 0.000000 0.000000 0.000000 1.000000
0.127126 -0.165933 -0.977909 0.000000 0.109419 0.982237 -0.152443 27.521700 0.985833 -0.087623 0.143024 -0.000000 0.000000 0.000000 0.000000 1.000000
0.122146 -0.135683 -0.983194 0.000000 0.112359 0.986134 -0.122129 27.521700 0.986132 -0.095553 0.135698 0.000000 0.000000 0.000000 0.000000 1.000000
0.143933 -0.103094 -0.984203 -0.000000 0.114337 0.989630 -0.086941 27.521700 0.982960 -0.100018 0.154228 0.000000 0.000000 0.000000 0.000000 1.000000
0.181445 -0.074731 -0.980557 -0.000000 0.115092 0.991870 -0.054296 27.521700 0.976643 -0.103002 0.188571 0.000000 0.000000 0.000000 0.000000 1.000000
