<?xml version="1.0" encoding="utf-8"?>
<COLLADA xmlns="http://www.collada.org/2005/11/COLLADASchema" version="1.4.1">
  <asset><contributor><author>Mixamo</author><authoring_tool>COLLADA Mixamo exporter</authoring_tool><comments></comments></contributor><created>2018-01-16T20:57:21Z</created><modified>2018-01-16T20:57:21Z</modified><revision></revision><title></title><unit meter="0.010000"/><up_axis>Y_UP</up_axis></asset>
  <library_animations>
    <animation id="mixamorig_Hips-anim" name="mixamorig_Hips"><source id="mixamorig_Hips-Matrix-animation-input"><float_array id="mixamorig_Hips-Matrix-animation-input-array" count="25">

0.000000 0.033333 0.066667 0.100000 0.133333 0.166667 0.200000 0.233333 0.266667 0.300000 0.333333 0.366667 0.400000 0.433333 0.466667 0.500000
0.533333 0.566667 0.600000 0.633333 0.666667 0.700000 0.733333 0.766667 0.800000</float_array><technique_common><accessor source="#mixamorig_Hips-Matrix-animation-input-array" count="25"><param name="TIME" type="float"/></accessor></technique_common></source><source id="mixamorig_Hips-Matrix-animation-output-transform"><float_array id="mixamorig_Hips-Matrix-animation-output-transform-array" count="400">

0.874597 -0.045703 -0.482692 -0.379764 -0.027245 0.989342 -0.143039 90.517097 0.484084 0.138252 0.864030 0.755929 0.000000 0.000000 0.000000 1.000000
0.895468 -0.040349 -0.443293 -0.372140 -0.028675 0.988586 -0.147906 90.281364 0.444201 0.145157 0.884090 0.701065 0.000000 0.000000 0.000000 1.000000
0.920244 -0.033150 -0.389938 -0.378125 -0.029042 0.987873 -0.152522 90.054733 0.390266 0.151682 0.908122 0.736733 0.000000 0.000000 0.000000 1.000000
0.965404 -0.018205 -0.260123 -0.458961 -0.022934 0.987766 -0.154249 89.878189 0.259748 0.154878 0.953176 1.270332 0.000000 0.000000 0.000000 1.000000
0.998096 -0.000086 -0.061681 -0.575673 -0.009316 0.988319 -0.152113 89.792915 0.060974 0.152398 0.986437 2.085950 0.000000 0.000000 0.000000 1.000000
0.990268 0.016097 0.138238 -0.588754 0.004294 0.989282 -0.145957 89.741089 -0.139106 0.145130 0.979585 2.817264 0.000000 0.000000 0.000000 1.000000
0.952671 0.025754 0.302910 -0.422251 0.016305 0.990642 -0.135506 89.544952 -0.303565 0.134031 0.943336 3.237260 0.000000 0.000000 0.000000 1.000000
0.914518 0.027060 0.403639 -0.211690 0.025006 0.992071 -0.123165 89.301132 -0.403772 0.122730 0.906590 3.347861 0.000000 0.000000 0.000000 1.000000
0.896028 0.021808 0.443462 -0.089839 0.031039 0.993273 -0.111560 89.183685 -0.442912 0.113725 0.889323 3.285237 0.000000 0.000000 0.000000 1.000000
0.895405 0.014841 0.445004 -0.067494 0.034496 0.994128 -0.102564 89.238266 -0.443913 0.107187 0.889636 3.209559 0.000000 0.000000 0.000000 1.000000
0.900144 0.011400 0.435444 -0.102715 0.034259 0.994708 -0.096860 89.379303 -0.434244 0.102106 0.894990 3.237576 0.000000 0.000000 0.000000 1.000000
0.903267 0.013937 0.428853 -0.156187 0.029572 0.995074 -0.094624 89.528305 -0.428059 0.098153 0.898405 3.425584 0.000000 0.000000 0.000000 1.000000
0.907341 0.021709 0.419835 -0.169099 0.020962 0.995087 -0.096756 89.683327 -0.419873 0.096591 0.902428 3.747698 0.000000 0.000000 0.000000 1.000000
0.921509 0.029662 0.387222 -0.027817 0.011625 0.994525 -0.103848 89.841179 -0.388183 0.100198 0.916119 4.050091 0.000000 0.000000 0.000000 1.000000
0.938539 0.035944 0.343298 0.172436 0.002665 0.993779 -0.111338 89.996857 -0.345164 0.105410 0.932604 4.312594 0.000000 0.000000 0.000000 1.000000
0.962752 0.034383 0.268193 0.513352 -0.002435 0.992944 -0.118560 90.138802 -0.270377 0.113491 0.956042 4.395366 0.000000 0.000000 0.000000 1.000000
0.984439 0.028980 0.173323 0.719906 -0.007359 0.992242 -0.124106 90.364731 -0.175575 0.120899 0.977014 4.385032 0.000000 0.000000 0.000000 1.000000
0.997073 0.022137 0.073186 0.927889 -0.012558 0.991587 -0.128833 90.612976 -0.075423 0.127537 0.988962 4.380072 0.000000 0.000000 0.000000 1.000000
0.999573 0.013788 -0.025762 1.074509 -0.017070 0.991124 -0.131842 90.838234 0.023716 0.132226 0.990936 4.321009 0.000000 0.000000 0.000000 1.000000
0.993118 0.004344 -0.117039 1.096974 -0.019969 0.990960 -0.132665 90.995201 0.115405 0.134089 0.984227 4.148367 0.000000 0.000000 0.000000 1.000000
0.980370 -0.005728 -0.197084 0.946992 -0.020528 0.991180 -0.130920 91.059418 0.196096 0.132396 0.971606 3.832978 0.000000 0.000000 0.000000 1.000000
0.962964 -0.015791 -0.269168 0.668567 -0.019433 0.991623 -0.127696 91.059166 0.268929 0.128197 0.954590 3.410999 0.000000 0.000000 0.000000 1.000000
0.941080 -0.025367 -0.337231 0.337353 -0.017936 0.992036 -0.124674 91.028267 0.337708 0.123377 0.933130 2.920939 0.000000 0.000000 0.000000 1.000000
0.913712 -0.034457 -0.404900 0.029003 -0.017176 0.992233 -0.123198 91.000534 0.406000 0.119522 0.906023 2.401307 0.000000 0.000000 0.000000 1.000000
0.880240 -0.044030 -0.472482 -0.261529 -0.020244 0.991295 -0.130092 90.920792 0.474097 0.124077 0.871686 1.540459 0.000000 0.000000 0.000000 1.000000</float_array><technique_common><accessor source="#mixamorig_Hips-Matrix-animation-output-transform-array" count="25" stride="16"><param type="float4x4"/></accessor></technique_common></source><source id="mixamorig_Hips-Interpolations"><Name_array id="mixamorig_Hips-Interpolations-array" count="25">
 LINEAR LINEAR LINEAR LINEAR LINEAR LINEAR LINEAR LINEAR LINEAR LINEAR LINEAR
LINEAR LINEAR LINEAR LINEAR LINEAR LINEAR LINEAR LINEAR LINEAR LINEAR LINEAR LINEAR
LINEAR LINEAR</Name_array><technique_common><accessor source="#mixamorig_Hips-Interpolations-array" count="25"><param type="name"/></accessor></technique_common></source><sampler id="mixamorig_Hips-Matrix-animation-transform"><input semantic="INPUT" source="#mixamorig_Hips-Matrix-animation-input"/><input semantic="OUTPUT" source="#mixamorig_Hips-Matrix-animation-output-transform"/><input semantic="INTERPOLATION" source="#mixamorig_Hips-Interpolations"/></sampler><channel source="#mixamorig_Hips-Matrix-animation-transform" target="mixamorig_Hips/matrix"/><source id="mixamorig_Spine-Matrix-animation-input"><float_array id="mixamorig_Spine-Matrix-animation-input-array" count="25">

0.000000 0.033333 0.066667 0.100000 0.133333 0.166667 0.200000 0.233333 0.266667 0.300000 0.333333 0.366667 0.400000 0.433333 0.466667 0.500000
0.533333 0.566667 0.600000 0.633333 0.666667 0.700000 0.733333 0.766667 0.800000</float_array><technique_common><accessor source="#mixamorig_Spine-Matrix-animation-input-array" count="25"><param name="TIME" type="float"/></accessor></technique_common></source><source id="mixamorig_Spine-Matrix-animation-output-transform"><float_array id="mixamorig_Spine-Matrix-animation-output-transform-array" count="400">

0.999945 0.005519 -0.008907 -0.000100 -0.004880 0.997523 0.070164 10.113200 0.009272 -0.070117 0.997496 0.131100 0.000000 0.000000 0.000000 1.000000
0.999916 0.000089 -0.012940 -0.000100 0.000809 0.997587 0.069419 10.113200 0.012915 -0.069424 0.997504 0.131100 0.000000 0.000000 0.000000 1.000000
0.999838 -0.006551 -0.016774 -0.000100 0.007693 0.997591 0.068936 10.113200 0.016282 -0.069053 0.997480 0.131100 0.000000 0.000000 0.000000 1.000000
0.999612 -0.019819 -0.019568 -0.000100 0.021145 0.997318 0.070070 10.113200 0.018127 -0.070457 0.997350 0.131100 0.000000 0.000000 0.000000 1.000000
0.999146 -0.036730 -0.018947 -0.000100 0.038029 0.996572 0.073470 10.113200 0.016183 -0.074127 0.997117 0.131100 0.000000 0.000000 0.000000 1.000000
0.998506 -0.052602 -0.014815 -0.000100 0.053595 0.995562 0.077360 10.113200 0.010680 -0.078039 0.996893 0.131100 0.000000 0.000000 0.000000 1.000000
0.997951 -0.063589 -0.007121 -0.000100 0.063957 0.994664 0.080957 10.113200 0.001935 -0.081246 0.996692 0.131100 0.000000 0.000000 0.000000 1.000000
0.997602 -0.069148 0.002898 -0.000100 0.068668 0.994162 0.083228 10.113200 -0.008636 -0.082829 0.996526 0.131100 0.000000 0.000000 0.000000 1.000000
0.997389 -0.071040 0.012966 -0.000100 0.069710 0.994029 0.083941 10.113200 -0.018852 -0.082818 0.996386 0.131100 0.000000 0.000000 0.000000 1.000000
0.997214 -0.071521 0.021180 -0.000100 0.069527 0.994092 0.083353 10.113200 -0.027016 -0.081648 0.996295 0.131100 0.000000 0.000000 0.000000 1.000000
0.997088 -0.071498 0.026524 -0.000100 0.069114 0.994239 0.081933 10.113200 -0.032229 -0.079861 0.996285 0.131100 0.000000 0.000000 0.000000 1.000000
0.997099 -0.070543 0.028604 -0.000100 0.068050 0.994442 0.080335 10.113200 -0.034112 -0.078155 0.996357 0.131100 0.000000 0.000000 0.000000 1.000000
0.997276 -0.068487 0.027374 -0.000100 0.066131 0.994657 0.079275 10.113200 -0.032657 -0.077249 0.996477 0.131100 0.000000 0.000000 0.000000 1.000000
0.997587 -0.065145 0.024018 -0.000100 0.063075 0.994901 0.078696 10.113200 -0.029022 -0.076991 0.996609 0.131100 0.000000 0.000000 0.000000 1.000000
0.997928 -0.061016 0.020429 -0.000100 0.059251 0.995186 0.078061 10.113200 -0.025093 -0.076689 0.996739 0.131100 0.000000 0.000000 0.000000 1.000000
0.998369 -0.054244 0.017800 -0.000100 0.052732 0.995668 0.076579 10.113200 -0.021877 -0.075516 0.996905 0.131100 0.000000 0.000000 0.000000 1.000000
0.998797 -0.046684 0.014992 -0.000100 0.045427 0.996118 0.075398 10.113200 -0.018454 -0.074626 0.997041 0.131100 0.000000 0.000000 0.000000 1.000000
0.999168 -0.038964 0.012060 -0.000100 0.037965 0.996517 0.074243 10.113200 -0.014911 -0.073724 0.997167 0.131100 0.000000 0.000000 0.000000 1.000000
0.999465 -0.031337 0.009327 -0.000100 0.030571 0.996843 0.073281 10.113200 -0.011594 -0.072957 0.997268 0.131100 0.000000 0.000000 0.000000 1.000000
0.999685 -0.024054 0.007120 -0.000100 0.023474 0.997080 0.072664 10.113200 -0.008847 -0.072474 0.997331 0.131100 0.000000 0.000000 0.000000 1.000000
0.999836 -0.017192 0.005703 -0.000100 0.016733 0.997225 0.072544 10.113200 -0.006934 -0.072437 0.997349 0.131100 0.000000 0.000000 0.000000 1.000000
0.999932 -0.010610 0.004854 -0.000100 0.010229 0.997296 0.072780 10.113200 -0.005613 -0.072725 0.997336 0.131100 0.000000 0.000000 0.000000 1.000000
0.999982 -0.004236 0.004178 -0.000100 0.003920 0.997318 0.073088 10.113200 -0.004476 -0.073070 0.997317 0.131100 0.000000 0.000000 0.000000 1.000000
0.999993 0.002003 0.003268 -0.000100 -0.002237 0.997315 0.073195 10.113200 -0.003113 -0.073201 0.997312 0.131100 0.000000 0.000000 0.000000 1.000000
0.999975 0.006919 0.001289 -0.000100 -0.006994 0.997368 0.072173 10.113200 -0.000786 -0.072180 0.997391 0.131100 0.000000 0.000000 0.000000 1.000000</float_array><technique_common><accessor source="#mixamorig_Spine-Matrix-animation-output-transform-array" count="25" stride="16"><param type="float4x4"/></accessor></technique_common></source><source id="mixamorig_Spine-Interpolations"><Name_array id="mixamorig_Spine-Interpolations-array" count="25">
 LINEAR LINEAR LINEAR LINEAR LINEAR LINEAR LINEAR LINEAR LINEAR LINEAR LINEAR
LINEAR LINEAR LINEAR LINEAR LINEAR LINEAR LINEAR LINEAR LINEAR LINEAR LINEAR LINEAR
LINEAR LINEAR</Name_array><technique_common><accessor source="#mixamorig_Spine-Interpolations-array" count="25"><param type="name"/></accessor></technique_common></source><sampler id="mixamorig_Spine-Matrix-animation-transform"><input semantic="INPUT" source="#mixamorig_Spine-Matrix-animation-input"/><input semantic="OUTPUT" source="#mixamorig_Spine-Matrix-animation-output-transform"/><input semantic="INTERPOLATION" source="#mixamorig_Spine-Interpolations"/></sampler><channel source="#mixamorig_Spine-Matrix-animation-transform" target="mixamorig_Spine/matrix"/><source id="mixamorig_Spine1-Matrix-animation-input"><float_array id="mixamorig_Spine1-Matrix-animation-input-array" count="25">

0.000000 0.033333 0.066667 0.100000 0.133333 0.166667 0.200000 0.233333 0.266667 0.300000 0.333333 0.366667 0.400000 0.433333 0.466667 0.500000
0.533333 0.566667 0.600000 0.633333 0.666667 0.700000 0.733333 0.766667 0.800000</float_array><technique_common><accessor source="#mixamorig_Spine1-Matrix-animation-input-array" count="25"><param name="TIME" type="float"/></accessor></technique_common></source><source id="mixamorig_Spine1-Matrix-animation-output-transform"><float_array id="mixamorig_Spine1-Matrix-animation-output-transform-array" count="400">

0.999912 -0.009824 -0.008898 -0.000000 0.009788 0.999944 -0.004134 10.065200 0.008938 0.004046 0.999952 0.000000 0.000000 0.000000 0.000000 1.000000
0.999752 -0.012788 -0.018253 0.000000 0.012684 0.999903 -0.005787 10.065200 0.018325 0.005554 0.999817 0.000000 0.000000 0.000000 0.000000 1.000000
0.999512 -0.016110 -0.026769 -0.000000 0.015930 0.999849 -0.006913 10.065200 0.026877 0.006483 0.999618 0.000000 0.000000 0.000000 0.000000 1.000000
0.999301 -0.021253 -0.030743 -0.000000 0.021111 0.999765 -0.004908 10.065200 0.030840 0.004256 0.999515 -0.000000 0.000000 0.000000 0.000000 1.000000
0.999207 -0.029069 -0.027216 0.000000 0.029085 0.999577 0.000212 10.065200 0.027199 -0.001003 0.999630 -0.000000 0.000000 0.000000 0.000000 1.000000
0.999103 -0.038934 -0.016654 0.000000 0.039036 0.999220 0.005880 10.065200 0.016412 -0.006525 0.999844 -0.000000 0.000000 0.000000 0.000000 1.000000
0.998782 -0.049334 0.000357 0.000000 0.049328 0.998729 0.010311 10.065200 -0.000865 -0.010281 0.999947 -0.000000 0.000000 0.000000 0.000000 1.000000
0.998118 -0.057433 0.021510 -0.000000 0.057174 0.998286 0.012484 10.065200 -0.022190 -0.011230 0.999691 -0.000000 0.000000 0.000000 0.000000 1.000000
0.997156 -0.061991 0.042871 0.000000 0.061499 0.998027 0.012685 10.065200 -0.043572 -0.010012 0.999000 0.000000 0.000000 0.000000 0.000000 1.000000
0.996136 -0.063457 0.060713 0.000000 0.062893 0.997958 0.011171 10.065200 -0.061298 -0.007309 0.998093 0.000000 0.000000 0.000000 0.000000 1.000000
0.995418 -0.062313 0.072526 -0.000000 0.061878 0.998050 0.008229 10.065200 -0.072897 -0.003704 0.997333 0.000000 0.000000 0.000000 0.000000 1.000000
0.995289 -0.058562 0.077271 0.000000 0.058357 0.998284 0.004910 10.065200 -0.077426 -0.000377 0.996998 0.000000 0.000000 0.000000 0.000000 1.000000
0.995791 -0.052622 0.075046 -0.000000 0.052563 0.998614 0.002762 10.065200 -0.075087 0.001194 0.997176 0.000000 0.000000 0.000000 0.000000 1.000000
0.996637 -0.046402 0.067536 -0.000000 0.046363 0.998922 0.002149 10.065200 -0.067563 0.000990 0.997715 0.000000 0.000000 0.000000 0.000000 1.000000
0.997433 -0.040333 0.059165 0.000000 0.040301 0.999186 0.001742 10.065200 -0.059187 0.000647 0.998247 -0.000000 0.000000 0.000000 0.000000 1.000000
0.998033 -0.035361 0.051771 -0.000000 0.035386 0.999374 0.000440 10.065200 -0.051754 0.001392 0.998659 0.000000 0.000000 0.000000 0.000000 1.000000
0.998575 -0.029753 0.044307 0.000000 0.029789 0.999556 -0.000150 10.065200 -0.044283 0.001470 0.999018 0.000000 0.000000 0.000000 0.000000 1.000000
0.999043 -0.023906 0.036630 -0.000000 0.023944 0.999713 -0.000611 10.065200 -0.036604 0.001488 0.999329 0.000000 0.000000 0.000000 0.000000 1.000000
0.999396 -0.018409 0.029468 0.000000 0.018441 0.999830 -0.000829 10.065200 -0.029448 0.001372 0.999565 0.000000 0.000000 0.000000 0.000000 1.000000
0.999627 -0.013850 0.023554 -0.000000 0.013870 0.999904 -0.000722 10.065200 -0.023541 0.001048 0.999722 -0.000000 0.000000 0.000000 0.000000 1.000000
0.999756 -0.010456 0.019434 0.000000 0.010461 0.999945 -0.000141 10.065200 -0.019431 0.000344 0.999811 0.000000 0.000000 0.000000 0.000000 1.000000
0.999831 -0.007889 0.016606 0.000000 0.007877 0.999969 0.000780 10.065200 -0.016612 -0.000649 0.999862 0.000000 0.000000 0.000000 0.000000 1.000000
0.999881 -0.005883 0.014228 0.000000 0.005860 0.999981 0.001694 10.065200 -0.014237 -0.001611 0.999897 -0.000000 0.000000 0.000000 0.000000 1.000000
0.999926 -0.004177 0.011452 -0.000000 0.004151 0.999989 0.002270 10.065200 -0.011461 -0.002222 0.999932 0.000000 0.000000 0.000000 0.000000 1.000000
0.999958 -0.005671 0.007242 0.000000 0.005667 0.999984 0.000639 10.065200 -0.007246 -0.000598 0.999974 0.000000 0.000000 0.000000 0.000000 1.000000</float_array><technique_common><accessor source="#mixamorig_Spine1-Matrix-animation-output-transform-array" count="25" stride="16"><param type="float4x4"/></accessor></technique_common></source><source id="mixamorig_Spine1-Interpolations"><Name_array id="mixamorig_Spine1-Interpolations-array" count="25">
 LINEAR LINEAR LINEAR LINEAR LINEAR LINEAR LINEAR LINEAR LINEAR LINEAR LINEAR
LINEAR LINEAR LINEAR LINEAR LINEAR LINEAR LINEAR LINEAR LINEAR LINEAR LINEAR LINEAR
LINEAR LINEAR</Name_array><technique_common><accessor source="#mixamorig_Spine1-Interpolations-array" count="25"><param type="name"/></accessor></technique_common></source><sampler id="mixamorig_Spine1-Matrix-animation-transform"><input semantic="INPUT" source="#mixamorig_Spine1-Matrix-animation-input"/><input semantic="OUTPUT" source="#mixamorig_Spine1-Matrix-animation-output-transform"/><input semantic="INTERPOLATION" source="#mixamorig_Spine1-Interpolations"/></sampler><channel source="#mixamorig_Spine1-Matrix-animation-transform" target="mixamorig_Spine1/matrix"/><source id="mixamorig_Spine2-Matrix-animation-input"><float_array id="mixamorig_Spine2-Matrix-animation-input-array" count="25">

0.000000 0.033333 0.066667 0.100000 0.133333 0.166667 0.200000 0.233333 0.266667 0.300000 0.333333 0.366667 0.400000 0.433333 0.466667 0.500000
0.533333 0.566667 0.600000 0.633333 0.666667 0.700000 0.733333 0.766667 0.800000</float_array><technique_common><accessor source="#mixamorig_Spine2-Matrix-animation-input-array" count="25"><param name="TIME" type="float"/></accessor></technique_common></source><source id="mixamorig_Spine2-Matrix-animation-output-transform"><float_array id="mixamorig_Spine2-Matrix-animation-output-transform-array" count="400">

0.999907 -0.010024 -0.009295 -0.000000 0.009497 0.998437 -0.055067 9.142000 0.009832 0.054974 0.998439 0.000000 0.000000 0.000000 0.000000 1.000000
0.999745 -0.012823 -0.018577 -0.000000 0.011750 0.998319 -0.056749 9.142000 0.019273 0.056516 0.998216 -0.000000 0.000000 0.000000 0.000000 1.000000
0.999507 -0.016005 -0.026998 -0.000000 0.014420 0.998218 -0.057900 9.142000 0.027877 0.057482 0.997957 0.000000 0.000000 0.000000 0.000000 1.000000
0.999303 -0.021139 -0.030756 0.000000 0.019395 0.998245 -0.055946 9.142000 0.031884 0.055310 0.997960 0.000000 0.000000 0.000000 0.000000 1.000000
0.999214 -0.029035 -0.026974 0.000000 0.027635 0.998322 -0.050886 9.142000 0.028406 0.050101 0.998340 0.000000 0.000000 0.000000 0.000000 1.000000
0.999108 -0.038983 -0.016215 0.000000 0.038215 0.998246 -0.045222 9.142000 0.017950 0.044562 0.998845 0.000000 0.000000 0.000000 0.000000 1.000000
0.998779 -0.049384 0.000921 0.000000 0.049380 0.997951 -0.040686 9.142000 0.001090 0.040682 0.999172 0.000000 0.000000 0.000000 0.000000 1.000000
0.998106 -0.057386 0.022152 0.000000 0.058205 0.997570 -0.038280 9.142000 -0.019901 0.039497 0.999021 0.000000 0.000000 0.000000 0.000000 1.000000
0.997136 -0.061804 0.043591 -0.000000 0.063465 0.997269 -0.037785 9.142000 -0.041137 0.040443 0.998335 -0.000000 0.000000 0.000000 0.000000 1.000000
0.996105 -0.063145 0.061547 -0.000000 0.065620 0.997081 -0.039044 9.142000 -0.058902 0.042931 0.997340 0.000000 0.000000 0.000000 0.000000 1.000000
0.995373 -0.061917 0.073479 0.000000 0.065108 0.997001 -0.041845 9.142000 -0.070668 0.046435 0.996418 -0.000000 0.000000 0.000000 0.000000 1.000000
0.995235 -0.058137 0.078278 0.000000 0.061794 0.997068 -0.045134 9.142000 -0.075425 0.049756 0.995909 0.000000 0.000000 0.000000 0.000000 1.000000
0.995739 -0.052220 0.076001 0.000000 0.055914 0.997314 -0.047311 9.142000 -0.073326 0.051359 0.995985 0.000000 0.000000 0.000000 0.000000 1.000000
0.996594 -0.046075 0.068389 -0.000000 0.049416 0.997625 -0.047985 9.142000 -0.066016 0.051201 0.996504 0.000000 0.000000 0.000000 0.000000 1.000000
0.997398 -0.040095 0.059909 -0.000000 0.043026 0.997898 -0.048465 9.142000 -0.057840 0.050916 0.997027 -0.000000 0.000000 0.000000 0.000000 1.000000
0.998003 -0.035222 0.052430 -0.000000 0.037844 0.998038 -0.049887 9.142000 -0.050570 0.051772 0.997378 -0.000000 0.000000 0.000000 0.000000 1.000000
0.998553 -0.029667 0.044853 -0.000000 0.031930 0.998207 -0.050620 9.142000 -0.043270 0.051979 0.997710 -0.000000 0.000000 0.000000 0.000000 1.000000
0.999028 -0.023871 0.037055 0.000000 0.025755 0.998355 -0.051227 9.142000 -0.035771 0.052132 0.997999 0.000000 0.000000 0.000000 0.000000 1.000000
0.999387 -0.018419 0.029775 0.000000 0.019938 0.998470 -0.051578 9.142000 -0.028779 0.052140 0.998225 0.000000 0.000000 0.000000 0.000000 1.000000
0.999621 -0.013894 0.023753 0.000000 0.015104 0.998555 -0.051572 9.142000 -0.023002 0.051911 0.998387 0.000000 0.000000 0.000000 0.000000 1.000000
0.999754 -0.010517 0.019542 0.000000 0.011503 0.998630 -0.051055 9.142000 -0.018978 0.051267 0.998505 0.000000 0.000000 0.000000 0.000000 1.000000
0.999830 -0.007952 0.016636 0.000000 0.008778 0.998702 -0.050171 9.142000 -0.016215 0.050309 0.998602 0.000000 0.000000 0.000000 0.000000 1.000000
0.999882 -0.005945 0.014182 -0.000000 0.006637 0.998763 -0.049280 9.142000 -0.013872 0.049369 0.998684 0.000000 0.000000 0.000000 0.000000 1.000000
0.999927 -0.004244 0.011325 -0.000000 0.004791 0.998801 -0.048727 9.142000 -0.011104 0.048778 0.998748 0.000000 0.000000 0.000000 0.000000 1.000000
0.999959 -0.005781 0.007004 0.000000 0.006127 0.998713 -0.050350 9.142000 -0.006704 0.050391 0.998707 0.000000 0.000000 0.000000 0.000000 1.000000</float_array><technique_common><accessor source="#mixamorig_Spine2-Matrix-animation-output-transform-array" count="25" stride="16"><param type="float4x4"/></accessor></technique_common></source><source id="mixamorig_Spine2-Interpolations"><Name_array id="mixamorig_Spine2-Interpolations-array" count="25">
 LINEAR LINEAR LINEAR LINEAR LINEAR LINEAR LINEAR LINEAR LINEAR LINEAR LINEAR
LINEAR LINEAR LINEAR LINEAR LINEAR LINEAR LINEAR LINEAR LINEAR LINEAR LINEAR LINEAR
LINEAR LINEAR</Name_array><technique_common><accessor source="#mixamorig_Spine2-Interpolations-array" count="25"><param type="name"/></accessor></technique_common></source><sampler id="mixamorig_Spine2-Matrix-animation-transform"><input semantic="INPUT" source="#mixamorig_Spine2-Matrix-animation-input"/><input semantic="OUTPUT" source="#mixamorig_Spine2-Matrix-animation-output-transform"/><input semantic="INTERPOLATION" source="#mixamorig_Spine2-Interpolations"/></sampler><channel source="#mixamorig_Spine2-Matrix-animation-transform" target="mixamorig_Spine2/matrix"/><source id="mixamorig_Neck-Matrix-animation-input"><float_array id="mixamorig_Neck-Matrix-animation-input-array" count="25">

0.000000 0.033333 0.066667 0.100000 0.133333 0.166667 0.200000 0.233333 0.266667 0.300000 0.333333 0.366667 0.400000 0.433333 0.466667 0.500000
0.533333 0.566667 0.600000 0.633333 0.666667 0.700000 0.733333 0.766667 0.800000</float_array><technique_common><accessor source="#mixamorig_Neck-Matrix-animation-input-array" count="25"><param name="TIME" type="float"/></accessor></technique_common></source><source id="mixamorig_Neck-Matrix-animation-output-transform"><float_array id="mixamorig_Neck-Matrix-animation-output-transform-array" count="400">

0.991440 0.114902 0.062009 0.000100 -0.091590 0.950512 -0.296882 16.748501 -0.093053 0.288661 0.952899 0.000100 0.000000 0.000000 0.000000 1.000000
0.992022 0.111814 0.058216 0.000100 -0.089689 0.950545 -0.297355 16.748501 -0.088585 0.289761 0.952991 0.000100 0.000000 0.000000 0.000000 1.000000
0.992556 0.109179 0.053972 0.000100 -0.088303 0.950323 -0.298477 16.748501 -0.083878 0.291489 0.952890 0.000100 0.000000 0.000000 0.000000 1.000000
0.992914 0.109041 0.047235 0.000100 -0.089771 0.948729 -0.303074 16.748501 -0.077861 0.296686 0.951796 0.000100 0.000000 0.000000 0.000000 1.000000
0.992854 0.115591 0.029655 0.000100 -0.100939 0.946020 -0.307990 16.748501 -0.063655 0.302796 0.950927 0.000100 0.000000 0.000000 0.000000 1.000000
0.991901 0.126506 0.011353 0.000100 -0.116787 0.943524 -0.310038 16.748501 -0.049933 0.306201 0.950656 0.000100 0.000000 0.000000 0.000000 1.000000
0.990160 0.139874 -0.004291 0.000100 -0.134329 0.941416 -0.309340 16.748501 -0.039229 0.306872 0.950942 0.000100 0.000000 0.000000 0.000000 1.000000
0.988453 0.150906 -0.013717 0.000100 -0.147754 0.939794 -0.308149 16.748501 -0.033610 0.306617 0.951239 0.000100 0.000000 0.000000 0.000000 1.000000
0.987560 0.156386 -0.016409 0.000100 -0.153776 0.938697 -0.308546 16.748501 -0.032849 0.307231 0.951068 0.000100 0.000000 0.000000 0.000000 1.000000
0.987526 0.156762 -0.014788 0.000100 -0.153582 0.938250 -0.310000 16.748501 -0.034721 0.308404 0.950622 0.000100 0.000000 0.000000 0.000000 1.000000
0.987904 0.154597 -0.012057 0.000100 -0.150665 0.938569 -0.310465 16.748501 -0.036681 0.308526 0.950508 0.000100 0.000000 0.000000 0.000000 1.000000
0.988386 0.151658 -0.009625 0.000100 -0.147168 0.939492 -0.309347 16.748501 -0.037872 0.307171 0.950901 0.000100 0.000000 0.000000 0.000000 1.000000
0.988899 0.148433 -0.006755 0.000100 -0.143276 0.940526 -0.308031 16.748501 -0.039368 0.305580 0.951352 0.000100 0.000000 0.000000 0.000000 1.000000
0.989309 0.145823 -0.001743 0.000100 -0.139275 0.941209 -0.307778 16.748501 -0.043240 0.304730 0.951457 0.000100 0.000000 0.000000 0.000000 1.000000
0.989706 0.143057 0.004013 0.000100 -0.134897 0.941884 -0.307663 16.748501 -0.047793 0.303955 0.951487 0.000100 0.000000 0.000000 0.000000 1.000000
0.990239 0.138919 0.011340 0.000100 -0.128755 0.942871 -0.307274 16.748501 -0.053379 0.302814 0.951554 0.000100 0.000000 0.000000 0.000000 1.000000
0.990993 0.132507 0.019349 0.000100 -0.120165 0.943694 -0.308224 16.748501 -0.059101 0.303123 0.951117 0.000100 0.000000 0.000000 0.000000 1.000000
0.991716 0.125449 0.027607 0.000100 -0.110859 0.944461 -0.309361 16.748501 -0.064883 0.303738 0.950544 0.000100 0.000000 0.000000 0.000000 1.000000
0.992241 0.119134 0.035555 0.000100 -0.102366 0.945157 -0.310160 16.748501 -0.070556 0.304114 0.950019 0.000100 0.000000 0.000000 0.000000 1.000000
0.992458 0.114939 0.042615 0.000100 -0.096218 0.945805 -0.310154 16.748501 -0.075954 0.303714 0.949731 0.000100 0.000000 0.000000 0.000000 1.000000
0.992336 0.113677 0.048436 0.000100 -0.093320 0.946395 -0.309239 16.748501 -0.080993 0.302349 0.949750 0.000100 0.000000 0.000000 0.000000 1.000000
0.991993 0.114451 0.053388 0.000100 -0.092692 0.946945 -0.307739 16.748501 -0.085776 0.300326 0.949972 0.000100 0.000000 0.000000 0.000000 1.000000
0.991549 0.116069 0.057961 0.000100 -0.093038 0.947527 -0.305838 16.748501 -0.090418 0.297861 0.950318 0.000100 0.000000 0.000000 0.000000 1.000000
0.991115 0.117336 0.062641 0.000100 -0.093063 0.948213 -0.303696 16.748501 -0.095031 0.295168 0.950708 0.000100 0.000000 0.000000 0.000000 1.000000
0.990679 0.118563 0.067070 0.000100 -0.093402 0.949637 -0.299107 16.748501 -0.099155 0.290054 0.951860 0.000100 0.000000 0.000000 0.000000 1.000000</float_array><technique_common><accessor source="#mixamorig_Neck-Matrix-animation-output-transform-array" count="25" stride="16"><param type="float4x4"/></accessor></technique_common></source><source id="mixamorig_Neck-Interpolations"><Name_array id="mixamorig_Neck-Interpolations-array" count="25">
 LINEAR LINEAR LINEAR LINEAR LINEAR LINEAR LINEAR LINEAR LINEAR LINEAR LINEAR
LINEAR LINEAR LINEAR LINEAR LINEAR LINEAR LINEAR LINEAR LINEAR LINEAR LINEAR LINEAR
LINEAR LINEAR</Name_array><technique_common><accessor source="#mixamorig_Neck-Interpolations-array" count="25"><param type="name"/></accessor></technique_common></source><sampler id="mixamorig_Neck-Matrix-animation-transform"><input semantic="INPUT" source="#mixamorig_Neck-Matrix-animation-input"/><input semantic="OUTPUT" source="#mixamorig_Neck-Matrix-animation-output-transform"/><input semantic="INTERPOLATION" source="#mixamorig_Neck-Interpolations"/></sampler><channel source="#mixamorig_Neck-Matrix-animation-transform" target="mixamorig_Neck/matrix"/><source id="mixamorig_Head-Matrix-animation-input"><float_array id="mixamorig_Head-Matrix-animation-input-array" count="25">

0.000000 0.033333 0.066667 0.100000 0.133333 0.166667 0.200000 0.233333 0.266667 0.300000 0.333333 0.366667 0.400000 0.433333 0.466667 0.500000
0.533333 0.566667 0.600000 0.633333 0.666667 0.700000 0.733333 0.766667 0.800000</float_array><technique_common><accessor source="#mixamorig_Head-Matrix-animation-input-array" count="25"><param name="TIME" type="float"/></accessor></technique_common></source><source id="mixamorig_Head-Matrix-animation-output-transform"><float_array id="mixamorig_Head-Matrix-animation-output-transform-array" count="400">

0.959767 0.105848 0.260084 -0.000000 -0.136146 0.985492 0.101337 9.553300 -0.245584 -0.132670 0.960254 1.679400 0.000000 0.000000 0.000000 1.000000
0.963060 0.107595 0.246856 0.000000 -0.137452 0.984707 0.107045 9.553300 -0.231563 -0.137022 0.963122 1.679400 0.000000 0.000000 0.000000 1.000000
0.968995 0.103278 0.224458 0.000000 -0.131396 0.984737 0.114140 9.553300 -0.209244 -0.140094 0.967776 1.679400 0.000000 0.000000 0.000000 1.000000
0.986464 0.064500 0.150762 0.000000 -0.083706 0.988653 0.124730 9.553300 -0.141006 -0.135662 0.980670 1.679400 0.000000 0.000000 0.000000 1.000000
0.999450 -0.005937 0.032623 0.000000 0.001483 0.990861 0.134875 9.553300 -0.033126 -0.134753 0.990325 1.679400 0.000000 0.000000 0.000000 1.000000
0.992388 -0.076430 -0.096565 0.000000 0.089481 0.986244 0.138984 9.553300 0.084614 -0.146567 0.985575 1.679400 0.000000 0.000000 0.000000 1.000000
0.970595 -0.124783 -0.205850 0.000000 0.154618 0.978593 0.135829 9.553300 0.184494 -0.163663 0.969111 1.679400 0.000000 0.000000 0.000000 1.000000
0.952779 -0.141000 -0.268943 -0.000000 0.181771 0.974283 0.133164 9.553300 0.243251 -0.175762 0.953906 1.679400 0.000000 0.000000 0.000000 1.000000
0.948375 -0.135683 -0.286663 0.000000 0.180531 0.974094 0.136199 9.553300 0.260757 -0.180919 0.948301 1.679400 0.000000 0.000000 0.000000 1.000000
0.951909 -0.128578 -0.278097 0.000000 0.173116 0.974619 0.141949 9.553300 0.252787 -0.183265 0.950007 1.679400 0.000000 0.000000 0.000000 1.000000
0.954624 -0.135833 -0.265034 -0.000000 0.178481 0.973347 0.144018 9.553300 0.238408 -0.184787 0.953423 1.679400 0.000000 0.000000 0.000000 1.000000
0.953914 -0.157970 -0.255133 0.000000 0.197790 0.970384 0.138686 9.553300 0.225669 -0.182757 0.956908 1.679400 0.000000 0.000000 0.000000 1.000000
0.953668 -0.179708 -0.241295 -0.000000 0.215245 0.967887 0.129863 9.553300 0.210209 -0.175783 0.961724 1.679400 0.000000 0.000000 0.000000 1.000000
0.961042 -0.178132 -0.211347 -0.000000 0.208019 0.969624 0.128672 9.553300 0.182007 -0.167624 0.968904 1.679400 0.000000 0.000000 0.000000 1.000000
0.969949 -0.168525 -0.175494 0.000000 0.192455 0.972708 0.129615 9.553300 0.148861 -0.159495 0.975911 1.679400 0.000000 0.000000 0.000000 1.000000
0.981431 -0.144031 -0.126685 0.000000 0.160987 0.977577 0.135743 9.553300 0.104293 -0.153617 0.982611 1.679400 0.000000 0.000000 0.000000 1.000000
0.990128 -0.120815 -0.071069 0.000000 0.129682 0.981997 0.137351 9.553300 0.053195 -0.145212 0.987970 1.679400 0.000000 0.000000 0.000000 1.000000
0.995231 -0.096643 -0.013222 0.000000 0.097543 0.986016 0.135119 9.553300 -0.000021 -0.135764 0.990741 1.679400 0.000000 0.000000 0.000000 1.000000
0.996535 -0.071882 0.041843 0.000000 0.065914 0.989349 0.129783 9.553300 -0.050727 -0.126576 0.990659 1.679400 0.000000 0.000000 0.000000 1.000000
0.994884 -0.047348 0.089246 -0.000000 0.036174 0.991758 0.122911 9.553300 -0.094330 -0.119054 0.988397 1.679400 0.000000 0.000000 0.000000 1.000000
0.991720 -0.024349 0.126086 0.000000 0.009656 0.993219 0.115853 9.553300 -0.128052 -0.113677 0.985231 1.679400 0.000000 0.000000 0.000000 1.000000
0.987833 -0.002676 0.155498 -0.000000 -0.014454 0.993945 0.108924 9.553300 -0.154848 -0.109846 0.981813 1.679400 0.000000 0.000000 0.000000 1.000000
0.983152 0.018969 0.181802 0.000000 -0.038066 0.994042 0.102136 9.553300 -0.178781 -0.107336 0.978016 1.679400 0.000000 0.000000 0.000000 1.000000
0.976971 0.041986 0.209201 0.000000 -0.063012 0.993493 0.094875 9.553300 -0.203856 -0.105872 0.973259 1.679400 0.000000 0.000000 0.000000 1.000000
0.968352 0.071815 0.239035 0.000000 -0.096708 0.990856 0.094082 9.553300 -0.230093 -0.114221 0.966442 1.679400 0.000000 0.000000 0.000000 1.000000</float_array><technique_common><accessor source="#mixamorig_Head-Matrix-animation-output-transform-array" count="25" stride="16"><param type="float4x4"/></accessor></technique_common></source><source id="mixamorig_Head-Interpolations"><Name_array id="mixamorig_Head-Interpolations-array" count="25">
 LINEAR LINEAR LINEAR LINEAR LINEAR LINEAR LINEAR LINEAR LINEAR LINEAR LINEAR
LINEAR LINEAR LINEAR LINEAR LINEAR LINEAR LINEAR LINEAR LINEAR LINEAR LINEAR LINEAR
LINEAR LINEAR</Name_array><technique_common><accessor source="#mixamorig_Head-Interpolations-array" count="25"><param type="name"/></accessor></technique_common></source><sampler id="mixamorig_Head-Matrix-animation-transform"><input semantic="INPUT" source="#mixamorig_Head-Matrix-animation-input"/><input semantic="OUTPUT" source="#mixamorig_Head-Matrix-animation-output-transform"/><input semantic="INTERPOLATION" source="#mixamorig_Head-Interpolations"/></sampler><channel source="#mixamorig_Head-Matrix-animation-transform" target="mixamorig_Head/matrix"/><source id="mixamorig_LeftShoulder-Matrix-animation-input"><float_array id="mixamorig_LeftShoulder-Matrix-animation-input-array" count="25">

0.000000 0.033333 0.066667 0.100000 0.133333 0.166667 0.200000 0.233333 0.266667 0.300000 0.333333 0.366667 0.400000 0.433333 0.466667 0.500000
0.533333 0.566667 0.600000 0.633333 0.666667 0.700000 0.733333 0.766667 0.800000</float_array><technique_common><accessor source="#mixamorig_LeftShoulder-Matrix-animation-input-array" count="25"><param name="TIME" type="float"/></accessor></technique_common></source><source id="mixamorig_LeftShoulder-Matrix-animation-output-transform"><float_array id="mixamorig_LeftShoulder-Matrix-animation-output-transform-array" count="400">

0.026673 0.964967 -0.261011 4.555100 0.060397 -0.262182 -0.963127 11.142100 -0.997818 0.009925 -0.065274 -0.961700 0.000000 0.000000 0.000000 1.000000
0.035815 0.964329 -0.262272 4.555100 0.059575 -0.264034 -0.962672 11.142100 -0.997581 0.018854 -0.066906 -0.961700 0.000000 0.000000 0.000000 1.000000
0.047427 0.963390 -0.263877 4.555100 0.058858 -0.266410 -0.962061 11.142100 -0.997139 0.030096 -0.069338 -0.961700 0.000000 0.000000 0.000000 1.000000
0.072606 0.960869 -0.267318 4.555100 0.058718 -0.271679 -0.960595 11.142100 -0.995631 0.054048 -0.076146 -0.961700 0.000000 0.000000 0.000000 1.000000
0.104003 0.956786 -0.271557 4.555100 0.059122 -0.278502 -0.958614 11.142100 -0.992818 0.083643 -0.085532 -0.961700 0.000000 0.000000 0.000000 1.000000
0.128175 0.952920 -0.274798 4.555100 0.059052 -0.283925 -0.957026 11.142100 -0.989992 0.106440 -0.092664 -0.961700 0.000000 0.000000 0.000000 1.000000
0.139636 0.950871 -0.276307 4.555100 0.058912 -0.286524 -0.956260 11.142100 -0.988449 0.117250 -0.096027 -0.961700 0.000000 0.000000 0.000000 1.000000
0.134806 0.951767 -0.275622 4.555100 0.059000 -0.285377 -0.956598 11.142100 -0.989114 0.112693 -0.094625 -0.961700 0.000000 0.000000 0.000000 1.000000
0.119486 0.954411 -0.273537 4.555100 0.058575 -0.281808 -0.957681 11.142100 -0.991106 0.098407 -0.089577 -0.961700 0.000000 0.000000 0.000000 1.000000
0.106357 0.956464 -0.271780 4.555100 0.056759 -0.278724 -0.958692 11.142100 -0.992707 0.086537 -0.083933 -0.961700 0.000000 0.000000 0.000000 1.000000
0.105445 0.956582 -0.271719 4.555100 0.053946 -0.278343 -0.958966 11.142100 -0.992961 0.086460 -0.080954 -0.961700 0.000000 0.000000 0.000000 1.000000
0.115510 0.955218 -0.272426 4.555100 0.051809 -0.279683 -0.958694 11.142100 -0.991954 0.096625 -0.081796 -0.961700 0.000000 0.000000 0.000000 1.000000
0.125825 0.953959 -0.272270 4.555100 0.051810 -0.280396 -0.958485 11.142100 -0.990699 0.106495 -0.084706 -0.961700 0.000000 0.000000 0.000000 1.000000
0.124474 0.954150 -0.272219 4.555100 0.053947 -0.280455 -0.958350 11.142100 -0.990755 0.104604 -0.086383 -0.961700 0.000000 0.000000 0.000000 1.000000
0.120160 0.954741 -0.272086 4.555100 0.056410 -0.280196 -0.958284 11.142100 -0.991151 0.099799 -0.087525 -0.961700 0.000000 0.000000 0.000000 1.000000
0.112698 0.955855 -0.271369 4.555100 0.058367 -0.279005 -0.958514 11.142100 -0.991914 0.092184 -0.087234 -0.961700 0.000000 0.000000 0.000000 1.000000
0.109125 0.956267 -0.271378 4.555100 0.059529 -0.278806 -0.958501 11.142100 -0.992244 0.088441 -0.087350 -0.961700 0.000000 0.000000 0.000000 1.000000
0.106448 0.956505 -0.271600 4.555100 0.060648 -0.278889 -0.958406 11.142100 -0.992467 0.085549 -0.087697 -0.961700 0.000000 0.000000 0.000000 1.000000
0.103066 0.956881 -0.271581 4.555100 0.061542 -0.278646 -0.958420 11.142100 -0.992769 0.082067 -0.087607 -0.961700 0.000000 0.000000 0.000000 1.000000
0.097374 0.957681 -0.270860 4.555100 0.062031 -0.277464 -0.958731 11.142100 -0.993313 0.076554 -0.086424 -0.961700 0.000000 0.000000 0.000000 1.000000
0.088773 0.959021 -0.269067 4.555100 0.061970 -0.274928 -0.959466 11.142100 -0.994122 0.068500 -0.083837 -0.961700 0.000000 0.000000 0.000000 1.000000
0.078169 0.960663 -0.266491 4.555100 0.061487 -0.271445 -0.960488 11.142100 -0.995042 0.058694 -0.080287 -0.961700 0.000000 0.000000 0.000000 1.000000
0.066211 0.962343 -0.263651 4.555100 0.060815 -0.267632 -0.961600 11.142100 -0.995951 0.047635 -0.076245 -0.961700 0.000000 0.000000 0.000000 1.000000
0.053555 0.963827 -0.261093 4.555100 0.060185 -0.264109 -0.962613 11.142100 -0.996750 0.035839 -0.072152 -0.961700 0.000000 0.000000 0.000000 1.000000
0.033501 0.965014 -0.260051 4.555100 0.059369 -0.261659 -0.963333 11.142100 -0.997674 0.016834 -0.066057 -0.961700 0.000000 0.000000 0.000000 1.000000</float_array><technique_common><accessor source="#mixamorig_LeftShoulder-Matrix-animation-output-transform-array" count="25" stride="16"><param type="float4x4"/></accessor></technique_common></source><source id="mixamorig_LeftShoulder-Interpolations"><Name_array id="mixamorig_LeftShoulder-Interpolations-array" count="25">
 LINEAR LINEAR LINEAR LINEAR LINEAR LINEAR LINEAR LINEAR LINEAR LINEAR LINEAR
LINEAR LINEAR LINEAR LINEAR LINEAR LINEAR LINEAR LINEAR LINEAR LINEAR LINEAR LINEAR
LINEAR LINEAR</Name_array><technique_common><accessor source="#mixamorig_LeftShoulder-Interpolations-array" count="25"><param type="name"/></accessor></technique_common></source><sampler id="mixamorig_LeftShoulder-Matrix-animation-transform"><input semantic="INPUT" source="#mixamorig_LeftShoulder-Matrix-animation-input"/><input semantic="OUTPUT" source="#mixamorig_LeftShoulder-Matrix-animation-output-transform"/><input semantic="INTERPOLATION" source="#mixamorig_LeftShoulder-Interpolations"/></sampler><channel source="#mixamorig_LeftShoulder-Matrix-animation-transform" target="mixamorig_LeftShoulder/matrix"/><source id="mixamorig_LeftArm-Matrix-animation-input"><float_array id="mixamorig_LeftArm-Matrix-animation-input-array" count="25">

0.000000 0.033333 0.066667 0.100000 0.133333 0.166667 0.200000 0.233333 0.266667 0.300000 0.333333 0.366667 0.400000 0.433333 0.466667 0.500000
0.533333 0.566667 0.600000 0.633333 0.666667 0.700000 0.733333 0.766667 0.800000</float_array><technique_common><accessor source="#mixamorig_LeftArm-Matrix-animation-input-array" count="25"><param name="TIME" type="float"/></accessor></technique_common></source><source id="mixamorig_LeftArm-Matrix-animation-output-transform"><float_array id="mixamorig_LeftArm-Matrix-animation-output-transform-array" count="400">

0.584078 -0.489062 -0.647820 0.000000 0.065979 0.824070 -0.562633 10.800700 0.809011 0.285879 0.513589 -0.000000 0.000000 0.000000 0.000000 1.000000
0.597254 -0.494760 -0.631269 0.000000 0.072052 0.816982 -0.572144 10.800700 0.798809 0.296231 0.523595 -0.000000 0.000000 0.000000 0.000000 1.000000
0.610570 -0.502091 -0.612461 0.000000 0.080130 0.808543 -0.582956 10.800700 0.787898 0.306859 0.533905 -0.000000 0.000000 0.000000 0.000000 1.000000
0.625365 -0.519660 -0.582127 0.000000 0.098735 0.792698 -0.601566 10.800700 0.774061 0.318721 0.547034 0.000000 0.000000 0.000000 0.000000 1.000000
