<?xml version="1.0" encoding="utf-8"?>
<COLLADA xmlns="http://www.collada.org/2005/11/COLLADASchema" version="1.4.1">
  <asset><contributor><author>Mixamo</author><authoring_tool>COLLADA Mixamo exporter</authoring_tool><comments></comments></contributor><created>2018-01-16T21:07:48Z</created><modified>2018-01-16T21:07:48Z</modified><revision></revision><title></title><unit meter="0.010000"/><up_axis>Y_UP</up_axis></asset>
  <library_animations>
    <animation id="mixamorig_Hips-anim" name="mixamorig_Hips"><source id="mixamorig_Hips-Matrix-animation-input"><float_array id="mixamorig_Hips-Matrix-animation-input-array" count="105">

0.000000 0.033333 0.066667 0.100000 0.133333 0.166667 0.200000 0.233333 0.266667 0.300000 0.333333 0.366667 0.400000 0.433333 0.466667 0.500000
0.533333 0.566667 0.600000 0.633333 0.666667 0.700000 0.733333 0.766667 0.800000 0.833333 0.866667 0.900000 0.933333 0.966667 1.000000 1.033333
1.066667 1.100000 1.133333 1.166667 1.200000 1.233333 1.266667 1.300000 1.333333 1.366667 1.400000 1.433333 1.466667 1.500000 1.533333 1.566667
1.600000 1.633333 1.666667 1.700000 1.733333 1.766667 1.800000 1.833333 1.866667 1.900000 1.933333 1.966667 2.000000 2.033333 2.066667 2.100000
2.133333 2.166667 2.200000 2.233333 2.266667 2.300000 2.333333 2.366667 2.400000 2.433333 2.466667 2.500000 2.533333 2.566667 2.600000 2.633333
2.666667 2.700000 2.733333 2.766667 2.800000 2.833333 2.866667 2.900000 2.933333 2.966667 3.000000 3.033333 3.066667 3.100000 3.133333 3.166667
3.200000 3.233333 3.266667 3.300000 3.333333 3.366667 3.400000 3.433333 3.466667</float_array><technique_common><accessor source="#mixamorig_Hips-Matrix-animation-input-array" count="105"><param name="TIME" type="float"/></accessor></technique_common></source><source id="mixamorig_Hips-Matrix-animation-output-transform"><float_array id="mixamorig_Hips-Matrix-animation-output-transform-array" count="1680">

0.998132 0.028336 -0.054121 -13.847219 -0.029430 0.999376 -0.019518 100.798668 0.053535 0.021074 0.998344 1.768172 0.000000 0.000000 0.000000 1.000000
0.998146 0.028760 -0.053648 -13.843514 -0.029856 0.999359 -0.019737 100.801620 0.053046 0.021302 0.998365 1.782166 0.000000 0.000000 0.000000 1.000000
0.998159 0.029188 -0.053161 -13.839855 -0.030286 0.999342 -0.019971 100.804207 0.052543 0.021544 0.998386 1.796452 0.000000 0.000000 0.000000 1.000000
0.998172 0.029615 -0.052675 -13.836196 -0.030716 0.999324 -0.020205 100.806808 0.052041 0.021786 0.998407 1.810737 0.000000 0.000000 0.000000 1.000000
0.998185 0.030040 -0.052201 -13.832492 -0.031142 0.999306 -0.020426 100.809753 0.051552 0.022014 0.998428 1.824731 0.000000 0.000000 0.000000 1.000000
0.998195 0.030460 -0.051755 -13.828697 -0.031563 0.999289 -0.020617 100.813408 0.051090 0.022214 0.998447 1.838142 0.000000 0.000000 0.000000 1.000000
0.998204 0.030872 -0.051347 -13.824765 -0.031973 0.999273 -0.020766 100.818123 0.050669 0.022370 0.998465 1.850679 0.000000 0.000000 0.000000 1.000000
0.998189 0.031181 -0.051436 -13.819118 -0.032264 0.999272 -0.020362 100.836243 0.050764 0.021985 0.998469 1.852184 0.000000 0.000000 0.000000 1.000000
0.998144 0.031255 -0.052272 -13.811007 -0.032323 0.999283 -0.019715 100.857536 0.051618 0.021368 0.998438 1.847724 0.000000 0.000000 0.000000 1.000000
0.998055 0.031162 -0.053988 -13.799473 -0.032240 0.999296 -0.019210 100.880844 0.053351 0.020913 0.998357 1.833948 0.000000 0.000000 0.000000 1.000000
0.997912 0.031241 -0.056522 -13.782331 -0.032309 0.999314 -0.018084 100.906212 0.055918 0.019872 0.998238 1.809132 0.000000 0.000000 0.000000 1.000000
0.997739 0.031171 -0.059549 -13.753787 -0.032242 0.999334 -0.017102 100.913490 0.058976 0.018983 0.998079 1.740335 0.000000 0.000000 0.000000 1.000000
0.997551 0.031092 -0.062646 -13.723113 -0.032163 0.999352 -0.016152 100.917320 0.062103 0.018128 0.997905 1.662192 0.000000 0.000000 0.000000 1.000000
0.997370 0.031230 -0.065405 -13.692539 -0.032295 0.999361 -0.015287 100.920319 0.064886 0.017359 0.997742 1.566458 0.000000 0.000000 0.000000 1.000000
0.997268 0.032504 -0.066333 -13.663214 -0.033559 0.999326 -0.014852 100.920006 0.065805 0.017037 0.997687 1.380025 0.000000 0.000000 0.000000 1.000000
0.997183 0.034867 -0.066410 -13.612469 -0.035938 0.999241 -0.015003 100.936096 0.065837 0.017348 0.997680 0.968969 0.000000 0.000000 0.000000 1.000000
0.997103 0.037437 -0.066218 -13.558019 -0.038531 0.999140 -0.015319 100.950661 0.065587 0.017826 0.997688 0.505612 0.000000 0.000000 0.000000 1.000000
0.997131 0.040058 -0.064225 -13.508553 -0.041196 0.999015 -0.016498 100.891731 0.063501 0.019096 0.997799 -0.120706 0.000000 0.000000 0.000000 1.000000
0.997685 0.042950 -0.052730 -13.486906 -0.044173 0.998776 -0.022259 100.441315 0.051709 0.024537 0.998361 -1.598711 0.000000 0.000000 0.000000 1.000000
0.998134 0.050077 -0.034926 -13.531136 -0.050903 0.998435 -0.023171 99.298134 0.033711 0.024906 0.999121 -3.995610 0.000000 0.000000 0.000000 1.000000
0.998257 0.056996 -0.015329 -13.596905 -0.057292 0.998165 -0.019608 98.009979 0.014184 0.020452 0.999690 -6.449543 0.000000 0.000000 0.000000 1.000000
0.998053 0.062113 0.005699 -13.672606 -0.062061 0.998033 -0.008825 96.748619 -0.006236 0.008454 0.999945 -8.621451 0.000000 0.000000 0.000000 1.000000
0.997457 0.065819 0.027356 -13.756100 -0.065977 0.997809 0.004923 95.471764 -0.026972 -0.006715 0.999614 -10.703698 0.000000 0.000000 0.000000 1.000000
0.996669 0.066623 0.047042 -13.849556 -0.067543 0.997549 0.018255 94.188736 -0.045710 -0.021372 0.998726 -12.717100 0.000000 0.000000 0.000000 1.000000
0.996926 0.055327 0.055475 -13.993546 -0.057011 0.997945 0.029256 92.877869 -0.053743 -0.032329 0.998031 -14.393217 0.000000 0.000000 0.000000 1.000000
0.997322 0.053400 0.049978 -14.046727 -0.054725 0.998175 0.025518 91.858986 -0.048524 -0.028184 0.998424 -15.589186 0.000000 0.000000 0.000000 1.000000
0.997721 0.053247 0.041441 -14.085505 -0.054100 0.998341 0.019730 90.896774 -0.040322 -0.021927 0.998946 -16.678509 0.000000 0.000000 0.000000 1.000000
0.998148 0.052154 0.031305 -14.143461 -0.052681 0.998480 0.016224 89.922569 -0.030411 -0.017844 0.999378 -17.767380 0.000000 0.000000 0.000000 1.000000
0.998369 0.052028 0.023517 -14.192911 -0.052388 0.998514 0.014984 88.941910 -0.022702 -0.016192 0.999611 -18.821938 0.000000 0.000000 0.000000 1.000000
0.997892 0.056684 0.031601 -14.183999 -0.057412 0.998094 0.022652 87.906090 -0.030257 -0.024418 0.999244 -19.794170 0.000000 0.000000 0.000000 1.000000
0.998132 0.051807 0.032389 -14.248012 -0.052694 0.998241 0.027175 86.950096 -0.030925 -0.028831 0.999106 -20.679352 0.000000 0.000000 0.000000 1.000000
0.998118 0.049125 0.036708 -14.343289 -0.050079 0.998418 0.025550 86.018929 -0.035395 -0.027340 0.998999 -21.478163 0.000000 0.000000 0.000000 1.000000
0.997989 0.045951 0.043672 -14.437007 -0.047455 0.998293 0.034059 85.046265 -0.042033 -0.036063 0.998465 -22.321930 0.000000 0.000000 0.000000 1.000000
0.997960 0.042171 0.047934 -14.535156 -0.044461 0.997869 0.047763 83.991737 -0.045817 -0.049796 0.997708 -23.143099 0.000000 0.000000 0.000000 1.000000
0.997636 0.040119 0.055797 -14.632506 -0.043889 0.996715 0.068064 82.867859 -0.052883 -0.070352 0.996119 -23.982372 0.000000 0.000000 0.000000 1.000000
0.997385 0.041275 0.059320 -14.720143 -0.046409 0.995042 0.087961 81.782677 -0.055396 -0.090484 0.994356 -24.691444 0.000000 0.000000 0.000000 1.000000
0.997030 0.040770 0.065341 -14.806405 -0.047588 0.993179 0.106449 80.853706 -0.060555 -0.109242 0.992169 -25.326330 0.000000 0.000000 0.000000 1.000000
0.996893 0.042926 0.066041 -14.917531 -0.050786 0.991186 0.122355 79.846306 -0.060207 -0.125329 0.990287 -25.986555 0.000000 0.000000 0.000000 1.000000
0.996831 0.042323 0.067357 -14.981774 -0.051702 0.988194 0.144220 78.838852 -0.060458 -0.147246 0.987250 -26.736469 0.000000 0.000000 0.000000 1.000000
0.996663 0.044333 0.068544 -15.044182 -0.055189 0.984642 0.165635 77.838150 -0.060149 -0.168865 0.983802 -27.484167 0.000000 0.000000 0.000000 1.000000
0.996463 0.044307 0.071397 -15.087464 -0.056666 0.981731 0.181638 76.770325 -0.062045 -0.185041 0.980770 -28.291208 0.000000 0.000000 0.000000 1.000000
0.996416 0.041766 0.073557 -15.144969 -0.055824 0.978025 0.200875 75.731262 -0.063551 -0.204261 0.976851 -29.159479 0.000000 0.000000 0.000000 1.000000
0.996496 0.035432 0.075770 -15.232556 -0.051479 0.973762 0.221672 74.664757 -0.065928 -0.224795 0.972173 -30.083508 0.000000 0.000000 0.000000 1.000000
0.996269 0.028883 0.081323 -15.301941 -0.047859 0.969062 0.242133 73.602921 -0.071814 -0.245122 0.966829 -31.075983 0.000000 0.000000 0.000000 1.000000
0.995732 0.024304 0.089032 -15.382044 -0.047127 0.963347 0.264088 72.469559 -0.079351 -0.267157 0.960381 -32.136196 0.000000 0.000000 0.000000 1.000000
0.995028 0.019724 0.097627 -15.460726 -0.046888 0.957550 0.284428 71.271027 -0.087872 -0.287591 0.953714 -33.250320 0.000000 0.000000 0.000000 1.000000
0.994165 0.016061 0.106663 -15.527571 -0.048461 0.949943 0.308641 69.902756 -0.096367 -0.312010 0.945179 -34.478951 0.000000 0.000000 0.000000 1.000000
0.993422 0.013343 0.113734 -15.607541 -0.051197 0.940150 0.336894 68.397789 -0.102432 -0.340501 0.934648 -35.787643 0.000000 0.000000 0.000000 1.000000
0.992552 0.009933 0.121414 -15.695744 -0.053536 0.930834 0.361500 66.830521 -0.109425 -0.365308 0.924433 -37.162807 0.000000 0.000000 0.000000 1.000000
0.991191 0.006272 0.132290 -15.752589 -0.057239 0.921057 0.385198 65.156494 -0.119431 -0.389377 0.913303 -38.684536 0.000000 0.000000 0.000000 1.000000
0.990581 0.004187 0.136867 -15.881601 -0.060763 0.909172 0.411965 63.355949 -0.122711 -0.416401 0.900862 -40.357468 0.000000 0.000000 0.000000 1.000000
0.990055 0.000177 0.140684 -16.025848 -0.062921 0.894967 0.441673 61.394924 -0.125829 -0.446133 0.886077 -42.103188 0.000000 0.000000 0.000000 1.000000
0.989013 -0.004762 0.147754 -16.149277 -0.067716 0.873864 0.481432 58.937366 -0.131409 -0.486148 0.863940 -44.187576 0.000000 0.000000 0.000000 1.000000
0.987850 -0.010569 0.155052 -16.269175 -0.072723 0.850279 0.521284 56.422306 -0.137347 -0.526226 0.839179 -46.311478 0.000000 0.000000 0.000000 1.000000
0.986569 -0.016951 0.162462 -16.389482 -0.078254 0.823983 0.561185 53.846409 -0.143379 -0.566361 0.811590 -48.476093 0.000000 0.000000 0.000000 1.000000
0.985173 -0.023619 0.169929 -16.514147 -0.084619 0.794725 0.601042 51.206310 -0.149243 -0.606510 0.780943 -50.682629 0.000000 0.000000 0.000000 1.000000
0.983203 -0.028344 0.180301 -16.666626 -0.097437 0.753800 0.649839 48.028389 -0.154330 -0.656492 0.738377 -53.242653 0.000000 0.000000 0.000000 1.000000
0.981014 -0.039966 0.189775 -16.838200 -0.106524 0.706666 0.699482 44.605034 -0.162063 -0.706417 0.688992 -56.043926 0.000000 0.000000 0.000000 1.000000
0.978644 -0.047419 0.200020 -16.984722 -0.121459 0.651632 0.748748 40.887566 -0.165844 -0.757052 0.631956 -59.257778 0.000000 0.000000 0.000000 1.000000
0.976970 -0.052966 0.206699 -17.141840 -0.135718 0.593253 0.793493 36.858883 -0.164653 -0.803272 0.572402 -62.773952 0.000000 0.000000 0.000000 1.000000
0.977175 -0.053530 0.205579 -17.338409 -0.145575 0.536048 0.831541 32.287014 -0.154713 -0.842489 0.516020 -66.811501 0.000000 0.000000 0.000000 1.000000
0.978924 -0.048150 0.198467 -17.556574 -0.152369 0.474879 0.866760 27.222641 -0.135983 -0.878733 0.457534 -71.170883 0.000000 0.000000 0.000000 1.000000
0.982389 -0.032446 0.184008 -17.790363 -0.154761 0.410506 0.898629 21.370785 -0.104694 -0.911280 0.398256 -75.850525 0.000000 0.000000 0.000000 1.000000
0.985311 -0.013296 0.170253 -18.032961 -0.156612 0.327117 0.931916 15.536445 -0.068083 -0.944890 0.320229 -80.475632 0.000000 0.000000 0.000000 1.000000
0.985693 -0.005271 0.168468 -18.277758 -0.165473 0.159876 0.973169 11.335897 -0.032064 -0.987123 0.156716 -84.120026 0.000000 0.000000 0.000000 1.000000
0.987920 0.006575 0.154826 -18.205584 -0.154775 -0.007745 0.987919 10.114821 0.007695 -0.999948 -0.006634 -86.115257 0.000000 0.000000 0.000000 1.000000
0.987725 0.013143 0.155648 -17.979239 -0.154439 -0.067116 0.985720 11.140196 0.023402 -0.997659 -0.064262 -87.888771 0.000000 0.000000 0.000000 1.000000
0.986342 -0.005954 0.164603 -18.157183 -0.163813 -0.139676 0.976553 12.183718 0.017176 -0.990179 -0.138743 -90.113419 0.000000 0.000000 0.000000 1.000000
0.985599 -0.021758 0.167694 -18.406408 -0.167771 -0.249895 0.953628 12.957201 0.021157 -0.968028 -0.249947 -92.745903 0.000000 0.000000 0.000000 1.000000
0.985041 -0.036093 0.168498 -18.654930 -0.170482 -0.346562 0.922405 13.701406 0.025102 -0.937332 -0.347531 -95.381302 0.000000 0.000000 0.000000 1.000000
0.984851 -0.044089 0.167703 -18.828674 -0.172394 -0.353092 0.919568 14.569253 0.018672 -0.934549 -0.355344 -97.623505 0.000000 0.000000 0.000000 1.000000
0.984313 -0.042755 0.171175 -19.014275 -0.175456 -0.339198 0.924208 14.976217 0.018548 -0.939743 -0.341378 -99.220612 0.000000 0.000000 0.000000 1.000000
0.982617 -0.038936 0.181517 -19.185175 -0.184232 -0.324942 0.927616 14.897949 0.022864 -0.944932 -0.326467 -100.090324 0.000000 0.000000 0.000000 1.000000
0.981062 -0.037227 0.190080 -19.289824 -0.192309 -0.304241 0.932982 14.513605 0.023098 -0.951867 -0.305639 -100.580841 0.000000 0.000000 0.000000 1.000000
0.979871 -0.034714 0.196590 -19.253729 -0.198348 -0.280765 0.939057 13.939474 0.022597 -0.959148 -0.281999 -100.627220 0.000000 0.000000 0.000000 1.000000
0.979878 -0.032771 0.196888 -19.252108 -0.198750 -0.250979 0.947369 13.402725 0.018368 -0.967438 -0.252442 -100.511093 0.000000 0.000000 0.000000 1.000000
0.980025 -0.031833 0.196308 -19.298326 -0.198460 -0.220097 0.955076 12.896732 0.012804 -0.974958 -0.222018 -100.291656 0.000000 0.000000 0.000000 1.000000
0.981479 -0.030674 0.189098 -19.213436 -0.191554 -0.169548 0.966727 12.367287 0.002408 -0.985044 -0.172283 -99.860519 0.000000 0.000000 0.000000 1.000000
0.983268 -0.029404 0.179775 -19.128838 -0.181990 -0.115432 0.976502 11.877495 -0.007961 -0.992880 -0.118852 -99.316086 0.000000 0.000000 0.000000 1.000000
0.986057 -0.024465 0.164601 -19.176828 -0.165872 -0.065046 0.984000 11.609424 -0.013366 -0.997582 -0.068197 -98.416885 0.000000 0.000000 0.000000 1.000000
0.989050 -0.018630 0.146401 -19.334404 -0.146895 -0.028642 0.988737 11.533034 -0.014227 -0.999416 -0.031065 -97.420586 0.000000 0.000000 0.000000 1.000000
0.991605 -0.011625 0.128778 -19.464565 -0.128905 -0.010973 0.991596 11.515161 -0.010114 -0.999872 -0.012380 -96.576118 0.000000 0.000000 0.000000 1.000000
0.993112 -0.013740 0.116359 -19.643559 -0.116480 -0.008400 0.993158 11.653115 -0.012668 -0.999870 -0.009942 -95.722847 0.000000 0.000000 0.000000 1.000000
0.994084 -0.019284 0.106888 -19.907492 -0.107032 -0.006608 0.994234 11.861004 -0.018466 -0.999792 -0.008633 -95.033485 0.000000 0.000000 0.000000 1.000000
0.994946 -0.022196 0.097924 -20.149252 -0.097905 0.001954 0.995194 12.016903 -0.022281 -0.999752 -0.000229 -94.539879 0.000000 0.000000 0.000000 1.000000
0.995576 -0.023856 0.090885 -20.297190 -0.090590 0.013178 0.995801 12.034613 -0.024954 -0.999629 0.010958 -94.287880 0.000000 0.000000 0.000000 1.000000
0.996074 -0.023594 0.085325 -20.373247 -0.084834 0.021070 0.996172 11.965450 -0.025301 -0.999500 0.018985 -94.262955 0.000000 0.000000 0.000000 1.000000
0.996355 -0.022636 0.082246 -20.412592 -0.081678 0.024991 0.996345 11.888127 -0.024609 -0.999431 0.023051 -94.411659 0.000000 0.000000 0.000000 1.000000
0.996456 -0.021230 0.081397 -20.425262 -0.080881 0.024159 0.996431 11.814744 -0.023120 -0.999483 0.022356 -94.611458 0.000000 0.000000 0.000000 1.000000
0.996372 -0.020268 0.082652 -20.412537 -0.082260 0.019486 0.996420 11.766638 -0.021806 -0.999605 0.017748 -94.806770 0.000000 0.000000 0.000000 1.000000
0.996172 -0.020506 0.084978 -20.380987 -0.084716 0.013315 0.996316 11.747602 -0.021561 -0.999701 0.011527 -95.000320 0.000000 0.000000 0.000000 1.000000
0.995847 -0.020710 0.088652 -20.338890 -0.088486 0.008805 0.996039 11.721846 -0.021408 -0.999747 0.006936 -95.159439 0.000000 0.000000 0.000000 1.000000
0.995402 -0.020437 0.093575 -20.298529 -0.093450 0.007000 0.995599 11.686996 -0.021002 -0.999767 0.005058 -95.328918 0.000000 0.000000 0.000000 1.000000
0.995014 -0.020056 0.097700 -20.235693 -0.097554 0.008140 0.995197 11.658940 -0.020755 -0.999766 0.006143 -95.505531 0.000000 0.000000 0.000000 1.000000
0.994668 -0.020302 0.101113 -20.174646 -0.100926 0.010024 0.994843 11.645006 -0.021211 -0.999744 0.007921 -95.605164 0.000000 0.000000 0.000000 1.000000
0.994378 -0.020019 0.103981 -20.120323 -0.103751 0.012218 0.994528 11.658520 -0.021180 -0.999725 0.010072 -95.640747 0.000000 0.000000 0.000000 1.000000
0.994296 -0.020150 0.104739 -20.077333 -0.104483 0.013371 0.994437 11.681743 -0.021439 -0.999708 0.011190 -95.609337 0.000000 0.000000 0.000000 1.000000
0.994238 -0.020249 0.105268 -20.061480 -0.104987 0.014482 0.994368 11.703526 -0.021659 -0.999690 0.012273 -95.558174 0.000000 0.000000 0.000000 1.000000
0.994232 -0.020249 0.105326 -20.065319 -0.105018 0.015735 0.994346 11.716043 -0.021792 -0.999671 0.013518 -95.523903 0.000000 0.000000 0.000000 1.000000
0.994256 -0.020263 0.105096 -20.085684 -0.104759 0.017014 0.994352 11.720769 -0.021937 -0.999650 0.014793 -95.506317 0.000000 0.000000 0.000000 1.000000
0.994309 -0.020259 0.104592 -20.117228 -0.104241 0.017665 0.994395 11.719766 -0.021993 -0.999639 0.015452 -95.505600 0.000000 0.000000 0.000000 1.000000
0.994391 -0.020045 0.103851 -20.149767 -0.103506 0.017529 0.994474 11.712350 -0.021755 -0.999645 0.015356 -95.524452 0.000000 0.000000 0.000000 1.000000
0.994453 -0.019596 0.103338 -20.180984 -0.103011 0.016994 0.994535 11.704285 -0.021245 -0.999664 0.014881 -95.551613 0.000000 0.000000 0.000000 1.000000
0.994513 -0.019149 0.102845 -20.202982 -0.102536 0.016487 0.994593 11.703450 -0.020741 -0.999681 0.014433 -95.564339 0.000000 0.000000 0.000000 1.000000
0.994572 -0.018701 0.102356 -20.223303 -0.102064 0.015985 0.994649 11.703932 -0.020238 -0.999697 0.013989 -95.574432 0.000000 0.000000 0.000000 1.000000</float_array><technique_common><accessor source="#mixamorig_Hips-Matrix-animation-output-transform-array" count="105" stride="16"><param type="float4x4"/></accessor></technique_common></source><source id="mixamorig_Hips-Interpolations"><Name_array id="mixamorig_Hips-Interpolations-array" count="105">
 LINEAR LINEAR LINEAR LINEAR LINEAR LINEAR LINEAR LINEAR LINEAR LINEAR LINEAR
LINEAR LINEAR LINEAR LINEAR LINEAR LINEAR LINEAR LINEAR LINEAR LINEAR LINEAR LINEAR
LINEAR LINEAR LINEAR LINEAR LINEAR LINEAR LINEAR LINEAR LINEAR LINEAR LINEAR LINEAR
LINEAR LINEAR LINEAR LINEAR LINEAR LINEAR LINEAR LINEAR LINEAR LINEAR LINEAR LINEAR
LINEAR LINEAR LINEAR LINEAR LINEAR LINEAR LINEAR LINEAR LINEAR LINEAR LINEAR LINEAR
LINEAR LINEAR LINEAR LINEAR LINEAR LINEAR LINEAR LINEAR LINEAR LINEAR LINEAR LINEAR
LINEAR LINEAR LINEAR LINEAR LINEAR LINEAR LINEAR LINEAR LINEAR LINEAR LINEAR LINEAR
LINEAR LINEAR LINEAR LINEAR LINEAR LINEAR LINEAR LINEAR LINEAR LINEAR LINEAR LINEAR
LINEAR LINEAR LINEAR LINEAR LINEAR LINEAR LINEAR LINEAR LINEAR LINEAR</Name_array><technique_common><accessor source="#mixamorig_Hips-Interpolations-array" count="105"><param type="name"/></accessor></technique_common></source><sampler id="mixamorig_Hips-Matrix-animation-transform"><input semantic="INPUT" source="#mixamorig_Hips-Matrix-animation-input"/><input semantic="OUTPUT" source="#mixamorig_Hips-Matrix-animation-output-transform"/><input semantic="INTERPOLATION" source="#mixamorig_Hips-Interpolations"/></sampler><channel source="#mixamorig_Hips-Matrix-animation-transform" target="mixamorig_Hips/matrix"/><source id="mixamorig_Spine-Matrix-animation-input"><float_array id="mixamorig_Spine-Matrix-animation-input-array" count="105">

0.000000 0.033333 0.066667 0.100000 0.133333 0.166667 0.200000 0.233333 0.266667 0.300000 0.333333 0.366667 0.400000 0.433333 0.466667 0.500000
0.533333 0.566667 0.600000 0.633333 0.666667 0.700000 0.733333 0.766667 0.800000 0.833333 0.866667 0.900000 0.933333 0.966667 1.000000 1.033333
1.066667 1.100000 1.133333 1.166667 1.200000 1.233333 1.266667 1.300000 1.333333 1.366667 1.400000 1.433333 1.466667 1.500000 1.533333 1.566667
1.600000 1.633333 1.666667 1.700000 1.733333 1.766667 1.800000 1.833333 1.866667 1.900000 1.933333 1.966667 2.000000 2.033333 2.066667 2.100000
2.133333 2.166667 2.200000 2.233333 2.266667 2.300000 2.333333 2.366667 2.400000 2.433333 2.466667 2.500000 2.533333 2.566667 2.600000 2.633333
2.666667 2.700000 2.733333 2.766667 2.800000 2.833333 2.866667 2.900000 2.933333 2.966667 3.000000 3.033333 3.066667 3.100000 3.133333 3.166667
3.200000 3.233333 3.266667 3.300000 3.333333 3.366667 3.400000 3.433333 3.466667</float_array><technique_common><accessor source="#mixamorig_Spine-Matrix-animation-input-array" count="105"><param name="TIME" type="float"/></accessor></technique_common></source><source id="mixamorig_Spine-Matrix-animation-output-transform"><float_array id="mixamorig_Spine-Matrix-animation-output-transform-array" count="1680">

0.999927 -0.010103 -0.006611 -0.000100 0.010888 0.991180 0.132077 10.113200 0.005218 -0.132139 0.991217 0.131100 0.000000 0.000000 0.000000 1.000000
0.999925 -0.010209 -0.006816 -0.000100 0.011020 0.991173 0.132114 10.113200 0.005407 -0.132179 0.991211 0.131100 0.000000 0.000000 0.000000 1.000000
0.999922 -0.010315 -0.007026 -0.000100 0.011154 0.991166 0.132158 10.113200 0.005601 -0.132226 0.991204 0.131100 0.000000 0.000000 0.000000 1.000000
0.999920 -0.010422 -0.007236 -0.000100 0.011287 0.991159 0.132201 10.113200 0.005795 -0.132272 0.991196 0.131100 0.000000 0.000000 0.000000 1.000000
0.999917 -0.010527 -0.007442 -0.000100 0.011419 0.991152 0.132238 10.113200 0.005984 -0.132312 0.991190 0.131100 0.000000 0.000000 0.000000 1.000000
0.999914 -0.010632 -0.007637 -0.000100 0.011549 0.991147 0.132263 10.113200 0.006164 -0.132340 0.991185 0.131100 0.000000 0.000000 0.000000 1.000000
0.999912 -0.010735 -0.007818 -0.000100 0.011675 0.991145 0.132270 10.113200 0.006329 -0.132350 0.991183 0.131100 0.000000 0.000000 0.000000 1.000000
0.999911 -0.010814 -0.007816 -0.000100 0.011752 0.991174 0.132045 10.113200 0.006319 -0.132125 0.991213 0.131100 0.000000 0.000000 0.000000 1.000000
0.999911 -0.010893 -0.007673 -0.000100 0.011809 0.991208 0.131782 10.113200 0.006170 -0.131861 0.991249 0.131100 0.000000 0.000000 0.000000 1.000000
0.999913 -0.010975 -0.007368 -0.000100 0.011849 0.991244 0.131510 10.113200 0.005860 -0.131586 0.991287 0.131100 0.000000 0.000000 0.000000 1.000000
0.999914 -0.011088 -0.006992 -0.000100 0.011910 0.991286 0.131190 10.113200 0.005476 -0.131262 0.991333 0.131100 0.000000 0.000000 0.000000 1.000000
0.999914 -0.011331 -0.006570 -0.000100 0.012091 0.991371 0.130527 10.113200 0.005034 -0.130595 0.991423 0.131100 0.000000 0.000000 0.000000 1.000000
0.999914 -0.011601 -0.006146 -0.000100 0.012301 0.991465 0.129793 10.113200 0.004588 -0.129857 0.991522 0.131100 0.000000 0.000000 0.000000 1.000000
0.999912 -0.011937 -0.005843 -0.000100 0.012591 0.991570 0.128957 10.113200 0.004254 -0.129019 0.991633 0.131100 0.000000 0.000000 0.000000 1.000000
0.999901 -0.012623 -0.006180 -0.000100 0.013308 0.991737 0.127599 10.113200 0.004518 -0.127669 0.991807 0.131100 0.000000 0.000000 0.000000 1.000000
0.999886 -0.013473 -0.006841 -0.000100 0.014217 0.992205 0.123801 10.113200 0.005120 -0.123885 0.992283 0.131100 0.000000 0.000000 0.000000 1.000000
0.999868 -0.014364 -0.007548 -0.000100 0.015163 0.992726 0.119434 10.113200 0.005778 -0.119533 0.992813 0.131100 0.000000 0.000000 0.000000 1.000000
0.999850 -0.015324 -0.008109 -0.000100 0.016145 0.993427 0.113319 10.113200 0.006319 -0.113433 0.993526 0.131100 0.000000 0.000000 0.000000 1.000000
0.999831 -0.016611 -0.007886 -0.000100 0.017305 0.995029 0.098075 10.113200 0.006217 -0.098195 0.995148 0.131100 0.000000 0.000000 0.000000 1.000000
0.999815 -0.018315 -0.005828 -0.000100 0.018665 0.997564 0.067213 10.113200 0.004583 -0.067309 0.997722 0.131100 0.000000 0.000000 0.000000 1.000000
0.999777 -0.020771 -0.003701 -0.000100 0.020887 0.999187 0.034486 10.113200 0.002982 -0.034556 0.999398 0.131100 0.000000 0.000000 0.000000 1.000000
0.999691 -0.024735 -0.002449 -0.000100 0.024746 0.999682 0.004794 10.113200 0.002330 -0.004853 0.999986 0.131100 0.000000 0.000000 0.000000 1.000000
0.999569 -0.029315 -0.001228 -0.000100 0.029277 0.999282 -0.024051 10.113200 0.001932 0.024005 0.999710 0.131100 0.000000 0.000000 0.000000 1.000000
0.999427 -0.033828 0.000748 -0.000100 0.033822 0.998098 -0.051533 10.113200 0.000996 0.051529 0.998671 0.131100 0.000000 0.000000 0.000000 1.000000
0.999265 -0.037904 0.005649 -0.000100 0.038213 0.996663 -0.072132 10.113200 -0.002896 0.072295 0.997379 0.131100 0.000000 0.000000 0.000000 1.000000
0.998999 -0.042515 0.013944 -0.000100 0.043541 0.995500 -0.084163 10.113200 -0.010303 0.084685 0.996354 0.131100 0.000000 0.000000 0.000000 1.000000
0.998707 -0.046283 0.021052 -0.000100 0.048052 0.994485 -0.093219 10.113200 -0.016622 0.094110 0.995423 0.131100 0.000000 0.000000 0.000000 1.000000
0.998595 -0.047758 0.022981 -0.000100 0.049818 0.993789 -0.099510 10.113200 -0.018086 0.100515 0.994771 0.131100 0.000000 0.000000 0.000000 1.000000
0.998558 -0.048543 0.022910 -0.000100 0.050680 0.993244 -0.104397 10.113200 -0.017687 0.105407 0.994272 0.131100 0.000000 0.000000 0.000000 1.000000
0.998512 -0.049849 0.022122 -0.000100 0.051970 0.992698 -0.108858 10.113200 -0.016534 0.109845 0.993811 0.131100 0.000000 0.000000 0.000000 1.000000
0.998439 -0.051127 0.022492 -0.000100 0.053334 0.992276 -0.111996 10.113200 -0.016592 0.113021 0.993454 0.131100 0.000000 0.000000 0.000000 1.000000
0.998349 -0.052284 0.023780 -0.000100 0.054656 0.992039 -0.113453 10.113200 -0.017658 0.114566 0.993259 0.131100 0.000000 0.000000 0.000000 1.000000
0.998342 -0.051879 0.024918 -0.000100 0.054380 0.992079 -0.113236 10.113200 -0.018846 0.114404 0.993256 0.131100 0.000000 0.000000 0.000000 1.000000
0.998406 -0.050417 0.025358 -0.000100 0.052973 0.992177 -0.113040 10.113200 -0.019460 0.114203 0.993267 0.131100 0.000000 0.000000 0.000000 1.000000
0.998422 -0.049903 0.025737 -0.000100 0.052521 0.992113 -0.113811 10.113200 -0.019854 0.114983 0.993169 0.131100 0.000000 0.000000 0.000000 1.000000
0.998371 -0.050692 0.026178 -0.000100 0.053402 0.991803 -0.116084 10.113200 -0.020079 0.117293 0.992894 0.131100 0.000000 0.000000 0.000000 1.000000
0.998296 -0.051870 0.026748 -0.000100 0.054706 0.991352 -0.119281 10.113200 -0.020329 0.120541 0.992500 0.131100 0.000000 0.000000 0.000000 1.000000
0.998250 -0.052442 0.027315 -0.000100 0.055379 0.991101 -0.121047 10.113200 -0.020724 0.122348 0.992271 0.131100 0.000000 0.000000 0.000000 1.000000
0.998263 -0.052423 0.026890 -0.000100 0.055353 0.990827 -0.123279 10.113200 -0.020181 0.124554 0.992008 0.131100 0.000000 0.000000 0.000000 1.000000
0.998329 -0.051359 0.026490 -0.000100 0.054284 0.990656 -0.125113 10.113200 -0.019817 0.126342 0.991789 0.131100 0.000000 0.000000 0.000000 1.000000
0.998425 -0.049480 0.026445 -0.000100 0.052402 0.990832 -0.124520 10.113200 -0.020042 0.125710 0.991865 0.131100 0.000000 0.000000 0.000000 1.000000
0.998475 -0.048322 0.026688 -0.000100 0.051268 0.990981 -0.123805 10.113200 -0.020465 0.124984 0.991948 0.131100 0.000000 0.000000 0.000000 1.000000
0.998502 -0.047172 0.027716 -0.000100 0.050247 0.991082 -0.123413 10.113200 -0.021647 0.124621 0.991968 0.131100 0.000000 0.000000 0.000000 1.000000
0.998407 -0.048499 0.028828 -0.000100 0.051733 0.990838 -0.124752 10.113200 -0.022513 0.126044 0.991769 0.131100 0.000000 0.000000 0.000000 1.000000
0.998290 -0.050095 0.030129 -0.000100 0.053536 0.990450 -0.127053 10.113200 -0.023477 0.128449 0.991438 0.131100 0.000000 0.000000 0.000000 1.000000
0.998281 -0.050079 0.030464 -0.000100 0.053576 0.990379 -0.127588 10.113200 -0.023782 0.129001 0.991359 0.131100 0.000000 0.000000 0.000000 1.000000
0.998297 -0.049723 0.030520 -0.000100 0.053216 0.990476 -0.126986 10.113200 -0.023915 0.128394 0.991435 0.131100 0.000000 0.000000 0.000000 1.000000
0.998280 -0.050163 0.030351 -0.000100 0.053636 0.990422 -0.127231 10.113200 -0.023678 0.128640 0.991409 0.131100 0.000000 0.000000 0.000000 1.000000
0.998282 -0.050590 0.029562 -0.000100 0.053910 0.990676 -0.125116 10.113200 -0.022957 0.126495 0.991702 0.131100 0.000000 0.000000 0.000000 1.000000
0.998294 -0.050437 0.029412 -0.000100 0.053706 0.990865 -0.123701 10.113200 -0.022905 0.125069 0.991884 0.131100 0.000000 0.000000 0.000000 1.000000
0.998276 -0.049468 0.031603 -0.000100 0.053021 0.990894 -0.123763 10.113200 -0.025193 0.125226 0.991808 0.131100 0.000000 0.000000 0.000000 1.000000
0.998273 -0.047636 0.034380 -0.000100 0.051541 0.991010 -0.123465 10.113200 -0.028190 0.125024 0.991753 0.131100 0.000000 0.000000 0.000000 1.000000
0.998222 -0.047849 0.035550 -0.000100 0.051871 0.991111 -0.122505 10.113200 -0.029372 0.124131 0.991831 0.131100 0.000000 0.000000 0.000000 1.000000
0.998163 -0.048338 0.036537 -0.000100 0.052447 0.991211 -0.121452 10.113200 -0.030345 0.123145 0.991925 0.131100 0.000000 0.000000 0.000000 1.000000
0.998102 -0.048983 0.037311 -0.000100 0.053148 0.991307 -0.120356 10.113200 -0.031092 0.122111 0.992029 0.131100 0.000000 0.000000 0.000000 1.000000
0.998049 -0.049664 0.037840 -0.000100 0.053855 0.991400 -0.119269 10.113200 -0.031592 0.121074 0.992141 0.131100 0.000000 0.000000 0.000000 1.000000
0.998040 -0.050920 0.036369 -0.000100 0.054891 0.991478 -0.118142 10.113200 -0.030043 0.119907 0.992330 0.131100 0.000000 0.000000 0.000000 1.000000
0.998016 -0.052309 0.035041 -0.000100 0.056037 0.991718 -0.115564 10.113200 -0.028706 0.117299 0.992682 0.131100 0.000000 0.000000 0.000000 1.000000
0.998019 -0.054492 0.031457 -0.000100 0.057673 0.992132 -0.111120 10.113200 -0.025154 0.112714 0.993309 0.131100 0.000000 0.000000 0.000000 1.000000
0.997990 -0.056778 0.028161 -0.000100 0.059460 0.992594 -0.105929 10.113200 -0.021938 0.107391 0.993975 0.131100 0.000000 0.000000 0.000000 1.000000
0.997917 -0.058417 0.027377 -0.000100 0.060876 0.993140 -0.099832 10.113200 -0.021357 0.101290 0.994628 0.131100 0.000000 0.000000 0.000000 1.000000
0.997780 -0.061117 0.026456 -0.000100 0.063335 0.993625 -0.093263 10.113200 -0.020587 0.094731 0.995290 0.131100 0.000000 0.000000 0.000000 1.000000
0.997497 -0.066808 0.023156 -0.000100 0.068562 0.993955 -0.085754 10.113200 -0.017287 0.087127 0.996047 0.131100 0.000000 0.000000 0.000000 1.000000
0.997100 -0.073858 0.018324 -0.000100 0.075095 0.993962 -0.079999 10.113200 -0.012305 0.081143 0.996627 0.131100 0.000000 0.000000 0.000000 1.000000
0.996552 -0.082335 0.010277 -0.000100 0.082910 0.992992 -0.084221 10.113200 -0.003271 0.084783 0.996394 0.131100 0.000000 0.000000 0.000000 1.000000
0.996723 -0.080888 -0.000795 -0.000100 0.080666 0.994623 -0.064944 10.113200 0.006043 0.064667 0.997889 0.131100 0.000000 0.000000 0.000000 1.000000
0.997505 -0.068708 -0.016219 -0.000100 0.068512 0.997574 -0.012339 10.113200 0.017027 0.011197 0.999792 0.131100 0.000000 0.000000 0.000000 1.000000
0.998401 -0.052982 -0.019732 -0.000100 0.053274 0.998473 0.014589 10.113200 0.018929 -0.015617 0.999699 0.131100 0.000000 0.000000 0.000000 1.000000
0.998853 -0.044726 -0.017083 -0.000100 0.044637 0.998988 -0.005543 10.113200 0.017313 0.004774 0.999839 0.131100 0.000000 0.000000 0.000000 1.000000
0.999165 -0.038193 -0.014483 -0.000100 0.037752 0.998849 -0.029596 10.113200 0.015597 0.029024 0.999457 0.131100 0.000000 0.000000 0.000000 1.000000
0.999312 -0.033449 -0.016039 -0.000100 0.033026 0.999118 -0.025921 10.113200 0.016892 0.025373 0.999535 0.131100 0.000000 0.000000 0.000000 1.000000
0.999384 -0.030752 -0.016903 -0.000100 0.030494 0.999418 -0.015312 10.113200 0.017364 0.014787 0.999740 0.131100 0.000000 0.000000 0.000000 1.000000
0.999343 -0.031604 -0.017738 -0.000100 0.031446 0.999464 -0.009081 10.113200 0.018016 0.008517 0.999801 0.131100 0.000000 0.000000 0.000000 1.000000
0.999280 -0.033633 -0.017571 -0.000100 0.033582 0.999431 -0.003196 10.113200 0.017669 0.002603 0.999841 0.131100 0.000000 0.000000 0.000000 1.000000
0.999198 -0.036842 -0.015659 -0.000100 0.036907 0.999311 0.003911 10.113200 0.015504 -0.004486 0.999870 0.131100 0.000000 0.000000 0.000000 1.000000
0.999171 -0.038233 -0.013961 -0.000100 0.038392 0.999199 0.011272 10.113200 0.013519 -0.011799 0.999839 0.131100 0.000000 0.000000 0.000000 1.000000
0.999220 -0.036643 -0.014689 -0.000100 0.036936 0.999113 0.020199 10.113200 0.013935 -0.020726 0.999688 0.131100 0.000000 0.000000 0.000000 1.000000
0.999322 -0.033017 -0.016292 -0.000100 0.033570 0.998825 0.034952 10.113200 0.015119 -0.035475 0.999256 0.131100 0.000000 0.000000 0.000000 1.000000
0.999415 -0.029367 -0.017538 -0.000100 0.030225 0.998250 0.050828 10.113200 0.016015 -0.051329 0.998553 0.131100 0.000000 0.000000 0.000000 1.000000
0.999474 -0.027851 -0.016600 -0.000100 0.028897 0.997370 0.066474 10.113200 0.014705 -0.066919 0.997650 0.131100 0.000000 0.000000 0.000000 1.000000
0.999534 -0.027556 -0.013156 -0.000100 0.028487 0.996641 0.076786 10.113200 0.010996 -0.077125 0.996961 0.131100 0.000000 0.000000 0.000000 1.000000
0.999591 -0.026853 -0.009821 -0.000100 0.027569 0.996247 0.082051 10.113200 0.007581 -0.082288 0.996580 0.131100 0.000000 0.000000 0.000000 1.000000
0.999685 -0.023955 -0.007468 -0.000100 0.024495 0.996211 0.083445 10.113200 0.005441 -0.083602 0.996484 0.131100 0.000000 0.000000 0.000000 1.000000
0.999792 -0.019472 -0.006112 -0.000100 0.019917 0.996263 0.084047 10.113200 0.004452 -0.084151 0.996443 0.131100 0.000000 0.000000 0.000000 1.000000
0.999862 -0.015852 -0.005002 -0.000100 0.016223 0.996168 0.085944 10.113200 0.003620 -0.086014 0.996287 0.131100 0.000000 0.000000 0.000000 1.000000
0.999899 -0.013718 -0.003582 -0.000100 0.013983 0.995898 0.089391 10.113200 0.002341 -0.089432 0.995990 0.131100 0.000000 0.000000 0.000000 1.000000
0.999907 -0.013407 -0.002340 -0.000100 0.013565 0.995691 0.091734 10.113200 0.001100 -0.091757 0.995781 0.131100 0.000000 0.000000 0.000000 1.000000
0.999897 -0.014241 -0.001641 -0.000100 0.014332 0.995635 0.092231 10.113200 0.000321 -0.092245 0.995736 0.131100 0.000000 0.000000 0.000000 1.000000
0.999879 -0.015507 -0.001517 -0.000100 0.015581 0.995698 0.091337 10.113200 0.000094 -0.091349 0.995819 0.131100 0.000000 0.000000 0.000000 1.000000
0.999862 -0.016471 -0.001940 -0.000100 0.016579 0.995815 0.089874 10.113200 0.000452 -0.089894 0.995951 0.131100 0.000000 0.000000 0.000000 1.000000
0.999851 -0.017008 -0.002889 -0.000100 0.017197 0.995937 0.088391 10.113200 0.001374 -0.088427 0.996082 0.131100 0.000000 0.000000 0.000000 1.000000
0.999843 -0.017247 -0.004037 -0.000100 0.017533 0.996036 0.087207 10.113200 0.002517 -0.087264 0.996182 0.131100 0.000000 0.000000 0.000000 1.000000
0.999832 -0.017648 -0.005006 -0.000100 0.018016 0.996079 0.086611 10.113200 0.003458 -0.086687 0.996230 0.131100 0.000000 0.000000 0.000000 1.000000
0.999815 -0.018372 -0.005693 -0.000100 0.018796 0.996054 0.086736 10.113200 0.004077 -0.086826 0.996215 0.131100 0.000000 0.000000 0.000000 1.000000
0.999803 -0.018859 -0.006112 -0.000100 0.019321 0.995990 0.087353 10.113200 0.004440 -0.087454 0.996159 0.131100 0.000000 0.000000 0.000000 1.000000
0.999793 -0.019386 -0.006151 -0.000100 0.019853 0.995920 0.088031 10.113200 0.004419 -0.088135 0.996099 0.131100 0.000000 0.000000 0.000000 1.000000
0.999790 -0.019515 -0.006259 -0.000100 0.019994 0.995852 0.088766 10.113200 0.004501 -0.088873 0.996033 0.131100 0.000000 0.000000 0.000000 1.000000
0.999791 -0.019400 -0.006394 -0.000100 0.019894 0.995809 0.089265 10.113200 0.004635 -0.089373 0.995987 0.131100 0.000000 0.000000 0.000000 1.000000
0.999795 -0.019201 -0.006462 -0.000100 0.019704 0.995773 0.089710 10.113200 0.004712 -0.089819 0.995947 0.131100 0.000000 0.000000 0.000000 1.000000
0.999799 -0.019006 -0.006368 -0.000100 0.019502 0.995740 0.090117 10.113200 0.004629 -0.090223 0.995911 0.131100 0.000000 0.000000 0.000000 1.000000
0.999803 -0.018856 -0.006214 -0.000100 0.019341 0.995726 0.090312 10.113200 0.004484 -0.090415 0.995894 0.131100 0.000000 0.000000 0.000000 1.000000
0.999804 -0.018857 -0.006092 -0.000100 0.019330 0.995734 0.090221 10.113200 0.004364 -0.090322 0.995903 0.131100 0.000000 0.000000 0.000000 1.000000
0.999802 -0.018999 -0.005987 -0.000100 0.019461 0.995753 0.089982 10.113200 0.004252 -0.090081 0.995925 0.131100 0.000000 0.000000 0.000000 1.000000
0.999799 -0.019148 -0.005931 -0.000100 0.019604 0.995765 0.089818 10.113200 0.004186 -0.089916 0.995941 0.131100 0.000000 0.000000 0.000000 1.000000
0.999796 -0.019299 -0.005883 -0.000100 0.019749 0.995776 0.089667 10.113200 0.004128 -0.089765 0.995954 0.131100 0.000000 0.000000 0.000000 1.000000</float_array><technique_common><accessor source="#mixamorig_Spine-Matrix-animation-output-transform-array" count="105" stride="16"><param type="float4x4"/></accessor></technique_common></source><source id="mixamorig_Spine-Interpolations"><Name_array id="mixamorig_Spine-Interpolations-array" count="105">
 LINEAR LINEAR LINEAR LINEAR LINEAR LINEAR LINEAR LINEAR LINEAR LINEAR LINEAR
LINEAR LINEAR LINEAR LINEAR LINEAR LINEAR LINEAR LINEAR LINEAR LINEAR LINEAR LINEAR
LINEAR LINEAR LINEAR LINEAR LINEAR LINEAR LINEAR LINEAR LINEAR LINEAR LINEAR LINEAR
LINEAR LINEAR LINEAR LINEAR LINEAR LINEAR LINEAR LINEAR LINEAR LINEAR LINEAR LINEAR
LINEAR LINEAR LINEAR LINEAR LINEAR LINEAR LINEAR LINEAR LINEAR LINEAR LINEAR LINEAR
LINEAR LINEAR LINEAR LINEAR LINEAR LINEAR LINEAR LINEAR LINEAR LINEAR LINEAR LINEAR
LINEAR LINEAR LINEAR LINEAR LINEAR LINEAR LINEAR LINEAR LINEAR LINEAR LINEAR LINEAR
LINEAR LINEAR LINEAR LINEAR LINEAR LINEAR LINEAR LINEAR LINEAR LINEAR LINEAR LINEAR
LINEAR LINEAR LINEAR LINEAR LINEAR LINEAR LINEAR LINEAR LINEAR LINEAR</Name_array><technique_common><accessor source="#mixamorig_Spine-Interpolations-array" count="105"><param type="name"/></accessor></technique_common></source><sampler id="mixamorig_Spine-Matrix-animation-transform"><input semantic="INPUT" source="#mixamorig_Spine-Matrix-animation-input"/><input semantic="OUTPUT" source="#mixamorig_Spine-Matrix-animation-output-transform"/><input semantic="INTERPOLATION" source="#mixamorig_Spine-Interpolations"/></sampler><channel source="#mixamorig_Spine-Matrix-animation-transform" target="mixamorig_Spine/matrix"/><source id="mixamorig_Spine1-Matrix-animation-input"><float_array id="mixamorig_Spine1-Matrix-animation-input-array" count="105">

0.000000 0.033333 0.066667 0.100000 0.133333 0.166667 0.200000 0.233333 0.266667 0.300000 0.333333 0.366667 0.400000 0.433333 0.466667 0.500000
0.533333 0.566667 0.600000 0.633333 0.666667 0.700000 0.733333 0.766667 0.800000 0.833333 0.866667 0.900000 0.933333 0.966667 1.000000 1.033333
1.066667 1.100000 1.133333 1.166667 1.200000 1.233333 1.266667 1.300000 1.333333 1.366667 1.400000 1.433333 1.466667 1.500000 1.533333 1.566667
1.600000 1.633333 1.666667 1.700000 1.733333 1.766667 1.800000 1.833333 1.866667 1.900000 1.933333 1.966667 2.000000 2.033333 2.066667 2.100000
2.133333 2.166667 2.200000 2.233333 2.266667 2.300000 2.333333 2.366667 2.400000 2.433333 2.466667 2.500000 2.533333 2.566667 2.600000 2.633333
2.666667 2.700000 2.733333 2.766667 2.800000 2.833333 2.866667 2.900000 2.933333 2.966667 3.000000 3.033333 3.066667 3.100000 3.133333 3.166667
3.200000 3.233333 3.266667 3.300000 3.333333 3.366667 3.400000 3.433333 3.466667</float_array><technique_common><accessor source="#mixamorig_Spine1-Matrix-animation-input-array" count="105"><param name="TIME" type="float"/></accessor></technique_common></source><source id="mixamorig_Spine1-Matrix-animation-output-transform"><float_array id="mixamorig_Spine1-Matrix-animation-output-transform-array" count="1680">

0.999754 -0.017260 -0.013934 0.000000 0.018822 0.992453 0.121170 10.065200 0.011738 -0.121402 0.992534 -0.000000 0.000000 0.000000 0.000000 1.000000
0.999749 -0.017250 -0.014311 0.000000 0.018860 0.992436 0.121309 10.065200 0.012110 -0.121548 0.992512 0.000000 0.000000 0.000000 0.000000 1.000000
