<?xml version="1.0" encoding="utf-8"?>
<COLLADA xmlns="http://www.collada.org/2005/11/COLLADASchema" version="1.4.1">
  <asset><contributor><author>Mixamo</author><authoring_tool>COLLADA Mixamo exporter</authoring_tool><comments></comments></contributor><created>2018-01-13T15:07:53Z</created><modified>2018-01-13T15:07:53Z</modified><revision></revision><title></title><unit meter="0.010000"/><up_axis>Y_UP</up_axis></asset>
  <library_animations>
    <animation id="mixamorig_Hips-anim" name="mixamorig_Hips"><source id="mixamorig_Hips-Matrix-animation-input"><float_array id="mixamorig_Hips-Matrix-animation-input-array" count="28">

0.000000 0.033333 0.066667 0.100000 0.133333 0.166667 0.200000 0.233333 0.266667 0.300000 0.333333 0.366667 0.400000 0.433333 0.466667 0.500000
0.533333 0.566667 0.600000 0.633333 0.666667 0.700000 0.733333 0.766667 0.800000 0.833333 0.866667 0.900000</float_array><technique_common><accessor source="#mixamorig_Hips-Matrix-animation-input-array" count="28"><param name="TIME" type="float"/></accessor></technique_common></source><source id="mixamorig_Hips-Matrix-animation-output-transform"><float_array id="mixamorig_Hips-Matrix-animation-output-transform-array" count="448">

0.901597 0.071268 -0.426666 -0.931240 -0.092580 0.995271 -0.029387 90.054733 0.422554 0.065996 0.903932 -1.115948 0.000000 0.000000 0.000000 1.000000
0.905378 0.076896 -0.417585 -0.929863 -0.097020 0.994912 -0.027144 89.765503 0.413373 0.065090 0.908232 -1.073935 0.000000 0.000000 0.000000 1.000000
0.897868 0.077996 -0.433301 -0.724148 -0.102014 0.994255 -0.032418 89.140457 0.428283 0.073310 0.900666 -1.045387 0.000000 0.000000 0.000000 1.000000
0.883904 0.074162 -0.461751 -0.445969 -0.104490 0.993704 -0.040420 88.474289 0.455846 0.083976 0.886088 -0.996873 0.000000 0.000000 0.000000 1.000000
0.847806 0.050682 -0.527880 -0.009807 -0.094513 0.993927 -0.056367 87.938339 0.521817 0.097680 0.847447 -0.835065 0.000000 0.000000 0.000000 1.000000
0.771133 0.014743 -0.636504 0.491175 -0.082425 0.993630 -0.076843 87.830017 0.631316 0.111720 0.767436 -0.538506 0.000000 0.000000 0.000000 1.000000
0.653709 -0.015617 -0.756585 0.979362 -0.080812 0.992629 -0.090313 88.097305 0.752419 0.120180 0.647628 -0.168215 0.000000 0.000000 0.000000 1.000000
0.508539 -0.036110 -0.860281 1.290435 -0.093927 0.990831 -0.097113 88.261154 0.855901 0.130190 0.500485 0.183680 0.000000 0.000000 0.000000 1.000000
0.375183 -0.042422 -0.925979 1.459291 -0.120929 0.988175 -0.094269 88.128380 0.919029 0.147346 0.365617 0.368152 0.000000 0.000000 0.000000 1.000000
0.300917 -0.037982 -0.952894 1.650951 -0.146411 0.985520 -0.085517 87.751831 0.942344 0.165248 0.290999 0.264356 0.000000 0.000000 0.000000 1.000000
0.293136 -0.032713 -0.955511 1.958340 -0.157702 0.984070 -0.082071 87.468361 0.942975 0.174744 0.283307 0.031414 0.000000 0.000000 0.000000 1.000000
0.316010 -0.035462 -0.948093 2.266905 -0.153184 0.984283 -0.087874 87.524284 0.936308 0.173002 0.305611 -0.050572 0.000000 0.000000 0.000000 1.000000
0.338848 -0.044159 -0.939804 2.413355 -0.139326 0.985529 -0.096542 87.898140 0.930468 0.163652 0.327792 0.043645 0.000000 0.000000 0.000000 1.000000
0.362161 -0.054677 -0.930511 2.363860 -0.125222 0.986375 -0.106696 88.383858 0.923666 0.155162 0.350379 0.025028 0.000000 0.000000 0.000000 1.000000
0.406376 -0.047464 -0.912472 2.080888 -0.121509 0.986973 -0.105454 88.748238 0.905591 0.153727 0.395315 -0.284079 0.000000 0.000000 0.000000 1.000000
0.451470 -0.040106 -0.891385 1.767811 -0.113888 0.988229 -0.102145 89.123894 0.884988 0.147634 0.441588 -0.651061 0.000000 0.000000 0.000000 1.000000
0.497354 -0.032586 -0.866935 1.444366 -0.104035 0.989843 -0.096889 89.477341 0.861287 0.138380 0.488913 -1.018183 0.000000 0.000000 0.000000 1.000000
0.544006 -0.024570 -0.838722 1.130286 -0.094201 0.991464 -0.090144 89.775093 0.833777 0.128047 0.537048 -1.327709 0.000000 0.000000 0.000000 1.000000
0.591448 -0.015283 -0.806198 0.845307 -0.087273 0.992734 -0.082844 89.983650 0.801606 0.119358 0.585817 -1.521904 0.000000 0.000000 0.000000 1.000000
0.639624 -0.004188 -0.768677 0.587358 -0.084344 0.993565 -0.075597 90.105072 0.764047 0.113187 0.635155 -1.604698 0.000000 0.000000 0.000000 1.000000
0.687523 0.008157 -0.726116 0.339989 -0.084012 0.994116 -0.068380 90.173264 0.721286 0.108015 0.684163 -1.628435 0.000000 0.000000 0.000000 1.000000
0.733780 0.021259 -0.679054 0.101366 -0.085774 0.994411 -0.061555 90.202560 0.673951 0.103413 0.731503 -1.608004 0.000000 0.000000 0.000000 1.000000
0.777202 0.034503 -0.628304 -0.130345 -0.088859 0.994508 -0.055304 90.207306 0.622945 0.098812 0.775999 -1.558295 0.000000 0.000000 0.000000 1.000000
0.816849 0.047106 -0.574925 -0.356976 -0.092220 0.994505 -0.049542 90.201836 0.569432 0.093488 0.816705 -1.494197 0.000000 0.000000 0.000000 1.000000
0.852085 0.058081 -0.520171 -0.580363 -0.094567 0.994552 -0.043860 90.200478 0.514790 0.086563 0.852935 -1.430601 0.000000 0.000000 0.000000 1.000000
0.882592 0.066226 -0.465451 -0.802337 -0.094420 0.994826 -0.037494 90.217590 0.460560 0.077040 0.884279 -1.382395 0.000000 0.000000 0.000000 1.000000
0.896610 0.068268 -0.437528 -0.929734 -0.092109 0.995186 -0.033476 90.232559 0.433136 0.070315 0.898582 -1.237525 0.000000 0.000000 0.000000 1.000000
0.901597 0.071268 -0.426666 -0.931240 -0.092580 0.995271 -0.029387 90.054733 0.422554 0.065996 0.903932 -1.115948 0.000000 0.000000 0.000000 1.000000</float_array><technique_common><accessor source="#mixamorig_Hips-Matrix-animation-output-transform-array" count="28" stride="16"><param type="float4x4"/></accessor></technique_common></source><source id="mixamorig_Hips-Interpolations"><Name_array id="mixamorig_Hips-Interpolations-array" count="28">
 LINEAR LINEAR LINEAR LINEAR LINEAR LINEAR LINEAR LINEAR LINEAR LINEAR LINEAR
LINEAR LINEAR LINEAR LINEAR LINEAR LINEAR LINEAR LINEAR LINEAR LINEAR LINEAR LINEAR
LINEAR LINEAR LINEAR LINEAR LINEAR</Name_array><technique_common><accessor source="#mixamorig_Hips-Interpolations-array" count="28"><param type="name"/></accessor></technique_common></source><sampler id="mixamorig_Hips-Matrix-animation-transform"><input semantic="INPUT" source="#mixamorig_Hips-Matrix-animation-input"/><input semantic="OUTPUT" source="#mixamorig_Hips-Matrix-animation-output-transform"/><input semantic="INTERPOLATION" source="#mixamorig_Hips-Interpolations"/></sampler><channel source="#mixamorig_Hips-Matrix-animation-transform" target="mixamorig_Hips/matrix"/><source id="mixamorig_Spine-Matrix-animation-input"><float_array id="mixamorig_Spine-Matrix-animation-input-array" count="28">

0.000000 0.033333 0.066667 0.100000 0.133333 0.166667 0.200000 0.233333 0.266667 0.300000 0.333333 0.366667 0.400000 0.433333 0.466667 0.500000
0.533333 0.566667 0.600000 0.633333 0.666667 0.700000 0.733333 0.766667 0.800000 0.833333 0.866667 0.900000</float_array><technique_common><accessor source="#mixamorig_Spine-Matrix-animation-input-array" count="28"><param name="TIME" type="float"/></accessor></technique_common></source><source id="mixamorig_Spine-Matrix-animation-output-transform"><float_array id="mixamorig_Spine-Matrix-animation-output-transform-array" count="448">

0.996456 -0.071106 0.044947 -0.000100 0.065297 0.990669 0.119626 9.856800 -0.053033 -0.116267 0.991801 -1.223200 0.000000 0.000000 0.000000 1.000000
0.996393 -0.069903 0.048115 -0.000100 0.063672 0.990647 0.120686 9.856800 -0.056102 -0.117187 0.991524 -1.223200 0.000000 0.000000 0.000000 1.000000
0.995983 -0.072242 0.052897 -0.000100 0.065365 0.990394 0.121849 9.856800 -0.061192 -0.117902 0.991138 -1.223200 0.000000 0.000000 0.000000 1.000000
0.995492 -0.074560 0.058618 -0.000100 0.066915 0.990145 0.123029 9.856800 -0.067213 -0.118552 0.990670 -1.223200 0.000000 0.000000 0.000000 1.000000
0.995032 -0.073213 0.067458 -0.000100 0.064446 0.990181 0.124053 9.856800 -0.075878 -0.119090 0.989980 -1.223200 0.000000 0.000000 0.000000 1.000000
0.994722 -0.070343 0.074703 -0.000100 0.060734 0.990433 0.123910 9.856800 -0.082705 -0.118719 0.989477 -1.223200 0.000000 0.000000 0.000000 1.000000
0.994904 -0.068058 0.074388 -0.000100 0.058766 0.990952 0.120666 9.856800 -0.081927 -0.115679 0.989902 -1.223200 0.000000 0.000000 0.000000 1.000000
0.995248 -0.070580 0.067077 -0.000100 0.062640 0.991516 0.113896 9.856800 -0.074546 -0.109153 0.991226 -1.223200 0.000000 0.000000 0.000000 1.000000
0.995982 -0.074694 0.049393 -0.000100 0.069083 0.991865 0.106914 9.856800 -0.056977 -0.103072 0.993041 -1.223200 0.000000 0.000000 0.000000 1.000000
0.996652 -0.077640 0.025626 -0.000100 0.074749 0.992262 0.099139 9.856800 -0.033124 -0.096891 0.994744 -1.223200 0.000000 0.000000 0.000000 1.000000
0.997119 -0.075756 0.003715 -0.000100 0.075107 0.993033 0.090802 9.856800 -0.010568 -0.090262 0.995862 -1.223200 0.000000 0.000000 0.000000 1.000000
0.997344 -0.072148 -0.009940 -0.000100 0.072732 0.993751 0.084669 9.856800 0.003769 -0.085167 0.996360 -1.223200 0.000000 0.000000 0.000000 1.000000
0.997132 -0.074380 -0.013976 -0.000100 0.075282 0.993767 0.082224 9.856800 0.007773 -0.083040 0.996516 -1.223200 0.000000 0.000000 0.000000 1.000000
0.996400 -0.084141 -0.010341 -0.000100 0.084719 0.992716 0.085657 9.856800 0.003058 -0.086224 0.996271 -1.223200 0.000000 0.000000 0.000000 1.000000
0.995952 -0.089794 -0.004082 -0.000100 0.089783 0.991596 0.093144 9.856800 -0.004316 -0.093133 0.995644 -1.223200 0.000000 0.000000 0.000000 1.000000
0.995401 -0.095759 0.002687 -0.000100 0.094991 0.990270 0.101696 9.856800 -0.012399 -0.100973 0.994812 -1.223200 0.000000 0.000000 0.000000 1.000000
0.994824 -0.101184 0.009325 -0.000100 0.099550 0.988913 0.110181 9.856800 -0.020370 -0.108683 0.993868 -1.223200 0.000000 0.000000 0.000000 1.000000
0.994337 -0.105172 0.015244 -0.000100 0.102676 0.987758 0.117437 9.856800 -0.027408 -0.115207 0.992963 -1.223200 0.000000 0.000000 0.000000 1.000000
0.994083 -0.106785 0.019893 -0.000100 0.103585 0.987075 0.122280 9.856800 -0.032694 -0.119496 0.992296 -1.223200 0.000000 0.000000 0.000000 1.000000
0.994081 -0.106111 0.023312 -0.000100 0.102418 0.986888 0.124750 9.856800 -0.036244 -0.121624 0.991914 -1.223200 0.000000 0.000000 0.000000 1.000000
0.994228 -0.104076 0.026044 -0.000100 0.100020 0.986988 0.125898 9.856800 -0.038808 -0.122567 0.991701 -1.223200 0.000000 0.000000 0.000000 1.000000
0.994486 -0.100985 0.028294 -0.000100 0.096669 0.987301 0.126060 9.856800 -0.040665 -0.122630 0.991619 -1.223200 0.000000 0.000000 0.000000 1.000000
0.994810 -0.097150 0.030264 -0.000100 0.092641 0.987750 0.125573 9.856800 -0.042093 -0.122118 0.991623 -1.223200 0.000000 0.000000 0.000000 1.000000
0.995157 -0.092888 0.032157 -0.000100 0.088212 0.988256 0.124774 9.856800 -0.043370 -0.121334 0.991664 -1.223200 0.000000 0.000000 0.000000 1.000000
0.995488 -0.088517 0.034183 -0.000100 0.083660 0.988749 0.124002 9.856800 -0.044774 -0.120583 0.991693 -1.223200 0.000000 0.000000 0.000000 1.000000
0.995765 -0.084358 0.036555 -0.000100 0.079262 0.989163 0.123591 9.856800 -0.046585 -0.120171 0.991660 -1.223200 0.000000 0.000000 0.000000 1.000000
0.996331 -0.075229 0.040802 -0.000100 0.069776 0.990113 0.121688 9.856800 -0.049553 -0.118395 0.991729 -1.223200 0.000000 0.000000 0.000000 1.000000
0.996456 -0.071106 0.044947 -0.000100 0.065297 0.990669 0.119626 9.856800 -0.053033 -0.116267 0.991801 -1.223200 0.000000 0.000000 0.000000 1.000000</float_array><technique_common><accessor source="#mixamorig_Spine-Matrix-animation-output-transform-array" count="28" stride="16"><param type="float4x4"/></accessor></technique_common></source><source id="mixamorig_Spine-Interpolations"><Name_array id="mixamorig_Spine-Interpolations-array" count="28">
 LINEAR LINEAR LINEAR LINEAR LINEAR LINEAR LINEAR LINEAR LINEAR LINEAR LINEAR
LINEAR LINEAR LINEAR LINEAR LINEAR LINEAR LINEAR LINEAR LINEAR LINEAR LINEAR LINEAR
LINEAR LINEAR LINEAR LINEAR LINEAR</Name_array><technique_common><accessor source="#mixamorig_Spine-Interpolations-array" count="28"><param type="name"/></accessor></technique_common></source><sampler id="mixamorig_Spine-Matrix-animation-transform"><input semantic="INPUT" source="#mixamorig_Spine-Matrix-animation-input"/><input semantic="OUTPUT" source="#mixamorig_Spine-Matrix-animation-output-transform"/><input semantic="INTERPOLATION" source="#mixamorig_Spine-Interpolations"/></sampler><channel source="#mixamorig_Spine-Matrix-animation-transform" target="mixamorig_Spine/matrix"/><source id="mixamorig_Spine1-Matrix-animation-input"><float_array id="mixamorig_Spine1-Matrix-animation-input-array" count="28">

0.000000 0.033333 0.066667 0.100000 0.133333 0.166667 0.200000 0.233333 0.266667 0.300000 0.333333 0.366667 0.400000 0.433333 0.466667 0.500000
0.533333 0.566667 0.600000 0.633333 0.666667 0.700000 0.733333 0.766667 0.800000 0.833333 0.866667 0.900000</float_array><technique_common><accessor source="#mixamorig_Spine1-Matrix-animation-input-array" count="28"><param name="TIME" type="float"/></accessor></technique_common></source><source id="mixamorig_Spine1-Matrix-animation-output-transform"><float_array id="mixamorig_Spine1-Matrix-animation-output-transform-array" count="448">

0.991671 -0.055403 0.116272 0.000000 0.061737 0.996758 -0.051601 11.653700 -0.113036 0.058349 0.991876 0.000000 0.000000 0.000000 0.000000 1.000000
0.990959 -0.052336 0.123536 -0.000000 0.058898 0.997007 -0.050075 11.653700 -0.120546 0.056899 0.991076 -0.000000 0.000000 0.000000 0.000000 1.000000
0.989597 -0.051716 0.134253 0.000000 0.058665 0.997107 -0.048326 11.653700 -0.131366 0.055699 0.989768 0.000000 0.000000 0.000000 0.000000 1.000000
0.987832 -0.051008 0.146925 -0.000000 0.058371 0.997223 -0.046245 11.653700 -0.144158 0.054259 0.988066 0.000000 0.000000 0.000000 0.000000 1.000000
0.984991 -0.047379 0.165977 -0.000000 0.055205 0.997555 -0.042860 11.653700 -0.163540 0.051379 0.985198 0.000000 0.000000 0.000000 0.000000 1.000000
0.982479 -0.043982 0.181110 -0.000000 0.051954 0.997868 -0.039510 11.653700 -0.178986 0.048227 0.982669 -0.000000 0.000000 0.000000 0.000000 1.000000
0.982599 -0.044291 0.180382 -0.000000 0.052211 0.997859 -0.039395 11.653700 -0.178251 0.048128 0.982807 0.000000 0.000000 0.000000 0.000000 1.000000
0.985176 -0.052155 0.163426 0.000000 0.059359 0.997454 -0.039513 11.653700 -0.160950 0.048628 0.985764 -0.000000 0.000000 0.000000 0.000000 1.000000
0.990052 -0.067707 0.123342 0.000000 0.073432 0.996396 -0.042471 11.653700 -0.120022 0.051105 0.991455 0.000000 0.000000 0.000000 0.000000 1.000000
0.994196 -0.081389 0.070356 0.000000 0.084950 0.995170 -0.049193 11.653700 -0.066012 0.054884 0.996308 -0.000000 0.000000 0.000000 0.000000 1.000000
0.996112 -0.085635 0.020666 0.000000 0.086698 0.994563 -0.057680 11.653700 -0.015614 0.059247 0.998121 0.000000 0.000000 0.000000 0.000000 1.000000
0.996350 -0.084522 -0.011960 0.000000 0.083597 0.994459 -0.063742 11.653700 0.017281 0.062510 0.997895 0.000000 0.000000 0.000000 0.000000 1.000000
0.996087 -0.085509 -0.022332 0.000000 0.083878 0.994294 -0.065903 11.653700 0.027839 0.063772 0.997576 -0.000000 0.000000 0.000000 0.000000 1.000000
0.995869 -0.089811 -0.013390 -0.000000 0.088791 0.994023 -0.063523 11.653700 0.019015 0.062072 0.997891 0.000000 0.000000 0.000000 0.000000 1.000000
0.995475 -0.094982 0.002686 0.000000 0.094971 0.993644 -0.060440 11.653700 0.003072 0.060422 0.998168 0.000000 0.000000 0.000000 0.000000 1.000000
0.994667 -0.101109 0.020370 0.000000 0.102118 0.993149 -0.056803 11.653700 -0.014487 0.058580 0.998178 -0.000000 0.000000 0.000000 0.000000 1.000000
0.993555 -0.106836 0.037869 0.000000 0.108761 0.992651 -0.053061 11.653700 -0.031922 0.056838 0.997873 0.000000 0.000000 0.000000 0.000000 1.000000
0.992408 -0.110779 0.053424 0.000000 0.113448 0.992295 -0.049808 11.653700 -0.047495 0.055490 0.997329 -0.000000 0.000000 0.000000 0.000000 1.000000
0.991613 -0.111531 0.065305 0.000000 0.114747 0.992247 -0.047745 11.653700 -0.059474 0.054838 0.996722 0.000000 0.000000 0.000000 0.000000 1.000000
0.991294 -0.109187 0.073578 0.000000 0.112808 0.992504 -0.047002 11.653700 -0.067894 0.054893 0.996181 0.000000 0.000000 0.000000 0.000000 1.000000
0.991255 -0.105071 0.079832 0.000000 0.109040 0.992922 -0.047087 11.653700 -0.074319 0.055380 0.995696 0.000000 0.000000 0.000000 0.000000 1.000000
0.991420 -0.099617 0.084632 -0.000000 0.103900 0.993439 -0.047787 11.653700 -0.079316 0.056171 0.995266 -0.000000 0.000000 0.000000 0.000000 1.000000
0.991697 -0.093265 0.088540 0.000000 0.097845 0.994001 -0.048874 11.653700 -0.083451 0.057132 0.994873 0.000000 0.000000 0.000000 0.000000 1.000000
0.991988 -0.086453 0.092122 -0.000000 0.091332 0.994558 -0.050120 11.653700 -0.087287 0.058132 0.994486 0.000000 0.000000 0.000000 0.000000 1.000000
0.992197 -0.079624 0.095947 0.000000 0.084816 0.995075 -0.051303 11.653700 -0.091390 0.059040 0.994063 0.000000 0.000000 0.000000 0.000000 1.000000
0.992230 -0.073220 0.100594 0.000000 0.078756 0.995526 -0.052206 11.653700 -0.096321 0.059722 0.993557 0.000000 0.000000 0.000000 0.000000 1.000000
0.992180 -0.063421 0.107503 -0.000000 0.069319 0.996236 -0.052048 11.653700 -0.103797 0.059093 0.992841 0.000000 0.000000 0.000000 0.000000 1.000000
0.991671 -0.055403 0.116272 0.000000 0.061737 0.996758 -0.051601 11.653700 -0.113036 0.058349 0.991876 0.000000 0.000000 0.000000 0.000000 1.000000</float_array><technique_common><accessor source="#mixamorig_Spine1-Matrix-animation-output-transform-array" count="28" stride="16"><param type="float4x4"/></accessor></technique_common></source><source id="mixamorig_Spine1-Interpolations"><Name_array id="mixamorig_Spine1-Interpolations-array" count="28">
 LINEAR LINEAR LINEAR LINEAR LINEAR LINEAR LINEAR LINEAR LINEAR LINEAR LINEAR
LINEAR LINEAR LINEAR LINEAR LINEAR LINEAR LINEAR LINEAR LINEAR LINEAR LINEAR LINEAR
LINEAR LINEAR LINEAR LINEAR LINEAR</Name_array><technique_common><accessor source="#mixamorig_Spine1-Interpolations-array" count="28"><param type="name"/></accessor></technique_common></source><sampler id="mixamorig_Spine1-Matrix-animation-transform"><input semantic="INPUT" source="#mixamorig_Spine1-Matrix-animation-input"/><input semantic="OUTPUT" source="#mixamorig_Spine1-Matrix-animation-output-transform"/><input semantic="INTERPOLATION" source="#mixamorig_Spine1-Interpolations"/></sampler><channel source="#mixamorig_Spine1-Matrix-animation-transform" target="mixamorig_Spine1/matrix"/><source id="mixamorig_Spine2-Matrix-animation-input"><float_array id="mixamorig_Spine2-Matrix-animation-input-array" count="28">

0.000000 0.033333 0.066667 0.100000 0.133333 0.166667 0.200000 0.233333 0.266667 0.300000 0.333333 0.366667 0.400000 0.433333 0.466667 0.500000
0.533333 0.566667 0.600000 0.633333 0.666667 0.700000 0.733333 0.766667 0.800000 0.833333 0.866667 0.900000</float_array><technique_common><accessor source="#mixamorig_Spine2-Matrix-animation-input-array" count="28"><param name="TIME" type="float"/></accessor></technique_common></source><source id="mixamorig_Spine2-Matrix-animation-output-transform"><float_array id="mixamorig_Spine2-Matrix-animation-output-transform-array" count="448">

0.991756 -0.050711 0.117681 0.000000 0.057312 0.996927 -0.053399 13.369100 -0.114611 0.059704 0.991615 0.000000 0.000000 0.000000 0.000000 1.000000
0.991040 -0.047240 0.124933 0.000000 0.054085 0.997183 -0.051979 13.369100 -0.122126 0.058270 0.990803 0.000000 0.000000 0.000000 0.000000 1.000000
0.989675 -0.046257 0.135663 0.000000 0.053498 0.997304 -0.050219 13.369100 -0.132974 0.056958 0.989482 -0.000000 0.000000 0.000000 0.000000 1.000000
0.987904 -0.045160 0.148343 0.000000 0.052809 0.997449 -0.048036 13.369100 -0.145795 0.055288 0.987769 0.000000 0.000000 0.000000 0.000000 1.000000
0.985045 -0.040969 0.167358 0.000000 0.049007 0.997821 -0.044186 13.369100 -0.165183 0.051727 0.984906 -0.000000 0.000000 0.000000 0.000000 1.000000
0.982488 -0.037462 0.182522 0.000000 0.045510 0.998158 -0.040107 13.369100 -0.180683 0.047711 0.982383 0.000000 0.000000 0.000000 0.000000 1.000000
0.982574 -0.038331 0.181878 0.000000 0.046235 0.998152 -0.039421 13.369100 -0.180031 0.047143 0.982531 0.000000 0.000000 0.000000 0.000000 1.000000
0.985156 -0.047710 0.164901 0.000000 0.054856 0.997730 -0.039054 13.369100 -0.162663 0.047520 0.985537 0.000000 0.000000 0.000000 0.000000 1.000000
0.990074 -0.065106 0.124557 0.000000 0.070790 0.996617 -0.041762 13.369100 -0.121417 0.050165 0.991333 -0.000000 0.000000 0.000000 0.000000 1.000000
0.994228 -0.080272 0.071180 -0.000000 0.083805 0.995320 -0.048115 13.369100 -0.066984 0.053803 0.996302 0.000000 0.000000 0.000000 0.000000 1.000000
0.996119 -0.085435 0.021176 0.000000 0.086500 0.994683 -0.055897 13.369100 -0.016288 0.057511 0.998212 -0.000000 0.000000 0.000000 0.000000 1.000000
0.996328 -0.084829 -0.011560 0.000000 0.083973 0.994593 -0.061108 13.369100 0.016682 0.059913 0.998064 0.000000 0.000000 0.000000 0.000000 1.000000
0.996058 -0.085988 -0.021797 -0.000000 0.084477 0.994450 -0.062719 13.369100 0.027069 0.060630 0.997793 0.000000 0.000000 0.000000 0.000000 1.000000
0.995852 -0.090132 -0.012485 0.000000 0.089221 0.994172 -0.060516 13.369100 0.017867 0.059151 0.998089 -0.000000 0.000000 0.000000 0.000000 1.000000
0.995481 -0.094880 0.003820 0.000000 0.094941 0.993774 -0.058302 13.369100 0.001735 0.058402 0.998292 0.000000 0.000000 0.000000 0.000000 1.000000
0.994699 -0.100507 0.021750 -0.000000 0.101580 0.993267 -0.055690 13.369100 -0.016006 0.057604 0.998211 0.000000 0.000000 0.000000 0.000000 1.000000
0.993614 -0.105693 0.039488 0.000000 0.107709 0.992769 -0.052986 13.369100 -0.033602 0.056901 0.997814 0.000000 0.000000 0.000000 0.000000 1.000000
0.992494 -0.109107 0.055244 0.000000 0.111918 0.992426 -0.050636 13.369100 -0.049301 0.056439 0.997188 0.000000 0.000000 0.000000 0.000000 1.000000
0.991719 -0.109408 0.067250 -0.000000 0.112818 0.992397 -0.049193 13.369100 -0.061356 0.056372 0.996523 0.000000 0.000000 0.000000 0.000000 1.000000
0.991415 -0.106706 0.075565 0.000000 0.110560 0.992671 -0.048787 13.369100 -0.069805 0.056723 0.995947 0.000000 0.000000 0.000000 0.000000 1.000000
0.991385 -0.102288 0.081812 0.000000 0.106513 0.993100 -0.049058 13.369100 -0.076229 0.057349 0.995440 -0.000000 0.000000 0.000000 0.000000 1.000000
0.991554 -0.096573 0.086566 -0.000000 0.101125 0.993625 -0.049830 13.369100 -0.081202 0.058163 0.994999 -0.000000 0.000000 0.000000 0.000000 1.000000
0.991832 -0.089985 0.090404 0.000000 0.094840 0.994190 -0.050914 13.369100 -0.085297 0.059072 0.994603 -0.000000 0.000000 0.000000 0.000000 1.000000
0.992120 -0.082947 0.093903 0.000000 0.088100 0.994747 -0.052124 13.369100 -0.089086 0.059986 0.994216 -0.000000 0.000000 0.000000 0.000000 1.000000
0.992324 -0.075884 0.097645 -0.000000 0.081351 0.995260 -0.053278 13.369100 -0.093140 0.060813 0.993794 0.000000 0.000000 0.000000 0.000000 1.000000
0.992351 -0.069220 0.102219 0.000000 0.075037 0.995706 -0.054204 13.369100 -0.098028 0.061460 0.993284 0.000000 0.000000 0.000000 0.000000 1.000000
0.992290 -0.059074 0.108957 0.000000 0.065243 0.996410 -0.053945 13.369100 -0.105379 0.060637 0.992582 0.000000 0.000000 0.000000 0.000000 1.000000
0.991756 -0.050711 0.117681 0.000000 0.057312 0.996927 -0.053399 13.369100 -0.114611 0.059704 0.991615 0.000000 0.000000 0.000000 0.000000 1.000000</float_array><technique_common><accessor source="#mixamorig_Spine2-Matrix-animation-output-transform-array" count="28" stride="16"><param type="float4x4"/></accessor></technique_common></source><source id="mixamorig_Spine2-Interpolations"><Name_array id="mixamorig_Spine2-Interpolations-array" count="28">
 LINEAR LINEAR LINEAR LINEAR LINEAR LINEAR LINEAR LINEAR LINEAR LINEAR LINEAR
LINEAR LINEAR LINEAR LINEAR LINEAR LINEAR LINEAR LINEAR LINEAR LINEAR LINEAR LINEAR
LINEAR LINEAR LINEAR LINEAR LINEAR</Name_array><technique_common><accessor source="#mixamorig_Spine2-Interpolations-array" count="28"><param type="name"/></accessor></technique_common></source><sampler id="mixamorig_Spine2-Matrix-animation-transform"><input semantic="INPUT" source="#mixamorig_Spine2-Matrix-animation-input"/><input semantic="OUTPUT" source="#mixamorig_Spine2-Matrix-animation-output-transform"/><input semantic="INTERPOLATION" source="#mixamorig_Spine2-Interpolations"/></sampler><channel source="#mixamorig_Spine2-Matrix-animation-transform" target="mixamorig_Spine2/matrix"/><source id="mixamorig_Neck-Matrix-animation-input"><float_array id="mixamorig_Neck-Matrix-animation-input-array" count="28">

0.000000 0.033333 0.066667 0.100000 0.133333 0.166667 0.200000 0.233333 0.266667 0.300000 0.333333 0.366667 0.400000 0.433333 0.466667 0.500000
0.533333 0.566667 0.600000 0.633333 0.666667 0.700000 0.733333 0.766667 0.800000 0.833333 0.866667 0.900000</float_array><technique_common><accessor source="#mixamorig_Neck-Matrix-animation-input-array" count="28"><param name="TIME" type="float"/></accessor></technique_common></source><source id="mixamorig_Neck-Matrix-animation-output-transform"><float_array id="mixamorig_Neck-Matrix-animation-output-transform-array" count="448">

0.999102 -0.035993 0.022371 0.000000 0.040774 0.960312 -0.275931 14.725500 -0.011552 0.276595 0.960917 2.594800 0.000000 0.000000 0.000000 1.000000
0.998968 -0.040906 0.019730 0.000000 0.044780 0.959625 -0.277694 14.725500 -0.007574 0.278291 0.960467 2.594800 0.000000 0.000000 0.000000 1.000000
0.999100 -0.038209 0.018411 0.000000 0.041821 0.959781 -0.277618 14.725500 -0.007063 0.278139 0.960515 2.594800 0.000000 0.000000 0.000000 1.000000
0.999263 -0.033813 0.018163 0.000000 0.037517 0.960374 -0.276179 14.725500 -0.008105 0.276656 0.960935 2.594800 0.000000 0.000000 0.000000 1.000000
0.999350 -0.028573 0.021977 0.000000 0.033448 0.962332 -0.269811 14.725500 -0.013440 0.270371 0.962662 2.594800 0.000000 0.000000 0.000000 1.000000
0.999317 -0.019792 0.031212 0.000000 0.027204 0.965566 -0.258731 14.725500 -0.025017 0.259404 0.965445 2.594800 0.000000 0.000000 0.000000 1.000000
0.998978 -0.005862 0.044810 -0.000000 0.016910 0.968010 -0.250341 14.725500 -0.041909 0.250843 0.967120 2.594800 0.000000 0.000000 0.000000 1.000000
0.997522 0.023385 0.066352 0.000000 -0.006126 0.968429 -0.249216 14.725500 -0.070085 0.248192 0.966172 2.594800 0.000000 0.000000 0.000000 1.000000
0.993832 0.056840 0.095223 0.000000 -0.030882 0.966546 -0.254629 14.725500 -0.106510 0.250118 0.962339 2.594800 0.000000 0.000000 0.000000 1.000000
0.989956 0.080164 0.116450 -0.000000 -0.047485 0.964385 -0.260205 14.725500 -0.133162 0.252062 0.958505 2.594800 0.000000 0.000000 0.000000 1.000000
0.987881 0.088496 0.127514 0.000000 -0.052904 0.964323 -0.259390 14.725500 -0.145919 0.249501 0.957318 2.594800 0.000000 0.000000 0.000000 1.000000
0.986885 0.092296 0.132437 0.000000 -0.055532 0.964460 -0.258328 14.725500 -0.151573 0.247585 0.956936 2.594800 0.000000 0.000000 0.000000 1.000000
0.986276 0.097174 0.133481 0.000000 -0.059102 0.962674 -0.264130 14.725500 -0.154165 0.252616 0.955206 2.594800 0.000000 0.000000 0.000000 1.000000
0.986717 0.096372 0.130777 -0.000000 -0.057424 0.959969 -0.274156 14.725500 -0.151963 0.263004 0.952752 2.594800 0.000000 0.000000 0.000000 1.000000
0.988031 0.091819 0.123948 0.000000 -0.054359 0.959247 -0.277290 14.725500 -0.144357 0.267233 0.952758 2.594800 0.000000 0.000000 0.000000 1.000000
0.989314 0.087250 0.116812 0.000000 -0.051469 0.958592 -0.280095 14.725500 -0.136414 0.271090 0.952839 2.594800 0.000000 0.000000 0.000000 1.000000
0.990600 0.082145 0.109381 -0.000000 -0.048275 0.958101 -0.282332 14.725500 -0.127990 0.274398 0.953061 2.594800 0.000000 0.000000 0.000000 1.000000
0.991913 0.075988 0.101662 -0.000000 -0.044295 0.957866 -0.283778 14.725500 -0.118943 0.276980 0.953486 2.594800 0.000000 0.000000 0.000000 1.000000
0.993261 0.068272 0.093660 0.000000 -0.039044 0.957961 -0.284229 14.725500 -0.109127 0.278656 0.954171 2.594800 0.000000 0.000000 0.000000 1.000000
0.994596 0.059158 0.085317 0.000000 -0.032661 0.958342 -0.283748 14.725500 -0.098549 0.279428 0.955096 2.594800 0.000000 0.000000 0.000000 1.000000
0.995842 0.049250 0.076641 0.000000 -0.025666 0.958871 -0.282678 14.725500 -0.087411 0.279536 0.956148 2.594800 0.000000 0.000000 0.000000 1.000000
0.996953 0.038704 0.067730 0.000000 -0.018143 0.959466 -0.281239 14.725500 -0.075870 0.279153 0.957245 2.594800 0.000000 0.000000 0.000000 1.000000
0.997893 0.027674 0.058690 0.000000 -0.010177 0.960050 -0.279644 14.725500 -0.064084 0.278457 0.958308 2.594800 0.000000 0.000000 0.000000 1.000000
0.998634 0.016303 0.049636 0.000000 -0.001859 0.960551 -0.278098 14.725500 -0.052212 0.277626 0.959269 2.594800 0.000000 0.000000 0.000000 1.000000
0.999161 0.004730 0.040692 0.000000 0.006724 0.960903 -0.276802 14.725500 -0.040411 0.276843 0.960065 2.594800 0.000000 0.000000 0.000000 1.000000
0.999464 -0.006914 0.031995 -0.000000 0.015482 0.961049 -0.275944 14.725500 -0.028841 0.276291 0.960641 2.594800 0.000000 0.000000 0.000000 1.000000
0.999350 -0.024980 0.026008 0.000000 0.031191 0.960715 -0.275779 14.725500 -0.018098 0.276410 0.960869 2.594800 0.000000 0.000000 0.000000 1.000000
0.999102 -0.035993 0.022371 0.000000 0.040774 0.960312 -0.275931 14.725500 -0.011552 0.276595 0.960917 2.594800 0.000000 0.000000 0.000000 1.000000</float_array><technique_common><accessor source="#mixamorig_Neck-Matrix-animation-output-transform-array" count="28" stride="16"><param type="float4x4"/></accessor></technique_common></source><source id="mixamorig_Neck-Interpolations"><Name_array id="mixamorig_Neck-Interpolations-array" count="28">
 LINEAR LINEAR LINEAR LINEAR LINEAR LINEAR LINEAR LINEAR LINEAR LINEAR LINEAR
LINEAR LINEAR LINEAR LINEAR LINEAR LINEAR LINEAR LINEAR LINEAR LINEAR LINEAR LINEAR
LINEAR LINEAR LINEAR LINEAR LINEAR</Name_array><technique_common><accessor source="#mixamorig_Neck-Interpolations-array" count="28"><param type="name"/></accessor></technique_common></source><sampler id="mixamorig_Neck-Matrix-animation-transform"><input semantic="INPUT" source="#mixamorig_Neck-Matrix-animation-input"/><input semantic="OUTPUT" source="#mixamorig_Neck-Matrix-animation-output-transform"/><input semantic="INTERPOLATION" source="#mixamorig_Neck-Interpolations"/></sampler><channel source="#mixamorig_Neck-Matrix-animation-transform" target="mixamorig_Neck/matrix"/><source id="mixamorig_Head-Matrix-animation-input"><float_array id="mixamorig_Head-Matrix-animation-input-array" count="28">

0.000000 0.033333 0.066667 0.100000 0.133333 0.166667 0.200000 0.233333 0.266667 0.300000 0.333333 0.366667 0.400000 0.433333 0.466667 0.500000
0.533333 0.566667 0.600000 0.633333 0.666667 0.700000 0.733333 0.766667 0.800000 0.833333 0.866667 0.900000</float_array><technique_common><accessor source="#mixamorig_Head-Matrix-animation-input-array" count="28"><param name="TIME" type="float"/></accessor></technique_common></source><source id="mixamorig_Head-Matrix-animation-output-transform"><float_array id="mixamorig_Head-Matrix-animation-output-transform-array" count="448">

0.965889 0.126085 0.226186 0.000000 -0.161913 0.975717 0.147515 10.251900 -0.202094 -0.179106 0.962849 3.131800 0.000000 0.000000 0.000000 1.000000
0.968785 0.122575 0.215477 0.000000 -0.156115 0.976859 0.146201 10.251900 -0.192570 -0.175277 0.965502 3.131800 0.000000 0.000000 0.000000 1.000000
0.968876 0.129956 0.210689 0.000000 -0.161841 0.976564 0.141882 10.251900 -0.187312 -0.171564 0.967202 3.131800 0.000000 0.000000 0.000000 1.000000
0.966944 0.141784 0.211935 -0.000000 -0.172979 0.975397 0.136673 10.251900 -0.187342 -0.168816 0.967680 3.131800 0.000000 0.000000 0.000000 1.000000
0.957273 0.164932 0.237541 0.000000 -0.199352 0.971414 0.128891 10.251900 -0.209493 -0.170738 0.962788 3.131800 0.000000 0.000000 0.000000 1.000000
0.933127 0.207968 0.293296 -0.000000 -0.250984 0.960872 0.117182 10.251900 -0.257450 -0.182959 0.948813 3.131800 0.000000 0.000000 0.000000 1.000000
0.892951 0.261045 0.366733 0.000000 -0.317695 0.942628 0.102575 10.251900 -0.318917 -0.208104 0.924654 3.131800 0.000000 0.000000 0.000000 1.000000
0.841173 0.302733 0.448086 -0.000000 -0.375053 0.923535 0.080118 10.251900 -0.389569 -0.235449 0.890393 3.131800 0.000000 0.000000 0.000000 1.000000
0.785488 0.330426 0.523285 0.000000 -0.421653 0.904656 0.061689 10.251900 -0.453009 -0.269101 0.849922 3.131800 0.000000 0.000000 0.000000 1.000000
0.751298 0.349716 0.559688 0.000000 -0.450697 0.891384 0.048021 10.251900 -0.482103 -0.288328 0.827311 3.131800 0.000000 0.000000 0.000000 1.000000
0.743966 0.365814 0.559190 0.000000 -0.464446 0.884736 0.039134 10.251900 -0.480420 -0.288828 0.828115 3.131800 0.000000 0.000000 0.000000 1.000000
0.747992 0.374627 0.547871 0.000000 -0.468513 0.882721 0.036054 10.251900 -0.470110 -0.283653 0.835785 3.131800 0.000000 0.000000 0.000000 1.000000
0.751367 0.372488 0.544703 0.000000 -0.466131 0.883875 0.038557 10.251900 -0.467087 -0.282873 0.837742 3.131800 0.000000 0.000000 0.000000 1.000000
0.756002 0.359122 0.547258 0.000000 -0.454982 0.889367 0.044908 10.251900 -0.470586 -0.282943 0.835758 3.131800 0.000000 0.000000 0.000000 1.000000
0.774434 0.344537 0.530610 0.000000 -0.433055 0.900111 0.047589 10.251900 -0.461211 -0.266637 0.846279 3.131800 0.000000 0.000000 0.000000 1.000000
0.793299 0.328948 0.512318 0.000000 -0.408455 0.911559 0.047179 10.251900 -0.451488 -0.246686 0.857499 3.131800 0.000000 0.000000 0.000000 1.000000
0.812212 0.312168 0.492812 -0.000000 -0.382727 0.922701 0.046300 10.251900 -0.440264 -0.226217 0.868903 3.131800 0.000000 0.000000 0.000000 1.000000
0.830931 0.294279 0.472179 0.000000 -0.357454 0.932710 0.047742 10.251900 -0.426357 -0.208452 0.880209 3.131800 0.000000 0.000000 0.000000 1.000000
0.849332 0.275674 0.450155 0.000000 -0.334258 0.940907 0.054454 10.251900 -0.408543 -0.196718 0.891288 3.131800 0.000000 0.000000 0.000000 1.000000
0.867528 0.256618 0.426077 0.000000 -0.312951 0.947433 0.066574 10.251900 -0.386596 -0.191096 0.902234 3.131800 0.000000 0.000000 0.000000 1.000000
0.885400 0.237179 0.399766 -0.000000 -0.292004 0.952951 0.081349 10.251900 -0.361663 -0.188759 0.913000 3.131800 0.000000 0.000000 0.000000 1.000000
0.902530 0.217679 0.371558 -0.000000 -0.271107 0.957596 0.097519 10.251900 -0.334574 -0.188745 0.923274 3.131800 0.000000 0.000000 0.000000 1.000000
0.918550 0.198351 0.341939 -0.000000 -0.250014 0.961525 0.113854 10.251900 -0.306200 -0.190070 0.932799 3.131800 0.000000 0.000000 0.000000 1.000000
0.933163 0.179307 0.311538 -0.000000 -0.228532 0.964930 0.129161 10.251900 -0.277453 -0.191725 0.941415 3.131800 0.000000 0.000000 0.000000 1.000000
0.946156 0.160524 0.281107 0.000000 -0.206513 0.968042 0.142294 10.251900 -0.249282 -0.192684 0.949069 3.131800 0.000000 0.000000 0.000000 1.000000
0.957404 0.141843 0.251510 -0.000000 -0.183845 0.971107 0.152156 10.251900 -0.222661 -0.191914 0.955820 3.131800 0.000000 0.000000 0.000000 1.000000
0.963069 0.130093 0.235743 0.000000 -0.168648 0.973965 0.151493 10.251900 -0.209897 -0.185655 0.959935 3.131800 0.000000 0.000000 0.000000 1.000000
0.965889 0.126085 0.226186 0.000000 -0.161913 0.975717 0.147515 10.251900 -0.202094 -0.179106 0.962849 3.131800 0.000000 0.000000 0.000000 1.000000</float_array><technique_common><accessor source="#mixamorig_Head-Matrix-animation-output-transform-array" count="28" stride="16"><param type="float4x4"/></accessor></technique_common></source><source id="mixamorig_Head-Interpolations"><Name_array id="mixamorig_Head-Interpolations-array" count="28">
 LINEAR LINEAR LINEAR LINEAR LINEAR LINEAR LINEAR LINEAR LINEAR LINEAR LINEAR
LINEAR LINEAR LINEAR LINEAR LINEAR LINEAR LINEAR LINEAR LINEAR LINEAR LINEAR LINEAR
LINEAR LINEAR LINEAR LINEAR LINEAR</Name_array><technique_common><accessor source="#mixamorig_Head-Interpolations-array" count="28"><param type="name"/></accessor></technique_common></source><sampler id="mixamorig_Head-Matrix-animation-transform"><input semantic="INPUT" source="#mixamorig_Head-Matrix-animation-input"/><input semantic="OUTPUT" source="#mixamorig_Head-Matrix-animation-output-transform"/><input semantic="INTERPOLATION" source="#mixamorig_Head-Interpolations"/></sampler><channel source="#mixamorig_Head-Matrix-animation-transform" target="mixamorig_Head/matrix"/><source id="mixamorig_LeftShoulder-Matrix-animation-input"><float_array id="mixamorig_LeftShoulder-Matrix-animation-input-array" count="28">

0.000000 0.033333 0.066667 0.100000 0.133333 0.166667 0.200000 0.233333 0.266667 0.300000 0.333333 0.366667 0.400000 0.433333 0.466667 0.500000
0.533333 0.566667 0.600000 0.633333 0.666667 0.700000 0.733333 0.766667 0.800000 0.833333 0.866667 0.900000</float_array><technique_common><accessor source="#mixamorig_LeftShoulder-Matrix-animation-input-array" count="28"><param name="TIME" type="float"/></accessor></technique_common></source><source id="mixamorig_LeftShoulder-Matrix-animation-output-transform"><float_array id="mixamorig_LeftShoulder-Matrix-animation-output-transform-array" count="448">

0.145359 0.983698 -0.105876 6.085300 0.355032 -0.151747 -0.922456 8.897200 -0.923484 0.096498 -0.371302 1.795200 0.000000 0.000000 0.000000 1.000000
0.140673 0.984819 -0.101698 6.085300 0.354659 -0.146028 -0.923522 8.897200 -0.924353 0.093847 -0.369817 1.795200 0.000000 0.000000 0.000000 1.000000
0.133155 0.984149 -0.117131 6.085300 0.354795 -0.157684 -0.921551 8.897200 -0.925413 0.081152 -0.370168 1.795200 0.000000 0.000000 0.000000 1.000000
0.122529 0.982897 -0.137481 6.085300 0.355258 -0.172783 -0.918661 8.897200 -0.926703 0.063721 -0.370353 1.795200 0.000000 0.000000 0.000000 1.000000
0.099193 0.981652 -0.162848 6.085300 0.356829 -0.187861 -0.915085 8.897200 -0.928888 0.032661 -0.368917 1.795200 0.000000 0.000000 0.000000 1.000000
0.059955 0.980578 -0.186741 6.085300 0.359214 -0.195739 -0.912497 8.897200 -0.931327 -0.012371 -0.363973 1.795200 0.000000 0.000000 0.000000 1.000000
0.011503 0.980863 -0.194360 6.085300 0.359545 -0.185431 -0.914518 8.897200 -0.933057 -0.059362 -0.354797 1.795200 0.000000 0.000000 0.000000 1.000000
-0.032767 0.983719 -0.176699 6.085300 0.358178 -0.153493 -0.920950 8.897200 -0.933078 -0.093467 -0.347317 1.795200 0.000000 0.000000 0.000000 1.000000
-0.058809 0.987808 -0.144145 6.085300 0.351945 -0.114607 -0.928978 8.897200 -0.934171 -0.105363 -0.340914 1.795200 0.000000 0.000000 0.000000 1.000000
-0.047741 0.994688 -0.091201 6.085300 0.344029 -0.069344 -0.936395 8.897200 -0.937745 -0.076080 -0.338890 1.795200 0.000000 0.000000 0.000000 1.000000
-0.003697 0.999992 0.001514 6.085300 0.336479 0.002670 -0.941687 8.897200 -0.941684 -0.002972 -0.336486 1.795200 0.000000 0.000000 0.000000 1.000000
0.044556 0.996300 0.073494 6.085300 0.336726 0.054284 -0.940037 8.897200 -0.940548 0.066631 -0.333061 1.795200 0.000000 0.000000 0.000000 1.000000
0.066903 0.995700 0.064081 6.085300 0.340908 0.037547 -0.939346 8.897200 -0.937713 0.084691 -0.336930 1.795200 0.000000 0.000000 0.000000 1.000000
0.059000 0.998192 0.011494 6.085300 0.343059 -0.009461 -0.939266 8.897200 -0.937459 0.059360 -0.342996 1.795200 0.000000 0.000000 0.000000 1.000000
0.060481 0.997867 -0.024578 6.085300 0.346697 -0.044090 -0.936940 8.897200 -0.936025 0.048146 -0.348624 1.795200 0.000000 0.000000 0.000000 1.000000
0.062266 0.996165 -0.061469 6.085300 0.350775 -0.079501 -0.933079 8.897200 -0.934387 0.036538 -0.354380 1.795200 0.000000 0.000000 0.000000 1.000000
0.065031 0.993291 -0.095626 6.085300 0.354752 -0.112581 -0.928157 8.897200 -0.932696 0.026436 -0.359694 1.795200 0.000000 0.000000 0.000000 1.000000
0.069450 0.989907 -0.123531 6.085300 0.358090 -0.140315 -0.923084 8.897200 -0.931101 0.019873 -0.364221 1.795200 0.000000 0.000000 0.000000 1.000000
0.076197 0.986968 -0.141731 6.085300 0.360246 -0.159793 -0.919070 8.897200 -0.929740 0.018973 -0.367727 1.795200 0.000000 0.000000 0.000000 1.000000
0.085460 0.984878 -0.150704 6.085300 0.361276 -0.171595 -0.916534 8.897200 -0.928535 0.023881 -0.370477 1.795200 0.000000 0.000000 0.000000 1.000000
0.096538 0.983325 -0.154120 6.085300 0.361678 -0.178915 -0.914975 8.897200 -0.927292 0.032588 -0.372919 1.795200 0.000000 0.000000 0.000000 1.000000
