<?xml version="1.0" encoding="utf-8"?>
<COLLADA xmlns="http://www.collada.org/2005/11/COLLADASchema" version="1.4.1">
  <asset><contributor><author>Mixamo</author><authoring_tool>COLLADA Mixamo exporter</authoring_tool><comments></comments></contributor><created>2018-01-13T15:17:50Z</created><modified>2018-01-13T15:17:50Z</modified><revision></revision><title></title><unit meter="0.010000"/><up_axis>Y_UP</up_axis></asset>
  <library_animations>
    <animation id="mixamorig_Hips-anim" name="mixamorig_Hips"><source id="mixamorig_Hips-Matrix-animation-input"><float_array id="mixamorig_Hips-Matrix-animation-input-array" count="60">

0.000000 0.033333 0.066667 0.100000 0.133333 0.166667 0.200000 0.233333 0.266667 0.300000 0.333333 0.366667 0.400000 0.433333 0.466667 0.500000
0.533333 0.566667 0.600000 0.633333 0.666667 0.700000 0.733333 0.766667 0.800000 0.833333 0.866667 0.900000 0.933333 0.966667 1.000000 1.033333
1.066667 1.100000 1.133333 1.166667 1.200000 1.233333 1.266667 1.300000 1.333333 1.366667 1.400000 1.433333 1.466667 1.500000 1.533333 1.566667
1.600000 1.633333 1.666667 1.700000 1.733333 1.766667 1.800000 1.833333 1.866667 1.900000 1.933333 1.966667</float_array><technique_common><accessor source="#mixamorig_Hips-Matrix-animation-input-array" count="60"><param name="TIME" type="float"/></accessor></technique_common></source><source id="mixamorig_Hips-Matrix-animation-output-transform"><float_array id="mixamorig_Hips-Matrix-animation-output-transform-array" count="960">

0.726746 -0.030803 -0.686215 5.311678 0.073604 0.996734 0.033209 89.729584 0.682951 -0.074643 0.726640 10.494203 0.000000 0.000000 0.000000 1.000000
0.734752 -0.033479 -0.677509 5.203210 0.071012 0.997090 0.027741 89.624695 0.674609 -0.068494 0.734991 10.625599 0.000000 0.000000 0.000000 1.000000
0.742654 -0.035999 -0.668707 5.094742 0.068339 0.997415 0.022201 89.519814 0.666179 -0.062186 0.743195 10.756993 0.000000 0.000000 0.000000 1.000000
0.748964 -0.037233 -0.661564 4.996003 0.065564 0.997685 0.018076 89.257172 0.659359 -0.056913 0.749671 11.026495 0.000000 0.000000 0.000000 1.000000
0.751540 -0.035547 -0.658729 4.915685 0.062292 0.997909 0.017219 88.616013 0.656740 -0.053974 0.752183 11.621000 0.000000 0.000000 0.000000 1.000000
0.752299 -0.032589 -0.658016 4.858519 0.059783 0.998032 0.018920 87.759018 0.656104 -0.053571 0.752766 12.417153 0.000000 0.000000 0.000000 1.000000
0.753169 -0.030284 -0.657130 4.863023 0.061649 0.997793 0.024676 86.779839 0.654932 -0.059097 0.753374 13.390146 0.000000 0.000000 0.000000 1.000000
0.742038 -0.027788 -0.669782 5.011391 0.068073 0.997099 0.034049 85.922234 0.666893 -0.070860 0.741777 14.698572 0.000000 0.000000 0.000000 1.000000
0.718983 -0.027734 -0.694474 5.229192 0.078327 0.996071 0.041312 85.425995 0.690600 -0.084099 0.718331 16.503454 0.000000 0.000000 0.000000 1.000000
0.670667 -0.034343 -0.740963 5.539886 0.095536 0.994607 0.040372 85.738289 0.735581 -0.097865 0.670331 19.422249 0.000000 0.000000 0.000000 1.000000
0.606252 -0.040744 -0.794228 5.912712 0.109307 0.993478 0.032470 86.560120 0.787725 -0.106500 0.606751 22.810207 0.000000 0.000000 0.000000 1.000000
0.524634 -0.042990 -0.850242 6.389251 0.108786 0.993922 0.016870 88.318382 0.844349 -0.101345 0.526122 26.383478 0.000000 0.000000 0.000000 1.000000
0.425679 -0.049955 -0.903494 7.081006 0.096700 0.995269 -0.009470 90.448769 0.899692 -0.083336 0.428496 30.097544 0.000000 0.000000 0.000000 1.000000
0.330162 -0.061492 -0.941919 7.971566 0.081901 0.995979 -0.036314 92.294693 0.940364 -0.065154 0.333871 33.970039 0.000000 0.000000 0.000000 1.000000
0.269236 -0.067226 -0.960725 9.077906 0.070300 0.996271 -0.050012 93.104668 0.960505 -0.054074 0.272958 37.664722 0.000000 0.000000 0.000000 1.000000
0.250243 -0.060124 -0.966314 10.429519 0.060268 0.997102 -0.046432 92.617722 0.966305 -0.046619 0.253141 41.308571 0.000000 0.000000 0.000000 1.000000
0.240334 -0.048237 -0.969491 11.855463 0.055117 0.997831 -0.035984 90.962929 0.969124 -0.044788 0.242471 45.248829 0.000000 0.000000 0.000000 1.000000
0.191420 -0.047654 -0.980351 13.298299 0.047155 0.998114 -0.039310 88.665627 0.980375 -0.038703 0.193306 49.407513 0.000000 0.000000 0.000000 1.000000
0.112937 -0.055398 -0.992057 14.767594 0.038066 0.997953 -0.051394 86.535606 0.992873 -0.031959 0.114815 53.188274 0.000000 0.000000 0.000000 1.000000
0.077905 -0.052812 -0.995561 16.097780 0.038642 0.998006 -0.049918 84.972015 0.996212 -0.034582 0.079790 56.076351 0.000000 0.000000 0.000000 1.000000
0.077890 -0.043193 -0.996026 16.837765 0.035632 0.998543 -0.040515 83.738716 0.996325 -0.032334 0.079315 58.210548 0.000000 0.000000 0.000000 1.000000
0.074356 -0.031095 -0.996747 17.063005 0.027925 0.999187 -0.029088 82.834908 0.996841 -0.025671 0.075164 59.533718 0.000000 0.000000 0.000000 1.000000
0.066527 -0.020315 -0.997578 17.010437 0.020724 0.999605 -0.018975 82.312721 0.997569 -0.019412 0.066922 60.044083 0.000000 0.000000 0.000000 1.000000
0.074020 -0.011824 -0.997187 16.863529 0.012187 0.999866 -0.010952 82.141434 0.997182 -0.011342 0.074154 59.916111 0.000000 0.000000 0.000000 1.000000
0.097342 -0.000735 -0.995251 16.567579 0.000908 0.999999 -0.000649 82.400627 0.995251 -0.000840 0.097342 59.149399 0.000000 0.000000 0.000000 1.000000
0.126183 0.006854 -0.991983 16.037277 -0.008818 0.999944 0.005788 83.139793 0.991968 0.008017 0.126237 57.860752 0.000000 0.000000 0.000000 1.000000
0.155977 0.009460 -0.987715 15.358166 -0.015272 0.999858 0.007165 84.203377 0.987643 0.013966 0.156099 56.132401 0.000000 0.000000 0.000000 1.000000
0.189452 0.009289 -0.981846 14.502542 -0.014115 0.999878 0.006737 85.398071 0.981788 0.012582 0.189560 53.944565 0.000000 0.000000 0.000000 1.000000
0.230654 0.009479 -0.972990 13.434867 -0.005812 0.999948 0.008364 86.726273 0.973019 0.003726 0.230697 51.344597 0.000000 0.000000 0.000000 1.000000
0.279339 0.008024 -0.960159 12.225119 0.005940 0.999932 0.010085 88.081299 0.960174 -0.008520 0.279272 48.287727 0.000000 0.000000 0.000000 1.000000
0.340237 -0.002592 -0.940336 11.026921 0.029499 0.999533 0.007918 89.244400 0.939877 -0.030433 0.340155 44.856209 0.000000 0.000000 0.000000 1.000000
0.400270 -0.017172 -0.916236 9.998539 0.058573 0.998259 0.006879 90.150146 0.914523 -0.056420 0.400579 41.477749 0.000000 0.000000 0.000000 1.000000
0.461114 -0.034553 -0.886668 9.352948 0.083553 0.996493 0.004619 90.519333 0.883399 -0.076213 0.462383 38.350857 0.000000 0.000000 0.000000 1.000000
0.511474 -0.047984 -0.857958 9.001875 0.102258 0.994744 0.005327 90.587639 0.853192 -0.090458 0.513693 35.556435 0.000000 0.000000 0.000000 1.000000
0.542366 -0.051539 -0.838560 8.902901 0.113212 0.993496 0.012162 90.515663 0.832479 -0.101531 0.544674 33.169586 0.000000 0.000000 0.000000 1.000000
0.565882 -0.050918 -0.822912 8.929062 0.119507 0.992616 0.020761 90.357491 0.815779 -0.110092 0.567789 30.979521 0.000000 0.000000 0.000000 1.000000
0.588944 -0.049932 -0.806630 8.914657 0.123450 0.991935 0.028732 90.274277 0.798690 -0.116500 0.590358 28.888330 0.000000 0.000000 0.000000 1.000000
0.613902 -0.046572 -0.788007 8.642188 0.115899 0.992758 0.031619 90.619568 0.780827 -0.110741 0.614854 27.258865 0.000000 0.000000 0.000000 1.000000
0.629743 -0.042680 -0.775630 8.431855 0.102983 0.994263 0.028903 90.918961 0.769947 -0.098078 0.630526 25.993862 0.000000 0.000000 0.000000 1.000000
0.638337 -0.039478 -0.768744 8.249866 0.088823 0.995791 0.022618 91.358635 0.764615 -0.082720 0.639156 24.942211 0.000000 0.000000 0.000000 1.000000
0.641253 -0.038235 -0.766376 8.120016 0.073962 0.997187 0.012136 91.943466 0.763756 -0.064465 0.642277 24.096481 0.000000 0.000000 0.000000 1.000000
0.636104 -0.036302 -0.770749 8.166019 0.057862 0.998324 0.000733 92.382645 0.769431 -0.045064 0.637138 23.558504 0.000000 0.000000 0.000000 1.000000
0.622794 -0.035624 -0.781574 8.462348 0.042750 0.999020 -0.011470 92.641098 0.781217 -0.026269 0.623707 23.181902 0.000000 0.000000 0.000000 1.000000
0.608748 -0.038346 -0.792436 8.877808 0.037022 0.999116 -0.019907 92.668030 0.792499 -0.017219 0.609630 22.622381 0.000000 0.000000 0.000000 1.000000
0.596332 -0.040747 -0.801703 9.263505 0.033849 0.999099 -0.025603 92.607025 0.802024 -0.011869 0.597174 22.010279 0.000000 0.000000 0.000000 1.000000
0.593399 -0.037490 -0.804035 9.381266 0.033878 0.999193 -0.021587 92.337891 0.804195 -0.014430 0.594190 21.318201 0.000000 0.000000 0.000000 1.000000
0.600892 -0.030369 -0.798753 9.048259 0.031657 0.999398 -0.014182 91.998146 0.798703 -0.016765 0.601492 20.380547 0.000000 0.000000 0.000000 1.000000
0.610362 -0.022635 -0.791799 8.627603 0.029011 0.999560 -0.006211 91.642090 0.791591 -0.019180 0.610750 19.393372 0.000000 0.000000 0.000000 1.000000
0.621417 -0.015996 -0.783317 8.156862 0.027736 0.999614 0.001590 91.236786 0.782989 -0.022714 0.621620 18.350582 0.000000 0.000000 0.000000 1.000000
0.640452 -0.015409 -0.767844 7.448219 0.034586 0.999363 0.008793 90.574265 0.767219 -0.032188 0.640577 17.027693 0.000000 0.000000 0.000000 1.000000
0.657595 -0.017718 -0.753163 6.967953 0.041546 0.999055 0.012771 90.188339 0.752225 -0.039689 0.657710 15.620028 0.000000 0.000000 0.000000 1.000000
0.670769 -0.024998 -0.741245 6.782599 0.052018 0.998556 0.013397 90.130852 0.739840 -0.047544 0.671101 14.259105 0.000000 0.000000 0.000000 1.000000
0.687660 -0.035794 -0.725150 6.489914 0.066506 0.997690 0.013821 90.131218 0.722981 -0.057731 0.688452 13.042537 0.000000 0.000000 0.000000 1.000000
0.703255 -0.041777 -0.709709 6.125071 0.077162 0.996860 0.017780 90.168793 0.706738 -0.067267 0.704270 11.975495 0.000000 0.000000 0.000000 1.000000
0.709037 -0.044557 -0.703762 5.923020 0.084725 0.996155 0.022291 90.210785 0.700063 -0.075431 0.710086 11.098200 0.000000 0.000000 0.000000 1.000000
0.713238 -0.043908 -0.699545 5.750036 0.088000 0.995748 0.027223 90.248428 0.695376 -0.080976 0.714069 10.475122 0.000000 0.000000 0.000000 1.000000
0.719512 -0.038286 -0.693424 5.590972 0.084872 0.995843 0.033082 90.181084 0.689275 -0.082655 0.719770 10.227013 0.000000 0.000000 0.000000 1.000000
0.717265 -0.032157 -0.696058 5.520863 0.078847 0.996264 0.035224 89.988495 0.692325 -0.080147 0.717121 10.311365 0.000000 0.000000 0.000000 1.000000
0.715830 -0.030338 -0.697615 5.484303 0.075940 0.996512 0.034585 89.848938 0.694133 -0.077734 0.715637 10.413555 0.000000 0.000000 0.000000 1.000000
0.714538 -0.029311 -0.698982 5.453843 0.073602 0.996727 0.033444 89.719032 0.695714 -0.075344 0.714357 10.518990 0.000000 0.000000 0.000000 1.000000</float_array><technique_common><accessor source="#mixamorig_Hips-Matrix-animation-output-transform-array" count="60" stride="16"><param type="float4x4"/></accessor></technique_common></source><source id="mixamorig_Hips-Interpolations"><Name_array id="mixamorig_Hips-Interpolations-array" count="60">
 LINEAR LINEAR LINEAR LINEAR LINEAR LINEAR LINEAR LINEAR LINEAR LINEAR LINEAR
LINEAR LINEAR LINEAR LINEAR LINEAR LINEAR LINEAR LINEAR LINEAR LINEAR LINEAR LINEAR
LINEAR LINEAR LINEAR LINEAR LINEAR LINEAR LINEAR LINEAR LINEAR LINEAR LINEAR LINEAR
LINEAR LINEAR LINEAR LINEAR LINEAR LINEAR LINEAR LINEAR LINEAR LINEAR LINEAR LINEAR
LINEAR LINEAR LINEAR LINEAR LINEAR LINEAR LINEAR LINEAR LINEAR LINEAR LINEAR LINEAR
LINEAR</Name_array><technique_common><accessor source="#mixamorig_Hips-Interpolations-array" count="60"><param type="name"/></accessor></technique_common></source><sampler id="mixamorig_Hips-Matrix-animation-transform"><input semantic="INPUT" source="#mixamorig_Hips-Matrix-animation-input"/><input semantic="OUTPUT" source="#mixamorig_Hips-Matrix-animation-output-transform"/><input semantic="INTERPOLATION" source="#mixamorig_Hips-Interpolations"/></sampler><channel source="#mixamorig_Hips-Matrix-animation-transform" target="mixamorig_Hips/matrix"/><source id="mixamorig_Spine-Matrix-animation-input"><float_array id="mixamorig_Spine-Matrix-animation-input-array" count="60">

0.000000 0.033333 0.066667 0.100000 0.133333 0.166667 0.200000 0.233333 0.266667 0.300000 0.333333 0.366667 0.400000 0.433333 0.466667 0.500000
0.533333 0.566667 0.600000 0.633333 0.666667 0.700000 0.733333 0.766667 0.800000 0.833333 0.866667 0.900000 0.933333 0.966667 1.000000 1.033333
1.066667 1.100000 1.133333 1.166667 1.200000 1.233333 1.266667 1.300000 1.333333 1.366667 1.400000 1.433333 1.466667 1.500000 1.533333 1.566667
1.600000 1.633333 1.666667 1.700000 1.733333 1.766667 1.800000 1.833333 1.866667 1.900000 1.933333 1.966667</float_array><technique_common><accessor source="#mixamorig_Spine-Matrix-animation-input-array" count="60"><param name="TIME" type="float"/></accessor></technique_common></source><source id="mixamorig_Spine-Matrix-animation-output-transform"><float_array id="mixamorig_Spine-Matrix-animation-output-transform-array" count="960">

0.991746 -0.092580 0.088708 -0.000100 0.097650 0.993720 -0.054626 9.856800 -0.083094 0.062838 0.994559 -1.223200 0.000000 0.000000 0.000000 1.000000
0.991272 -0.096866 0.089422 -0.000100 0.101683 0.993510 -0.050971 9.856800 -0.083904 0.059619 0.994689 -1.223200 0.000000 0.000000 0.000000 1.000000
0.990782 -0.101156 0.090106 -0.000100 0.105713 0.993270 -0.047313 9.856800 -0.084714 0.056403 0.994808 -1.223200 0.000000 0.000000 0.000000 1.000000
0.990062 -0.106618 0.091709 -0.000100 0.111042 0.992817 -0.044549 9.856800 -0.086301 0.054290 0.994789 -1.223200 0.000000 0.000000 0.000000 1.000000
0.988645 -0.115703 0.095881 -0.000100 0.120262 0.991802 -0.043193 9.856800 -0.090097 0.054234 0.994455 -1.223200 0.000000 0.000000 0.000000 1.000000
0.987065 -0.124711 0.100749 -0.000100 0.129683 0.990561 -0.044390 9.856800 -0.094262 0.056882 0.993921 -1.223200 0.000000 0.000000 0.000000 1.000000
0.986724 -0.125511 0.103065 -0.000100 0.131553 0.989834 -0.054061 9.856800 -0.095232 0.066901 0.993204 -1.223200 0.000000 0.000000 0.000000 1.000000
0.985887 -0.118520 0.118236 -0.000100 0.128145 0.988731 -0.077400 9.856800 -0.107730 0.091459 0.989964 -1.223200 0.000000 0.000000 0.000000 1.000000
0.984941 -0.107986 0.135018 -0.000100 0.121500 0.987919 -0.096201 9.856800 -0.122999 0.111157 0.986162 -1.223200 0.000000 0.000000 0.000000 1.000000
0.984108 -0.093416 0.151011 -0.000100 0.108641 0.989443 -0.095919 9.856800 -0.140456 0.110801 0.983868 -1.223200 0.000000 0.000000 0.000000 1.000000
0.983231 -0.079616 0.164065 -0.000100 0.094859 0.991659 -0.087263 9.856800 -0.155749 0.101363 0.982582 -1.223200 0.000000 0.000000 0.000000 1.000000
0.983862 -0.076269 0.161860 -0.000100 0.088407 0.993681 -0.069152 9.856800 -0.155563 0.082345 0.984388 -1.223200 0.000000 0.000000 0.000000 1.000000
0.985502 -0.076295 0.151544 -0.000100 0.084254 0.995344 -0.046806 9.856800 -0.147268 0.058896 0.987342 -1.223200 0.000000 0.000000 0.000000 1.000000
0.988214 -0.073156 0.134469 -0.000100 0.076940 0.996767 -0.023157 9.856800 -0.132340 0.033230 0.990647 -1.223200 0.000000 0.000000 0.000000 1.000000
0.991671 -0.064496 0.111482 -0.000100 0.066264 0.997727 -0.012218 9.856800 -0.110440 0.019504 0.993691 -1.223200 0.000000 0.000000 0.000000 1.000000
0.994910 -0.060749 0.080393 -0.000100 0.062411 0.997883 -0.018314 9.856800 -0.079110 0.023238 0.996595 -1.223200 0.000000 0.000000 0.000000 1.000000
0.997546 -0.056240 0.041694 -0.000100 0.057541 0.997871 -0.030705 9.856800 -0.039878 0.033029 0.998659 -1.223200 0.000000 0.000000 0.000000 1.000000
0.998539 -0.053980 0.002588 -0.000100 0.054041 0.997710 -0.040671 9.856800 -0.000386 0.040752 0.999169 -1.223200 0.000000 0.000000 0.000000 1.000000
0.998426 -0.055749 -0.006076 -0.000100 0.055311 0.996825 -0.057272 9.856800 0.009249 0.056846 0.998340 -1.223200 0.000000 0.000000 0.000000 1.000000
0.998485 -0.055023 -0.001075 -0.000100 0.054669 0.993928 -0.095490 9.856800 0.006323 0.095286 0.995430 -1.223200 0.000000 0.000000 0.000000 1.000000
0.997940 -0.063847 0.006272 -0.000100 0.064131 0.990194 -0.124106 9.856800 0.001713 0.124253 0.992249 -1.223200 0.000000 0.000000 0.000000 1.000000
0.997194 -0.070136 0.026182 -0.000100 0.073074 0.987901 -0.136793 9.856800 -0.016271 0.138322 0.990254 -1.223200 0.000000 0.000000 0.000000 1.000000
0.996329 -0.068587 0.051223 -0.000100 0.075228 0.987065 -0.141573 9.856800 -0.040850 0.144907 0.988602 -1.223200 0.000000 0.000000 0.000000 1.000000
0.995043 -0.073157 0.067365 -0.000100 0.082281 0.986076 -0.144513 9.856800 -0.055855 0.149340 0.987207 -1.223200 0.000000 0.000000 0.000000 1.000000
0.993854 -0.081955 0.074415 -0.000100 0.092317 0.984577 -0.148614 9.856800 -0.061088 0.154571 0.986091 -1.223200 0.000000 0.000000 0.000000 1.000000
0.992994 -0.088111 0.078736 -0.000100 0.098691 0.984857 -0.142540 9.856800 -0.064984 0.149312 0.986652 -1.223200 0.000000 0.000000 0.000000 1.000000
0.992221 -0.092214 0.083628 -0.000100 0.102442 0.986516 -0.127636 9.856800 -0.070731 0.135210 0.988289 -1.223200 0.000000 0.000000 0.000000 1.000000
0.992062 -0.089837 0.087989 -0.000100 0.099157 0.989191 -0.108019 9.856800 -0.077334 0.115886 0.990247 -1.223200 0.000000 0.000000 0.000000 1.000000
0.992322 -0.083480 0.091260 -0.000100 0.091536 0.991908 -0.087981 9.856800 -0.083177 0.095659 0.991933 -1.223200 0.000000 0.000000 0.000000 1.000000
0.992231 -0.078894 0.096199 -0.000100 0.085567 0.994054 -0.067336 9.856800 -0.090315 0.075044 0.993082 -1.223200 0.000000 0.000000 0.000000 1.000000
0.992789 -0.063230 0.101847 -0.000100 0.068253 0.996579 -0.046609 9.856800 -0.098551 0.053225 0.993708 -1.223200 0.000000 0.000000 0.000000 1.000000
0.992939 -0.051087 0.107063 -0.000100 0.054530 0.998077 -0.029482 9.856800 -0.105351 0.035112 0.993815 -1.223200 0.000000 0.000000 0.000000 1.000000
0.992508 -0.055153 0.109025 -0.000100 0.057455 0.998184 -0.018082 9.856800 -0.107830 0.024210 0.993875 -1.223200 0.000000 0.000000 0.000000 1.000000
0.991979 -0.062729 0.109738 -0.000100 0.064949 0.997748 -0.016775 9.856800 -0.108439 0.023768 0.993819 -1.223200 0.000000 0.000000 0.000000 1.000000
0.991695 -0.064338 0.111365 -0.000100 0.068123 0.997210 -0.030520 9.856800 -0.109091 0.037854 0.993311 -1.223200 0.000000 0.000000 0.000000 1.000000
0.991476 -0.064690 0.113099 -0.000100 0.070757 0.996216 -0.050472 9.856800 -0.109406 0.058045 0.992301 -1.223200 0.000000 0.000000 0.000000 1.000000
0.991215 -0.066434 0.114363 -0.000100 0.074488 0.994924 -0.067653 9.856800 -0.109288 0.075577 0.991133 -1.223200 0.000000 0.000000 0.000000 1.000000
0.990686 -0.076229 0.112827 -0.000100 0.084254 0.994111 -0.068149 9.856800 -0.106968 0.077020 0.991275 -1.223200 0.000000 0.000000 0.000000 1.000000
0.989829 -0.089553 0.110539 -0.000100 0.096934 0.993276 -0.063299 9.856800 -0.104127 0.073370 0.991854 -1.223200 0.000000 0.000000 0.000000 1.000000
0.989017 -0.103185 0.105817 -0.000100 0.109887 0.992157 -0.059576 9.856800 -0.098840 0.070550 0.992599 -1.223200 0.000000 0.000000 0.000000 1.000000
0.988860 -0.110517 0.099709 -0.000100 0.116034 0.991918 -0.051323 9.856800 -0.093231 0.062321 0.993692 -1.223200 0.000000 0.000000 0.000000 1.000000
0.988868 -0.114616 0.094886 -0.000100 0.119153 0.991919 -0.043591 9.856800 -0.089123 0.054411 0.994533 -1.223200 0.000000 0.000000 0.000000 1.000000
0.989162 -0.113750 0.092845 -0.000100 0.118001 0.992140 -0.041646 9.856800 -0.087378 0.052151 0.994809 -1.223200 0.000000 0.000000 0.000000 1.000000
0.990518 -0.101514 0.092574 -0.000100 0.106540 0.992997 -0.051061 9.856800 -0.086742 0.060439 0.994396 -1.223200 0.000000 0.000000 0.000000 1.000000
0.991904 -0.087552 0.091982 -0.000100 0.093481 0.993673 -0.062254 9.856800 -0.085949 0.070349 0.993813 -1.223200 0.000000 0.000000 0.000000 1.000000
0.993080 -0.076378 0.089211 -0.000100 0.082817 0.994043 -0.070855 9.856800 -0.083268 0.077753 0.993489 -1.223200 0.000000 0.000000 0.000000 1.000000
0.993454 -0.072757 0.088061 -0.000100 0.079480 0.993980 -0.075411 9.856800 -0.082045 0.081917 0.993256 -1.223200 0.000000 0.000000 0.000000 1.000000
0.993683 -0.070541 0.087280 -0.000100 0.077500 0.993850 -0.079090 9.856800 -0.081164 0.085354 0.993039 -1.223200 0.000000 0.000000 0.000000 1.000000
0.993838 -0.068116 0.087438 -0.000100 0.075230 0.993885 -0.080832 9.856800 -0.081398 0.086912 0.992885 -1.223200 0.000000 0.000000 0.000000 1.000000
0.993637 -0.064127 0.092588 -0.000100 0.070967 0.994835 -0.072572 9.856800 -0.087456 0.078681 0.993056 -1.223200 0.000000 0.000000 0.000000 1.000000
0.992502 -0.073273 0.097827 -0.000100 0.080262 0.994346 -0.069521 9.856800 -0.092180 0.076852 0.992772 -1.223200 0.000000 0.000000 0.000000 1.000000
0.991746 -0.079771 0.100379 -0.000100 0.087286 0.993517 -0.072839 9.856800 -0.093917 0.080999 0.992280 -1.223200 0.000000 0.000000 0.000000 1.000000
0.992235 -0.074037 0.099946 -0.000100 0.081220 0.994248 -0.069821 9.856800 -0.094202 0.077397 0.992540 -1.223200 0.000000 0.000000 0.000000 1.000000
0.992214 -0.069307 0.103481 -0.000100 0.076426 0.994855 -0.066497 9.856800 -0.098340 0.073888 0.992406 -1.223200 0.000000 0.000000 0.000000 1.000000
0.992008 -0.068662 0.105853 -0.000100 0.076108 0.994779 -0.067986 9.856800 -0.100632 0.075499 0.992055 -1.223200 0.000000 0.000000 0.000000 1.000000
0.992252 -0.071218 0.101806 -0.000100 0.078381 0.994589 -0.068181 9.856800 -0.096400 0.075632 0.992465 -1.223200 0.000000 0.000000 0.000000 1.000000
0.992573 -0.079058 0.092460 -0.000100 0.085523 0.994001 -0.068179 9.856800 -0.086515 0.075580 0.993379 -1.223200 0.000000 0.000000 0.000000 1.000000
0.991689 -0.091987 0.089950 -0.000100 0.097723 0.993306 -0.061591 9.856800 -0.083683 0.069869 0.994040 -1.223200 0.000000 0.000000 0.000000 1.000000
0.991180 -0.096462 0.090866 -0.000100 0.101863 0.993176 -0.056799 9.856800 -0.084767 0.065554 0.994242 -1.223200 0.000000 0.000000 0.000000 1.000000
0.990747 -0.099417 0.092398 -0.000100 0.104536 0.993144 -0.052317 9.856800 -0.086563 0.061491 0.994347 -1.223200 0.000000 0.000000 0.000000 1.000000</float_array><technique_common><accessor source="#mixamorig_Spine-Matrix-animation-output-transform-array" count="60" stride="16"><param type="float4x4"/></accessor></technique_common></source><source id="mixamorig_Spine-Interpolations"><Name_array id="mixamorig_Spine-Interpolations-array" count="60">
 LINEAR LINEAR LINEAR LINEAR LINEAR LINEAR LINEAR LINEAR LINEAR LINEAR LINEAR
LINEAR LINEAR LINEAR LINEAR LINEAR LINEAR LINEAR LINEAR LINEAR LINEAR LINEAR LINEAR
LINEAR LINEAR LINEAR LINEAR LINEAR LINEAR LINEAR LINEAR LINEAR LINEAR LINEAR LINEAR
LINEAR LINEAR LINEAR LINEAR LINEAR LINEAR LINEAR LINEAR LINEAR LINEAR LINEAR LINEAR
LINEAR LINEAR LINEAR LINEAR LINEAR LINEAR LINEAR LINEAR LINEAR LINEAR LINEAR LINEAR
LINEAR</Name_array><technique_common><accessor source="#mixamorig_Spine-Interpolations-array" count="60"><param type="name"/></accessor></technique_common></source><sampler id="mixamorig_Spine-Matrix-animation-transform"><input semantic="INPUT" source="#mixamorig_Spine-Matrix-animation-input"/><input semantic="OUTPUT" source="#mixamorig_Spine-Matrix-animation-output-transform"/><input semantic="INTERPOLATION" source="#mixamorig_Spine-Interpolations"/></sampler><channel source="#mixamorig_Spine-Matrix-animation-transform" target="mixamorig_Spine/matrix"/><source id="mixamorig_Spine1-Matrix-animation-input"><float_array id="mixamorig_Spine1-Matrix-animation-input-array" count="60">

0.000000 0.033333 0.066667 0.100000 0.133333 0.166667 0.200000 0.233333 0.266667 0.300000 0.333333 0.366667 0.400000 0.433333 0.466667 0.500000
0.533333 0.566667 0.600000 0.633333 0.666667 0.700000 0.733333 0.766667 0.800000 0.833333 0.866667 0.900000 0.933333 0.966667 1.000000 1.033333
1.066667 1.100000 1.133333 1.166667 1.200000 1.233333 1.266667 1.300000 1.333333 1.366667 1.400000 1.433333 1.466667 1.500000 1.533333 1.566667
1.600000 1.633333 1.666667 1.700000 1.733333 1.766667 1.800000 1.833333 1.866667 1.900000 1.933333 1.966667</float_array><technique_common><accessor source="#mixamorig_Spine1-Matrix-animation-input-array" count="60"><param name="TIME" type="float"/></accessor></technique_common></source><source id="mixamorig_Spine1-Matrix-animation-output-transform"><float_array id="mixamorig_Spine1-Matrix-animation-output-transform-array" count="960">

0.997996 0.058348 0.024478 0.000000 -0.058522 0.998265 0.006448 11.653700 -0.024060 -0.007868 0.999680 0.000000 0.000000 0.000000 0.000000 1.000000
0.997909 0.059681 0.024798 0.000000 -0.059842 0.998191 0.005779 11.653700 -0.024408 -0.007251 0.999676 0.000000 0.000000 0.000000 0.000000 1.000000
0.997821 0.061015 0.025115 -0.000000 -0.061162 0.998115 0.005109 11.653700 -0.024756 -0.006634 0.999672 0.000000 0.000000 0.000000 0.000000 1.000000
0.997708 0.062616 0.025647 -0.000000 -0.062762 0.998016 0.004943 11.653700 -0.025286 -0.006541 0.999659 -0.000000 0.000000 0.000000 0.000000 1.000000
0.997533 0.064907 0.026756 -0.000000 -0.065087 0.997862 0.005903 11.653700 -0.026316 -0.007630 0.999625 0.000000 0.000000 0.000000 0.000000 1.000000
0.997328 0.067457 0.028052 0.000000 -0.067697 0.997676 0.007707 11.653700 -0.027467 -0.009585 0.999577 0.000000 0.000000 0.000000 0.000000 1.000000
0.997154 0.069645 0.028884 0.000000 -0.069980 0.997490 0.010780 11.653700 -0.028061 -0.012771 0.999525 0.000000 0.000000 0.000000 0.000000 1.000000
0.997058 0.069868 0.031531 0.000000 -0.070344 0.997421 0.014262 11.653700 -0.030453 -0.016438 0.999401 0.000000 0.000000 0.000000 0.000000 1.000000
0.997032 0.068947 0.034267 0.000000 -0.069570 0.997426 0.017333 11.653700 -0.032984 -0.019665 0.999262 0.000000 0.000000 0.000000 0.000000 1.000000
0.997121 0.066485 0.036476 0.000000 -0.067207 0.997559 0.018950 11.653700 -0.035127 -0.021347 0.999155 0.000000 0.000000 0.000000 0.000000 1.000000
0.997321 0.062574 0.037879 0.000000 -0.063375 0.997782 0.020339 11.653700 -0.036523 -0.022685 0.999075 -0.000000 0.000000 0.000000 0.000000 1.000000
0.997834 0.054944 0.036182 0.000000 -0.055799 0.998176 0.023066 11.653700 -0.034849 -0.025035 0.999079 0.000000 0.000000 0.000000 0.000000 1.000000
0.998358 0.046817 0.033018 0.000000 -0.047648 0.998555 0.024848 11.653700 -0.031807 -0.026381 0.999146 0.000000 0.000000 0.000000 0.000000 1.000000
0.998937 0.036393 0.028284 0.000000 -0.036974 0.999110 0.020300 11.653700 -0.027520 -0.021325 0.999394 0.000000 0.000000 0.000000 0.000000 1.000000
0.999381 0.026772 0.022802 0.000000 -0.027151 0.999495 0.016489 11.653700 -0.022349 -0.017098 0.999604 0.000000 0.000000 0.000000 0.000000 1.000000
0.999755 0.015463 0.015821 0.000000 -0.015645 0.999812 0.011429 11.653700 -0.015642 -0.011673 0.999810 0.000000 0.000000 0.000000 0.000000 1.000000
0.999961 0.004419 0.007668 0.000000 -0.004464 0.999972 0.005926 11.653700 -0.007642 -0.005960 0.999953 -0.000000 0.000000 0.000000 0.000000 1.000000
0.999996 0.002762 0.000970 -0.000000 -0.002769 0.999974 0.006692 11.653700 -0.000952 -0.006695 0.999977 0.000000 0.000000 0.000000 0.000000 1.000000
0.999971 0.007563 0.000306 0.000000 -0.007567 0.999878 0.013652 11.653700 -0.000203 -0.013654 0.999907 0.000000 0.000000 0.000000 0.000000 1.000000
0.999877 0.015468 0.002489 -0.000000 -0.015514 0.999682 0.019872 11.653700 -0.002181 -0.019909 0.999799 0.000000 0.000000 0.000000 0.000000 1.000000
0.999756 0.021571 0.004796 0.000000 -0.021656 0.999599 0.018258 11.653700 -0.004400 -0.018357 0.999822 0.000000 0.000000 0.000000 0.000000 1.000000
0.999827 0.017130 0.007195 0.000000 -0.017242 0.999727 0.015760 11.653700 -0.006923 -0.015881 0.999850 0.000000 0.000000 0.000000 0.000000 1.000000
0.999873 0.012120 0.010381 0.000000 -0.012280 0.999805 0.015471 11.653700 -0.010192 -0.015596 0.999826 -0.000000 0.000000 0.000000 0.000000 1.000000
0.999808 0.014282 0.013452 0.000000 -0.014532 0.999720 0.018648 11.653700 -0.013182 -0.018840 0.999736 -0.000000 0.000000 0.000000 0.000000 1.000000
0.999742 0.016946 0.015094 0.000000 -0.017263 0.999628 0.021122 11.653700 -0.014730 -0.021377 0.999663 -0.000000 0.000000 0.000000 0.000000 1.000000
0.999713 0.017884 0.015963 0.000000 -0.018216 0.999616 0.020893 11.653700 -0.015584 -0.021178 0.999654 0.000000 0.000000 0.000000 0.000000 1.000000
0.999656 0.019864 0.017140 0.000000 -0.020206 0.999596 0.020011 11.653700 -0.016735 -0.020351 0.999653 0.000000 0.000000 0.000000 0.000000 1.000000
0.999565 0.022994 0.018457 0.000000 -0.023325 0.999567 0.017917 11.653700 -0.018037 -0.018340 0.999669 0.000000 0.000000 0.000000 0.000000 1.000000
0.999424 0.027544 0.019806 -0.000000 -0.027853 0.999491 0.015533 11.653700 -0.019368 -0.016076 0.999683 0.000000 0.000000 0.000000 0.000000 1.000000
0.999214 0.033275 0.021558 -0.000000 -0.033568 0.999347 0.013362 11.653700 -0.021099 -0.014075 0.999678 -0.000000 0.000000 0.000000 0.000000 1.000000
0.998949 0.039461 0.023325 0.000000 -0.039690 0.999168 0.009428 11.653700 -0.022933 -0.010344 0.999683 0.000000 0.000000 0.000000 0.000000 1.000000
0.998629 0.046010 0.024967 0.000000 -0.046165 0.998918 0.005659 11.653700 -0.024680 -0.006804 0.999672 -0.000000 0.000000 0.000000 0.000000 1.000000
0.998171 0.054345 0.026479 0.000000 -0.054435 0.998514 0.002692 11.653700 -0.026293 -0.004129 0.999646 0.000000 0.000000 0.000000 0.000000 1.000000
0.997771 0.060738 0.027632 0.000000 -0.060804 0.998148 0.001569 11.653700 -0.027486 -0.003246 0.999617 0.000000 0.000000 0.000000 0.000000 1.000000
0.997669 0.062088 0.028304 0.000000 -0.062211 0.998057 0.003473 11.653700 -0.028033 -0.005226 0.999593 0.000000 0.000000 0.000000 0.000000 1.000000
0.997693 0.061491 0.028757 -0.000000 -0.061705 0.998072 0.006627 11.653700 -0.028294 -0.008386 0.999564 0.000000 0.000000 0.000000 0.000000 1.000000
0.997718 0.060929 0.029098 0.000000 -0.061225 0.998079 0.009422 11.653700 -0.028468 -0.011182 0.999532 0.000000 0.000000 0.000000 0.000000 1.000000
0.997705 0.061219 0.028939 -0.000000 -0.061527 0.998056 0.009890 11.653700 -0.028277 -0.011647 0.999532 -0.000000 0.000000 0.000000 0.000000 1.000000
0.997686 0.061655 0.028651 -0.000000 -0.061965 0.998028 0.010060 11.653700 -0.027974 -0.011813 0.999539 0.000000 0.000000 0.000000 0.000000 1.000000
0.997615 0.063021 0.028160 0.000000 -0.063349 0.997932 0.010890 11.653700 -0.027415 -0.012647 0.999544 0.000000 0.000000 0.000000 0.000000 1.000000
0.997709 0.062040 0.026988 0.000000 -0.062340 0.998000 0.010427 11.653700 -0.026287 -0.012085 0.999581 0.000000 0.000000 0.000000 0.000000 1.000000
0.997855 0.060139 0.025857 0.000000 -0.060416 0.998123 0.010055 11.653700 -0.025204 -0.011595 0.999615 0.000000 0.000000 0.000000 0.000000 1.000000
0.998049 0.057201 0.025035 0.000000 -0.057519 0.998270 0.012162 11.653700 -0.024296 -0.013578 0.999613 -0.000000 0.000000 0.000000 0.000000 1.000000
0.998257 0.053727 0.024434 0.000000 -0.054114 0.998415 0.015460 11.653700 -0.023565 -0.016755 0.999582 -0.000000 0.000000 0.000000 0.000000 1.000000
0.998432 0.050638 0.023865 0.000000 -0.051077 0.998530 0.018152 11.653700 -0.022911 -0.019343 0.999550 0.000000 0.000000 0.000000 0.000000 1.000000
0.998477 0.050000 0.023325 0.000000 -0.050394 0.998591 0.016635 11.653700 -0.022461 -0.017785 0.999590 0.000000 0.000000 0.000000 0.000000 1.000000
0.998506 0.049520 0.023081 0.000000 -0.049910 0.998615 0.016637 11.653700 -0.022226 -0.017764 0.999595 0.000000 0.000000 0.000000 0.000000 1.000000
0.998533 0.049074 0.022902 -0.000000 -0.049467 0.998633 0.016885 11.653700 -0.022042 -0.017993 0.999595 0.000000 0.000000 0.000000 0.000000 1.000000
0.998552 0.048688 0.022870 0.000000 -0.049071 0.998659 0.016511 11.653700 -0.022035 -0.017609 0.999602 0.000000 0.000000 0.000000 0.000000 1.000000
0.998539 0.048611 0.023606 -0.000000 -0.048921 0.998721 0.012743 11.653700 -0.022957 -0.013879 0.999640 0.000000 0.000000 0.000000 0.000000 1.000000
0.998164 0.054929 0.025504 0.000000 -0.055209 0.998421 0.010404 11.653700 -0.024893 -0.011793 0.999621 0.000000 0.000000 0.000000 0.000000 1.000000
0.997775 0.060985 0.026955 -0.000000 -0.061249 0.998081 0.009097 11.653700 -0.026348 -0.010728 0.999595 0.000000 0.000000 0.000000 0.000000 1.000000
0.997733 0.061706 0.026868 0.000000 -0.061879 0.998068 0.005625 11.653700 -0.026469 -0.007275 0.999623 0.000000 0.000000 0.000000 0.000000 1.000000
0.997771 0.060946 0.027181 -0.000000 -0.061019 0.998135 0.001878 11.653700 -0.027015 -0.003532 0.999629 0.000000 0.000000 0.000000 0.000000 1.000000
0.997703 0.061811 0.027719 0.000000 -0.061862 0.998084 0.000986 11.653700 -0.027605 -0.002698 0.999615 -0.000000 0.000000 0.000000 0.000000 1.000000
0.997669 0.062575 0.027202 -0.000000 -0.062601 0.998039 0.000101 11.653700 -0.027142 -0.001804 0.999630 -0.000000 0.000000 0.000000 0.000000 1.000000
0.997688 0.062877 0.025773 -0.000000 -0.062920 0.998018 0.000853 11.653700 -0.025668 -0.002473 0.999667 0.000000 0.000000 0.000000 0.000000 1.000000
0.997600 0.064319 0.025644 0.000000 -0.064397 0.997922 0.002243 11.653700 -0.025447 -0.003889 0.999669 -0.000000 0.000000 0.000000 0.000000 1.000000
0.997656 0.063435 0.025669 0.000000 -0.063555 0.997971 0.003865 11.653700 -0.025372 -0.005487 0.999663 0.000000 0.000000 0.000000 0.000000 1.000000
0.997737 0.062128 0.025717 0.000000 -0.062290 0.998043 0.005530 11.653700 -0.025323 -0.007119 0.999654 -0.000000 0.000000 0.000000 0.000000 1.000000</float_array><technique_common><accessor source="#mixamorig_Spine1-Matrix-animation-output-transform-array" count="60" stride="16"><param type="float4x4"/></accessor></technique_common></source><source id="mixamorig_Spine1-Interpolations"><Name_array id="mixamorig_Spine1-Interpolations-array" count="60">
 LINEAR LINEAR LINEAR LINEAR LINEAR LINEAR LINEAR LINEAR LINEAR LINEAR LINEAR
LINEAR LINEAR LINEAR LINEAR LINEAR LINEAR LINEAR LINEAR LINEAR LINEAR LINEAR LINEAR
LINEAR LINEAR LINEAR LINEAR LINEAR LINEAR LINEAR LINEAR LINEAR LINEAR LINEAR LINEAR
LINEAR LINEAR LINEAR LINEAR LINEAR LINEAR LINEAR LINEAR LINEAR LINEAR LINEAR LINEAR
LINEAR LINEAR LINEAR LINEAR LINEAR LINEAR LINEAR LINEAR LINEAR LINEAR LINEAR LINEAR
LINEAR</Name_array><technique_common><accessor source="#mixamorig_Spine1-Interpolations-array" count="60"><param type="name"/></accessor></technique_common></source><sampler id="mixamorig_Spine1-Matrix-animation-transform"><input semantic="INPUT" source="#mixamorig_Spine1-Matrix-animation-input"/><input semantic="OUTPUT" source="#mixamorig_Spine1-Matrix-animation-output-transform"/><input semantic="INTERPOLATION" source="#mixamorig_Spine1-Interpolations"/></sampler><channel source="#mixamorig_Spine1-Matrix-animation-transform" target="mixamorig_Spine1/matrix"/><source id="mixamorig_Spine2-Matrix-animation-input"><float_array id="mixamorig_Spine2-Matrix-animation-input-array" count="60">

0.000000 0.033333 0.066667 0.100000 0.133333 0.166667 0.200000 0.233333 0.266667 0.300000 0.333333 0.366667 0.400000 0.433333 0.466667 0.500000
0.533333 0.566667 0.600000 0.633333 0.666667 0.700000 0.733333 0.766667 0.800000 0.833333 0.866667 0.900000 0.933333 0.966667 1.000000 1.033333
1.066667 1.100000 1.133333 1.166667 1.200000 1.233333 1.266667 1.300000 1.333333 1.366667 1.400000 1.433333 1.466667 1.500000 1.533333 1.566667
1.600000 1.633333 1.666667 1.700000 1.733333 1.766667 1.800000 1.833333 1.866667 1.900000 1.933333 1.966667</float_array><technique_common><accessor source="#mixamorig_Spine2-Matrix-animation-input-array" count="60"><param name="TIME" type="float"/></accessor></technique_common></source><source id="mixamorig_Spine2-Matrix-animation-output-transform"><float_array id="mixamorig_Spine2-Matrix-animation-output-transform-array" count="960">

0.997990 0.058916 0.023339 0.000000 -0.059069 0.998236 0.005916 13.369100 -0.022949 -0.007283 0.999710 0.000000 0.000000 0.000000 0.000000 1.000000
0.997904 0.060240 0.023650 0.000000 -0.060379 0.998162 0.005215 13.369100 -0.023293 -0.006632 0.999707 0.000000 0.000000 0.000000 0.000000 1.000000
0.997816 0.061564 0.023960 0.000000 -0.061689 0.998085 0.004514 13.369100 -0.023636 -0.005982 0.999703 0.000000 0.000000 0.000000 0.000000 1.000000
0.997703 0.063169 0.024479 0.000000 -0.063292 0.997986 0.004299 13.369100 -0.024158 -0.005838 0.999691 0.000000 0.000000 0.000000 0.000000 1.000000
0.997525 0.065494 0.025571 0.000000 -0.065646 0.997830 0.005164 13.369100 -0.025177 -0.006830 0.999660 0.000000 0.000000 0.000000 0.000000 1.000000
0.997318 0.068099 0.026834 0.000000 -0.068306 0.997641 0.006861 13.369100 -0.026304 -0.008675 0.999616 -0.000000 0.000000 0.000000 0.000000 1.000000
0.997139 0.070373 0.027586 0.000000 -0.070669 0.997451 0.009879 13.369100 -0.026821 -0.011800 0.999571 -0.000000 0.000000 0.000000 0.000000 1.000000
0.997036 0.070818 0.030068 0.000000 -0.071240 0.997372 0.013218 13.369100 -0.029053 -0.015321 0.999460 0.000000 0.000000 0.000000 0.000000 1.000000
0.997003 0.070112 0.032688 0.000000 -0.070667 0.997369 0.016158 13.369100 -0.031470 -0.018419 0.999335 0.000000 0.000000 0.000000 0.000000 1.000000
0.997088 0.067776 0.034943 0.000000 -0.068425 0.997499 0.017718 13.369100 -0.033654 -0.020057 0.999232 0.000000 0.000000 0.000000 0.000000 1.000000
0.997287 0.063933 0.036490 0.000000 -0.064660 0.997724 0.019111 13.369100 -0.035186 -0.021418 0.999151 0.000000 0.000000 0.000000 0.000000 1.000000
0.997800 0.056227 0.035126 0.000000 -0.057021 0.998130 0.022020 13.369100 -0.033822 -0.023975 0.999140 0.000000 0.000000 0.000000 0.000000 1.000000
0.998328 0.047933 0.032299 0.000000 -0.048720 0.998523 0.024034 13.369100 -0.031099 -0.025567 0.999189 0.000000 0.000000 0.000000 0.000000 1.000000
0.998920 0.037205 0.027846 0.000000 -0.037763 0.999091 0.019790 13.369100 -0.027085 -0.020820 0.999416 0.000000 0.000000 0.000000 0.000000 1.000000
0.999372 0.027341 0.022537 0.000000 -0.027711 0.999484 0.016253 13.369100 -0.022081 -0.016867 0.999614 0.000000 0.000000 0.000000 0.000000 1.000000
0.999752 0.015805 0.015717 0.000000 -0.015985 0.999807 0.011421 13.369100 -0.015534 -0.011670 0.999811 0.000000 0.000000 0.000000 0.000000 1.000000
0.999960 0.004533 0.007741 -0.000000 -0.004580 0.999971 0.006053 13.369100 -0.007714 -0.006089 0.999952 0.000000 0.000000 0.000000 0.000000 1.000000
0.999996 0.002698 0.001080 0.000000 -0.002705 0.999973 0.006843 13.369100 -0.001062 -0.006846 0.999976 0.000000 0.000000 0.000000 0.000000 1.000000
0.999972 0.007449 0.000330 0.000000 -0.007453 0.999877 0.013811 13.369100 -0.000227 -0.013813 0.999905 0.000000 0.000000 0.000000 0.000000 1.000000
0.999879 0.015396 0.002287 0.000000 -0.015439 0.999680 0.020032 13.369100 -0.001978 -0.020065 0.999797 -0.000000 0.000000 0.000000 0.000000 1.000000
0.999757 0.021586 0.004379 0.000000 -0.021663 0.999596 0.018403 13.369100 -0.003980 -0.018493 0.999821 0.000000 0.000000 0.000000 0.000000 1.000000
0.999827 0.017267 0.006906 0.000000 -0.017375 0.999723 0.015852 13.369100 -0.006631 -0.015970 0.999850 0.000000 0.000000 0.000000 0.000000 1.000000
0.999870 0.012419 0.010258 0.000000 -0.012577 0.999800 0.015517 13.369100 -0.010064 -0.015644 0.999827 0.000000 0.000000 0.000000 0.000000 1.000000
0.999803 0.014739 0.013289 0.000000 -0.014986 0.999714 0.018635 13.369100 -0.013010 -0.018830 0.999738 0.000000 0.000000 0.000000 0.000000 1.000000
0.999736 0.017495 0.014879 0.000000 -0.017806 0.999620 0.021054 13.369100 -0.014505 -0.021313 0.999668 -0.000000 0.000000 0.000000 0.000000 1.000000
0.999706 0.018462 0.015746 0.000000 -0.018787 0.999607 0.020792 13.369100 -0.015356 -0.021082 0.999660 0.000000 0.000000 0.000000 0.000000 1.000000
0.999648 0.020464 0.016886 0.000000 -0.020798 0.999586 0.019869 13.369100 -0.016472 -0.020213 0.999660 -0.000000 0.000000 0.000000 0.000000 1.000000
0.999557 0.023598 0.018123 -0.000000 -0.023919 0.999557 0.017731 13.369100 -0.017697 -0.018157 0.999679 0.000000 0.000000 0.000000 0.000000 1.000000
0.999417 0.028139 0.019359 -0.000000 -0.028437 0.999478 0.015299 13.369100 -0.018918 -0.015841 0.999696 0.000000 0.000000 0.000000 0.000000 1.000000
0.999206 0.033867 0.021002 0.000000 -0.034145 0.999332 0.013054 13.369100 -0.020546 -0.013760 0.999694 0.000000 0.000000 0.000000 0.000000 1.000000
0.998942 0.040016 0.022673 -0.000000 -0.040230 0.999149 0.009054 13.369100 -0.022291 -0.009956 0.999702 0.000000 0.000000 0.000000 0.000000 1.000000
0.998623 0.046528 0.024218 0.000000 -0.046667 0.998897 0.005210 13.369100 -0.023949 -0.006333 0.999693 0.000000 0.000000 0.000000 0.000000 1.000000
