<?xml version="1.0" encoding="utf-8"?>
<COLLADA xmlns="http://www.collada.org/2005/11/COLLADASchema" version="1.4.1">
  <asset><contributor><author>Mixamo</author><authoring_tool>COLLADA Mixamo exporter</authoring_tool><comments></comments></contributor><created>2018-01-01T14:21:29Z</created><modified>2018-01-01T14:21:29Z</modified><revision></revision><title></title><unit meter="0.010000"/><up_axis>Y_UP</up_axis></asset>
  <library_animations>
    <animation id="mixamorig_Hips-anim" name="mixamorig_Hips"><source id="mixamorig_Hips-Matrix-animation-input"><float_array id="mixamorig_Hips-Matrix-animation-input-array" count="27">

0.000000 0.033333 0.066667 0.100000 0.133333 0.166667 0.200000 0.233333 0.266667 0.300000 0.333333 0.366667 0.400000 0.433333 0.466667 0.500000
0.533333 0.566667 0.600000 0.633333 0.666667 0.700000 0.733333 0.766667 0.800000 0.833333 0.866667</float_array><technique_common><accessor source="#mixamorig_Hips-Matrix-animation-input-array" count="27"><param name="TIME" type="float"/></accessor></technique_common></source><source id="mixamorig_Hips-Matrix-animation-output-transform"><float_array id="mixamorig_Hips-Matrix-animation-output-transform-array" count="432">

0.947978 -0.009126 -0.318204 -0.013828 -0.023358 0.994900 -0.098122 91.120941 0.317477 0.100450 0.942931 -0.410205 0.000000 0.000000 0.000000 1.000000
0.965659 0.003420 -0.259790 -0.425839 -0.030838 0.994354 -0.101535 90.987801 0.257976 0.106060 0.960312 -0.422648 0.000000 0.000000 0.000000 1.000000
0.977966 0.013986 -0.208294 -0.788598 -0.036757 0.993702 -0.105854 90.908478 0.205502 0.111178 0.972321 -0.423483 0.000000 0.000000 0.000000 1.000000
0.984925 0.018110 -0.172030 -1.034806 -0.037679 0.993086 -0.111179 91.022820 0.168827 0.115985 0.978798 -0.362939 0.000000 0.000000 0.000000 1.000000
0.987104 0.018201 -0.159042 -1.169342 -0.036878 0.992648 -0.115283 91.126511 0.155774 0.119661 0.980518 -0.343905 0.000000 0.000000 0.000000 1.000000
0.986400 0.017670 -0.163409 -1.212073 -0.037289 0.992339 -0.117787 91.067406 0.160076 0.122279 0.979502 -0.530737 0.000000 0.000000 0.000000 1.000000
0.983252 0.015517 -0.181589 -1.199320 -0.037676 0.992152 -0.119223 90.950996 0.178314 0.124068 0.976121 -0.764785 0.000000 0.000000 0.000000 1.000000
0.970706 0.007458 -0.240156 -1.116264 -0.036711 0.992386 -0.117566 90.808929 0.237451 0.122939 0.963589 -0.755717 0.000000 0.000000 0.000000 1.000000
0.923095 -0.012461 -0.384369 -0.879620 -0.032497 0.993373 -0.110248 90.600906 0.383196 0.114260 0.916573 -0.187873 0.000000 0.000000 0.000000 1.000000
0.819257 -0.036747 -0.572248 -0.553607 -0.025009 0.994705 -0.099680 90.404739 0.572881 0.095975 0.814000 0.793113 0.000000 0.000000 0.000000 1.000000
0.628177 -0.057796 -0.775921 -0.210613 -0.013408 0.996285 -0.085066 90.446976 0.777955 0.063840 0.625069 2.405346 0.000000 0.000000 0.000000 1.000000
0.404689 -0.059327 -0.912528 0.224545 -0.000884 0.997867 -0.065267 90.303429 0.914454 0.027219 0.403773 3.928427 0.000000 0.000000 0.000000 1.000000
0.183388 -0.046801 -0.981926 0.727169 0.002522 0.998885 -0.047139 90.073517 0.983037 0.006168 0.183301 5.265911 0.000000 0.000000 0.000000 1.000000
0.086331 -0.026343 -0.995918 1.474961 0.000310 0.999651 -0.026415 89.597610 0.996266 0.001972 0.086309 5.764560 0.000000 0.000000 0.000000 1.000000
0.084518 -0.012069 -0.996349 2.412292 -0.011510 0.999848 -0.013088 89.289528 0.996356 0.012574 0.084366 5.773244 0.000000 0.000000 0.000000 1.000000
0.119164 -0.009121 -0.992833 3.398406 -0.024193 0.999634 -0.012087 89.283180 0.992580 0.025460 0.118900 5.630878 0.000000 0.000000 0.000000 1.000000
0.146203 -0.018479 -0.989082 4.114277 -0.026397 0.999397 -0.022573 89.537949 0.988902 0.029409 0.145627 5.624745 0.000000 0.000000 0.000000 1.000000
0.159232 -0.036145 -0.986579 4.541059 -0.017516 0.999069 -0.039430 89.829910 0.987086 0.023559 0.158451 5.681056 0.000000 0.000000 0.000000 1.000000
0.176779 -0.057550 -0.982567 4.758129 -0.004319 0.998234 -0.059245 90.062668 0.984241 0.014717 0.176219 5.564122 0.000000 0.000000 0.000000 1.000000
0.218820 -0.078350 -0.972615 4.816134 0.007193 0.996874 -0.078686 90.292816 0.975739 0.010222 0.218699 5.150139 0.000000 0.000000 0.000000 1.000000
0.292393 -0.094081 -0.951659 4.714028 0.014676 0.995473 -0.093903 90.569176 0.956186 0.013490 0.292450 4.504837 0.000000 0.000000 0.000000 1.000000
0.394754 -0.100141 -0.913313 4.427771 0.017573 0.994684 -0.101468 90.871216 0.918619 0.024006 0.394415 3.783978 0.000000 0.000000 0.000000 1.000000
0.498873 -0.101121 -0.860756 4.078896 0.017044 0.994123 -0.106911 91.171997 0.866507 0.038664 0.497665 3.063901 0.000000 0.000000 0.000000 1.000000
0.599275 -0.094643 -0.794929 3.601078 0.014039 0.994077 -0.107770 91.440834 0.800420 0.053424 0.597054 2.423293 0.000000 0.000000 0.000000 1.000000
0.675523 -0.085610 -0.732353 3.106428 0.011027 0.994299 -0.106060 91.560913 0.737257 0.063571 0.672615 1.916911 0.000000 0.000000 0.000000 1.000000
0.738939 -0.076043 -0.669467 2.629755 0.008173 0.994549 -0.103947 91.635742 0.673723 0.071339 0.735533 1.447105 0.000000 0.000000 0.000000 1.000000
0.781011 -0.069408 -0.620649 2.259805 0.008874 0.994938 -0.100099 91.633110 0.624455 0.072670 0.777673 1.025950 0.000000 0.000000 0.000000 1.000000</float_array><technique_common><accessor source="#mixamorig_Hips-Matrix-animation-output-transform-array" count="27" stride="16"><param type="float4x4"/></accessor></technique_common></source><source id="mixamorig_Hips-Interpolations"><Name_array id="mixamorig_Hips-Interpolations-array" count="27">
 LINEAR LINEAR LINEAR LINEAR LINEAR LINEAR LINEAR LINEAR LINEAR LINEAR LINEAR
LINEAR LINEAR LINEAR LINEAR LINEAR LINEAR LINEAR LINEAR LINEAR LINEAR LINEAR LINEAR
LINEAR LINEAR LINEAR LINEAR</Name_array><technique_common><accessor source="#mixamorig_Hips-Interpolations-array" count="27"><param type="name"/></accessor></technique_common></source><sampler id="mixamorig_Hips-Matrix-animation-transform"><input semantic="INPUT" source="#mixamorig_Hips-Matrix-animation-input"/><input semantic="OUTPUT" source="#mixamorig_Hips-Matrix-animation-output-transform"/><input semantic="INTERPOLATION" source="#mixamorig_Hips-Interpolations"/></sampler><channel source="#mixamorig_Hips-Matrix-animation-transform" target="mixamorig_Hips/matrix"/><source id="mixamorig_Spine-Matrix-animation-input"><float_array id="mixamorig_Spine-Matrix-animation-input-array" count="27">

0.000000 0.033333 0.066667 0.100000 0.133333 0.166667 0.200000 0.233333 0.266667 0.300000 0.333333 0.366667 0.400000 0.433333 0.466667 0.500000
0.533333 0.566667 0.600000 0.633333 0.666667 0.700000 0.733333 0.766667 0.800000 0.833333 0.866667</float_array><technique_common><accessor source="#mixamorig_Spine-Matrix-animation-input-array" count="27"><param name="TIME" type="float"/></accessor></technique_common></source><source id="mixamorig_Spine-Matrix-animation-output-transform"><float_array id="mixamorig_Spine-Matrix-animation-output-transform-array" count="432">

0.996890 -0.074997 -0.024205 0.000000 0.076130 0.995848 0.049919 9.923500 0.020361 -0.051606 0.998460 -1.227300 0.000000 0.000000 0.000000 1.000000
0.996582 -0.079093 -0.023866 0.000000 0.080215 0.995502 0.050417 9.923500 0.019771 -0.052159 0.998443 -1.227300 0.000000 0.000000 0.000000 1.000000
0.996308 -0.082666 -0.023146 0.000000 0.083762 0.995168 0.051235 9.923500 0.018799 -0.052985 0.998418 -1.227300 0.000000 0.000000 0.000000 1.000000
0.996093 -0.085486 -0.022146 0.000000 0.086564 0.994811 0.053449 9.923500 0.017462 -0.055158 0.998325 -1.227300 0.000000 0.000000 0.000000 1.000000
0.996098 -0.086173 -0.019030 -0.000000 0.087102 0.994674 0.055109 9.923500 0.014179 -0.056552 0.998299 -1.227300 0.000000 0.000000 0.000000 1.000000
0.996406 -0.083829 -0.012163 0.000000 0.084375 0.994917 0.054959 9.923500 0.007494 -0.055788 0.998415 -1.227300 0.000000 0.000000 0.000000 1.000000
0.996786 -0.080018 -0.003753 0.000000 0.080104 0.995325 0.053957 9.923500 -0.000582 -0.054085 0.998536 -1.227300 0.000000 0.000000 0.000000 1.000000
0.997163 -0.075133 0.004506 0.000000 0.074800 0.995850 0.051848 9.923500 -0.008383 -0.051364 0.998645 -1.227300 0.000000 0.000000 0.000000 1.000000
0.997574 -0.068578 0.012004 0.000000 0.067937 0.996560 0.047472 9.923500 -0.015218 -0.046541 0.998800 -1.227300 0.000000 0.000000 0.000000 1.000000
0.998037 -0.059692 0.018939 -0.000000 0.058866 0.997404 0.041484 9.923500 -0.021366 -0.040288 0.998960 -1.227300 0.000000 0.000000 0.000000 1.000000
0.998677 -0.045442 0.024078 0.000000 0.044607 0.998421 0.034145 9.923500 -0.025592 -0.033025 0.999127 -1.227300 0.000000 0.000000 0.000000 1.000000
0.999259 -0.027560 0.026885 -0.000000 0.026796 0.999238 0.028385 9.923500 -0.027647 -0.027643 0.999235 -1.227300 0.000000 0.000000 0.000000 1.000000
0.999593 -0.008989 0.027066 0.000000 0.008335 0.999673 0.024190 9.923500 -0.027275 -0.023955 0.999341 -1.227300 0.000000 0.000000 0.000000 1.000000
0.999809 0.009345 0.017189 0.000000 -0.009802 0.999596 0.026692 9.923500 -0.016933 -0.026855 0.999496 -1.227300 0.000000 0.000000 0.000000 1.000000
0.999745 0.022546 0.001167 0.000000 -0.022571 0.999247 0.031559 9.923500 -0.000454 -0.031577 0.999501 -1.227300 0.000000 0.000000 0.000000 1.000000
0.999411 0.029905 -0.016863 0.000000 -0.029294 0.998944 0.035381 9.923500 0.017903 -0.034866 0.999232 -1.227300 0.000000 0.000000 0.000000 1.000000
0.998996 0.031708 -0.031637 0.000000 -0.030551 0.998870 0.036402 9.923500 0.032755 -0.035399 0.998836 -1.227300 0.000000 0.000000 0.000000 1.000000
0.998765 0.029115 -0.040250 -0.000000 -0.027677 0.998975 0.035825 9.923500 0.041252 -0.034667 0.998547 -1.227300 0.000000 0.000000 0.000000 1.000000
0.998762 0.024419 -0.043337 0.000000 -0.022873 0.999097 0.035806 9.923500 0.044172 -0.034771 0.998419 -1.227300 0.000000 0.000000 0.000000 1.000000
0.998906 0.018545 -0.042939 0.000000 -0.016936 0.999151 0.037546 9.923500 0.043599 -0.036777 0.998372 -1.227300 0.000000 0.000000 0.000000 1.000000
0.999124 0.010349 -0.040556 0.000000 -0.008680 0.999116 0.041124 9.923500 0.040946 -0.040736 0.998331 -1.227300 0.000000 0.000000 0.000000 1.000000
0.999329 -0.001180 -0.036596 0.000000 0.002864 0.998937 0.046002 9.923500 0.036503 -0.046076 0.998271 -1.227300 0.000000 0.000000 0.000000 1.000000
0.999387 -0.013275 -0.032407 0.000000 0.014917 0.998589 0.050962 9.923500 0.031685 -0.051414 0.998175 -1.227300 0.000000 0.000000 0.000000 1.000000
0.999297 -0.024699 -0.028192 0.000000 0.026213 0.998161 0.054659 9.923500 0.026790 -0.055360 0.998107 -1.227300 0.000000 0.000000 0.000000 1.000000
0.999108 -0.033943 -0.025110 0.000000 0.035292 0.997839 0.055426 9.923500 0.023174 -0.056262 0.998147 -1.227300 0.000000 0.000000 0.000000 1.000000
0.998848 -0.042374 -0.022537 0.000000 0.043566 0.997518 0.055311 9.923500 0.020138 -0.056229 0.998215 -1.227300 0.000000 0.000000 0.000000 1.000000
0.998572 -0.048944 -0.021399 0.000000 0.050030 0.997310 0.053567 9.923500 0.018720 -0.054562 0.998335 -1.227300 0.000000 0.000000 0.000000 1.000000</float_array><technique_common><accessor source="#mixamorig_Spine-Matrix-animation-output-transform-array" count="27" stride="16"><param type="float4x4"/></accessor></technique_common></source><source id="mixamorig_Spine-Interpolations"><Name_array id="mixamorig_Spine-Interpolations-array" count="27">
 LINEAR LINEAR LINEAR LINEAR LINEAR LINEAR LINEAR LINEAR LINEAR LINEAR LINEAR
LINEAR LINEAR LINEAR LINEAR LINEAR LINEAR LINEAR LINEAR LINEAR LINEAR LINEAR LINEAR
LINEAR LINEAR LINEAR LINEAR</Name_array><technique_common><accessor source="#mixamorig_Spine-Interpolations-array" count="27"><param type="name"/></accessor></technique_common></source><sampler id="mixamorig_Spine-Matrix-animation-transform"><input semantic="INPUT" source="#mixamorig_Spine-Matrix-animation-input"/><input semantic="OUTPUT" source="#mixamorig_Spine-Matrix-animation-output-transform"/><input semantic="INTERPOLATION" source="#mixamorig_Spine-Interpolations"/></sampler><channel source="#mixamorig_Spine-Matrix-animation-transform" target="mixamorig_Spine/matrix"/><source id="mixamorig_Spine1-Matrix-animation-input"><float_array id="mixamorig_Spine1-Matrix-animation-input-array" count="27">

0.000000 0.033333 0.066667 0.100000 0.133333 0.166667 0.200000 0.233333 0.266667 0.300000 0.333333 0.366667 0.400000 0.433333 0.466667 0.500000
0.533333 0.566667 0.600000 0.633333 0.666667 0.700000 0.733333 0.766667 0.800000 0.833333 0.866667</float_array><technique_common><accessor source="#mixamorig_Spine1-Matrix-animation-input-array" count="27"><param name="TIME" type="float"/></accessor></technique_common></source><source id="mixamorig_Spine1-Matrix-animation-output-transform"><float_array id="mixamorig_Spine1-Matrix-animation-output-transform-array" count="432">

0.996695 -0.064974 -0.048764 -0.000100 0.066247 0.997491 0.024969 11.645400 0.047020 -0.028117 0.998498 -1.422300 0.000000 0.000000 0.000000 1.000000
0.996776 -0.066002 -0.045632 -0.000100 0.067189 0.997428 0.024974 11.645400 0.043866 -0.027960 0.998646 -1.422300 0.000000 0.000000 0.000000 1.000000
0.996907 -0.066207 -0.042339 -0.000100 0.067324 0.997405 0.025509 11.645400 0.040540 -0.028281 0.998778 -1.422300 0.000000 0.000000 0.000000 1.000000
0.997144 -0.064201 -0.039771 -0.000100 0.065354 0.997458 0.028408 11.645400 0.037846 -0.030926 0.998805 -1.422300 0.000000 0.000000 0.000000 1.000000
0.997544 -0.060893 -0.034609 -0.000100 0.061946 0.997623 0.030198 11.645400 0.032688 -0.032267 0.998945 -1.422300 0.000000 0.000000 0.000000 1.000000
0.998107 -0.056650 -0.023936 -0.000100 0.057315 0.997961 0.028079 11.645400 0.022296 -0.029398 0.999319 -1.422300 0.000000 0.000000 0.000000 1.000000
0.998593 -0.051851 -0.011148 -0.000100 0.052110 0.998343 0.024390 11.645400 0.009864 -0.024937 0.999640 -1.422300 0.000000 0.000000 0.000000 1.000000
0.998869 -0.047539 0.001048 -0.000100 0.047508 0.998661 0.020464 11.645400 -0.002020 -0.020391 0.999790 -1.422300 0.000000 0.000000 0.000000 1.000000
0.998922 -0.045028 0.011278 -0.000100 0.044839 0.998858 0.016512 11.645400 -0.012009 -0.015988 0.999800 -1.422300 0.000000 0.000000 0.000000 1.000000
0.998877 -0.042700 0.020514 -0.000100 0.042444 0.999017 0.012756 11.645400 -0.021039 -0.011871 0.999708 -1.422300 0.000000 0.000000 0.000000 1.000000
0.998892 -0.037733 0.028116 -0.000100 0.037439 0.999239 0.010921 11.645400 -0.028507 -0.009856 0.999545 -1.422300 0.000000 0.000000 0.000000 1.000000
0.999176 -0.027625 0.029719 -0.000100 0.027358 0.999582 0.009353 11.645400 -0.029965 -0.008533 0.999515 -1.422300 0.000000 0.000000 0.000000 1.000000
0.999528 -0.016494 0.025933 -0.000100 0.016291 0.999835 0.008035 11.645400 -0.026061 -0.007608 0.999631 -1.422300 0.000000 0.000000 0.000000 1.000000
0.999985 -0.005374 0.001308 -0.000100 0.005364 0.999954 0.007997 11.645400 -0.001351 -0.007990 0.999967 -1.422300 0.000000 0.000000 0.000000 1.000000
0.999444 -0.002354 -0.033262 -0.000100 0.002597 0.999970 0.007275 11.645400 0.033244 -0.007357 0.999420 -1.422300 0.000000 0.000000 0.000000 1.000000
0.997564 -0.009571 -0.069098 -0.000100 0.009940 0.999938 0.004996 11.645400 0.069045 -0.005670 0.997597 -1.422300 0.000000 0.000000 0.000000 1.000000
0.995210 -0.021316 -0.095407 -0.000100 0.021607 0.999765 0.002013 11.645400 0.095341 -0.004065 0.995436 -1.422300 0.000000 0.000000 0.000000 1.000000
0.993700 -0.029866 -0.108022 -0.000100 0.030084 0.999547 0.000381 11.645400 0.107961 -0.003629 0.994148 -1.422300 0.000000 0.000000 0.000000 1.000000
0.993391 -0.033306 -0.109842 -0.000100 0.033615 0.999434 0.000966 11.645400 0.109747 -0.004652 0.993949 -1.422300 0.000000 0.000000 0.000000 1.000000
0.993843 -0.036091 -0.104752 -0.000100 0.036636 0.999323 0.003282 11.645400 0.104563 -0.007099 0.994493 -1.422300 0.000000 0.000000 0.000000 1.000000
0.994571 -0.042534 -0.094974 -0.000100 0.043401 0.999033 0.007074 11.645400 0.094581 -0.011158 0.995455 -1.422300 0.000000 0.000000 0.000000 1.000000
0.995313 -0.050767 -0.082303 -0.000100 0.051995 0.998565 0.012843 11.645400 0.081533 -0.017063 0.996525 -1.422300 0.000000 0.000000 0.000000 1.000000
0.995857 -0.058462 -0.069656 -0.000100 0.059924 0.998020 0.019092 11.645400 0.068402 -0.023187 0.997388 -1.422300 0.000000 0.000000 0.000000 1.000000
0.996349 -0.061100 -0.059633 -0.000100 0.062673 0.997724 0.024880 11.645400 0.057977 -0.028526 0.997910 -1.422300 0.000000 0.000000 0.000000 1.000000
0.996701 -0.060463 -0.054150 -0.000100 0.062012 0.997699 0.027410 11.645400 0.052368 -0.030678 0.998157 -1.422300 0.000000 0.000000 0.000000 1.000000
0.996981 -0.059259 -0.050179 -0.000100 0.060754 0.997737 0.028799 11.645400 0.048359 -0.031761 0.998325 -1.422300 0.000000 0.000000 0.000000 1.000000
0.997071 -0.058501 -0.049269 -0.000100 0.059919 0.997816 0.027818 11.645400 0.047534 -0.030689 0.998398 -1.422300 0.000000 0.000000 0.000000 1.000000</float_array><technique_common><accessor source="#mixamorig_Spine1-Matrix-animation-output-transform-array" count="27" stride="16"><param type="float4x4"/></accessor></technique_common></source><source id="mixamorig_Spine1-Interpolations"><Name_array id="mixamorig_Spine1-Interpolations-array" count="27">
 LINEAR LINEAR LINEAR LINEAR LINEAR LINEAR LINEAR LINEAR LINEAR LINEAR LINEAR
LINEAR LINEAR LINEAR LINEAR LINEAR LINEAR LINEAR LINEAR LINEAR LINEAR LINEAR LINEAR
LINEAR LINEAR LINEAR LINEAR</Name_array><technique_common><accessor source="#mixamorig_Spine1-Interpolations-array" count="27"><param type="name"/></accessor></technique_common></source><sampler id="mixamorig_Spine1-Matrix-animation-transform"><input semantic="INPUT" source="#mixamorig_Spine1-Matrix-animation-input"/><input semantic="OUTPUT" source="#mixamorig_Spine1-Matrix-animation-output-transform"/><input semantic="INTERPOLATION" source="#mixamorig_Spine1-Interpolations"/></sampler><channel source="#mixamorig_Spine1-Matrix-animation-transform" target="mixamorig_Spine1/matrix"/><source id="mixamorig_Spine2-Matrix-animation-input"><float_array id="mixamorig_Spine2-Matrix-animation-input-array" count="27">

0.000000 0.033333 0.066667 0.100000 0.133333 0.166667 0.200000 0.233333 0.266667 0.300000 0.333333 0.366667 0.400000 0.433333 0.466667 0.500000
0.533333 0.566667 0.600000 0.633333 0.666667 0.700000 0.733333 0.766667 0.800000 0.833333 0.866667</float_array><technique_common><accessor source="#mixamorig_Spine2-Matrix-animation-input-array" count="27"><param name="TIME" type="float"/></accessor></technique_common></source><source id="mixamorig_Spine2-Matrix-animation-output-transform"><float_array id="mixamorig_Spine2-Matrix-animation-output-transform-array" count="432">

0.996709 -0.067454 -0.044950 0.000100 0.068732 0.997255 0.027526 13.360200 0.042970 -0.030525 0.998610 -1.626500 0.000000 0.000000 0.000000 1.000000
0.996794 -0.068279 -0.041715 0.000100 0.069467 0.997199 0.027711 13.360200 0.039706 -0.030520 0.998745 -1.626500 0.000000 0.000000 0.000000 1.000000
0.996932 -0.068216 -0.038387 0.000100 0.069327 0.997190 0.028391 13.360200 0.036342 -0.030965 0.998860 -1.626500 0.000000 0.000000 0.000000 1.000000
0.997187 -0.065764 -0.035970 0.000100 0.066899 0.997268 0.031307 13.360200 0.033813 -0.033626 0.998862 -1.626500 0.000000 0.000000 0.000000 1.000000
0.997599 -0.061901 -0.031043 0.000100 0.062924 0.997468 0.033133 13.360200 0.028913 -0.035007 0.998969 -1.626500 0.000000 0.000000 0.000000 1.000000
0.998156 -0.057089 -0.020607 0.000100 0.057714 0.997848 0.031115 13.360200 0.018786 -0.032247 0.999303 -1.626500 0.000000 0.000000 0.000000 1.000000
0.998631 -0.051689 -0.008077 0.000100 0.051893 0.998272 0.027561 13.360200 0.006639 -0.027942 0.999587 -1.626500 0.000000 0.000000 0.000000 1.000000
0.998904 -0.046648 0.003826 0.000100 0.046543 0.998629 0.023945 13.360200 -0.004938 -0.023740 0.999706 -1.626500 0.000000 0.000000 0.000000 1.000000
0.998981 -0.043004 0.013700 0.000100 0.042713 0.998870 0.020818 13.360200 -0.014579 -0.020211 0.999689 -1.626500 0.000000 0.000000 0.000000 1.000000
0.998962 -0.039594 0.022525 0.000100 0.039194 0.999071 0.017930 13.360200 -0.023214 -0.017028 0.999585 -1.626500 0.000000 0.000000 0.000000 1.000000
0.998961 -0.034617 0.029641 0.000100 0.034152 0.999288 0.016047 13.360200 -0.030176 -0.015018 0.999432 -1.626500 0.000000 0.000000 0.000000 1.000000
0.999150 -0.027586 0.030644 0.000100 0.027192 0.999543 0.013201 13.360200 -0.030994 -0.012356 0.999443 -1.626500 0.000000 0.000000 0.000000 1.000000
0.999448 -0.020368 0.026261 0.000100 0.020104 0.999745 0.010315 13.360200 -0.026464 -0.009781 0.999602 -1.626500 0.000000 0.000000 0.000000 1.000000
0.999897 -0.014302 0.001204 0.000100 0.014291 0.999863 0.008302 13.360200 -0.001323 -0.008283 0.999965 -1.626500 0.000000 0.000000 0.000000 1.000000
0.999350 -0.013812 -0.033297 0.000100 0.014035 0.999880 0.006485 13.360200 0.033204 -0.006948 0.999424 -1.626500 0.000000 0.000000 0.000000 1.000000
0.997452 -0.019935 -0.068506 0.000100 0.020281 0.999785 0.004367 13.360200 0.068404 -0.005745 0.997641 -1.626500 0.000000 0.000000 0.000000 1.000000
0.995167 -0.028331 -0.094017 0.000100 0.028669 0.999586 0.002242 13.360200 0.093914 -0.004927 0.995568 -1.626500 0.000000 0.000000 0.000000 1.000000
0.993747 -0.034603 -0.106156 0.000100 0.034902 0.999390 0.000968 13.360200 0.106057 -0.004667 0.994349 -1.626500 0.000000 0.000000 0.000000 1.000000
0.993437 -0.037977 -0.107889 0.000100 0.038316 0.999265 0.001068 13.360200 0.107769 -0.005195 0.994162 -1.626500 0.000000 0.000000 0.000000 1.000000
0.993839 -0.041527 -0.102762 0.000100 0.042036 0.999112 0.002790 13.360200 0.102555 -0.007093 0.994702 -1.626500 0.000000 0.000000 0.000000 1.000000
0.994535 -0.048057 -0.092682 0.000100 0.048872 0.998784 0.006543 13.360200 0.092255 -0.011036 0.995674 -1.626500 0.000000 0.000000 0.000000 1.000000
0.995281 -0.055577 -0.079538 0.000100 0.056771 0.998305 0.012826 13.360200 0.078690 -0.017281 0.996749 -1.626500 0.000000 0.000000 0.000000 1.000000
0.995834 -0.062446 -0.066441 0.000100 0.063879 0.997764 0.019671 13.360200 0.065065 -0.023833 0.997596 -1.626500 0.000000 0.000000 0.000000 1.000000
0.996335 -0.064426 -0.056270 0.000100 0.065967 0.997484 0.025969 13.360200 0.054455 -0.029585 0.998078 -1.626500 0.000000 0.000000 0.000000 1.000000
0.996703 -0.063220 -0.050858 0.000100 0.064745 0.997483 0.028915 13.360200 0.048902 -0.032112 0.998287 -1.626500 0.000000 0.000000 0.000000 1.000000
0.996999 -0.061518 -0.046999 0.000100 0.062998 0.997542 0.030670 13.360200 0.044997 -0.033539 0.998424 -1.626500 0.000000 0.000000 0.000000 1.000000
0.997098 -0.060515 -0.046195 0.000100 0.061934 0.997632 0.029920 13.360200 0.044275 -0.032694 0.998484 -1.626500 0.000000 0.000000 0.000000 1.000000</float_array><technique_common><accessor source="#mixamorig_Spine2-Matrix-animation-output-transform-array" count="27" stride="16"><param type="float4x4"/></accessor></technique_common></source><source id="mixamorig_Spine2-Interpolations"><Name_array id="mixamorig_Spine2-Interpolations-array" count="27">
 LINEAR LINEAR LINEAR LINEAR LINEAR LINEAR LINEAR LINEAR LINEAR LINEAR LINEAR
LINEAR LINEAR LINEAR LINEAR LINEAR LINEAR LINEAR LINEAR LINEAR LINEAR LINEAR LINEAR
LINEAR LINEAR LINEAR LINEAR</Name_array><technique_common><accessor source="#mixamorig_Spine2-Interpolations-array" count="27"><param type="name"/></accessor></technique_common></source><sampler id="mixamorig_Spine2-Matrix-animation-transform"><input semantic="INPUT" source="#mixamorig_Spine2-Matrix-animation-input"/><input semantic="OUTPUT" source="#mixamorig_Spine2-Matrix-animation-output-transform"/><input semantic="INTERPOLATION" source="#mixamorig_Spine2-Interpolations"/></sampler><channel source="#mixamorig_Spine2-Matrix-animation-transform" target="mixamorig_Spine2/matrix"/><source id="mixamorig_Neck-Matrix-animation-input"><float_array id="mixamorig_Neck-Matrix-animation-input-array" count="27">

0.000000 0.033333 0.066667 0.100000 0.133333 0.166667 0.200000 0.233333 0.266667 0.300000 0.333333 0.366667 0.400000 0.433333 0.466667 0.500000
0.533333 0.566667 0.600000 0.633333 0.666667 0.700000 0.733333 0.766667 0.800000 0.833333 0.866667</float_array><technique_common><accessor source="#mixamorig_Neck-Matrix-animation-input-array" count="27"><param name="TIME" type="float"/></accessor></technique_common></source><source id="mixamorig_Neck-Matrix-animation-output-transform"><float_array id="mixamorig_Neck-Matrix-animation-output-transform-array" count="432">

0.995723 0.092368 -0.002054 0.000000 -0.091049 0.977247 -0.191568 15.032500 -0.015688 0.190936 0.981477 0.792900 0.000000 0.000000 0.000000 1.000000
0.995402 0.095749 -0.002821 0.000000 -0.094548 0.977339 -0.189391 15.032500 -0.015377 0.188787 0.981898 0.792900 0.000000 0.000000 0.000000 1.000000
0.995091 0.098891 -0.003850 0.000000 -0.097862 0.977453 -0.187104 15.032500 -0.014740 0.186563 0.982332 0.792900 0.000000 0.000000 0.000000 1.000000
0.994890 0.100805 -0.005666 0.000000 -0.100110 0.977642 -0.184918 15.032500 -0.013101 0.184541 0.982738 0.792900 0.000000 0.000000 0.000000 1.000000
0.994597 0.103513 -0.007798 0.000000 -0.103202 0.977911 -0.181765 15.032500 -0.011189 0.181588 0.983311 0.792900 0.000000 0.000000 0.000000 1.000000
0.993992 0.108942 -0.010576 0.000000 -0.109097 0.978319 -0.176041 15.032500 -0.008832 0.176138 0.984326 0.792900 0.000000 0.000000 0.000000 1.000000
0.993239 0.115319 -0.013311 -0.000000 -0.115901 0.978687 -0.169523 15.032500 -0.006521 0.169919 0.985436 0.792900 0.000000 0.000000 0.000000 1.000000
0.992575 0.120845 -0.013855 0.000000 -0.121469 0.978770 -0.165089 15.032500 -0.006390 0.165546 0.986181 0.792900 0.000000 0.000000 0.000000 1.000000
0.992207 0.124234 -0.009574 -0.000000 -0.124097 0.978350 -0.165621 15.032500 -0.011209 0.165518 0.986143 0.792900 0.000000 0.000000 0.000000 1.000000
0.992041 0.125900 -0.001896 0.000000 -0.124390 0.977592 -0.169827 15.032500 -0.019528 0.168712 0.985472 0.792900 0.000000 0.000000 0.000000 1.000000
0.992225 0.124029 0.010340 0.000000 -0.120170 0.976339 -0.179781 15.032500 -0.032393 0.177141 0.983652 0.792900 0.000000 0.000000 0.000000 1.000000
0.992681 0.118615 0.022690 -0.000000 -0.111966 0.974366 -0.195126 15.032500 -0.045253 0.191157 0.980516 0.792900 0.000000 0.000000 0.000000 1.000000
0.993106 0.112283 0.033648 0.000000 -0.102733 0.971989 -0.211383 15.032500 -0.056440 0.206470 0.976824 0.792900 0.000000 0.000000 0.000000 1.000000
0.993956 0.103404 0.036868 -0.000000 -0.092391 0.969318 -0.227788 15.032500 -0.059291 0.223005 0.973013 0.792900 0.000000 0.000000 0.000000 1.000000
0.994793 0.096123 0.033857 -0.000000 -0.085478 0.967894 -0.236379 15.032500 -0.055492 0.232254 0.971071 0.792900 0.000000 0.000000 0.000000 1.000000
0.995444 0.091129 0.028061 0.000000 -0.082028 0.968469 -0.235242 15.032500 -0.048614 0.231868 0.971532 0.792900 0.000000 0.000000 0.000000 1.000000
0.995789 0.088705 0.023127 -0.000000 -0.081184 0.970522 -0.226929 15.032500 -0.042575 0.224096 0.973637 0.792900 0.000000 0.000000 0.000000 1.000000
0.995905 0.087921 0.021064 0.000000 -0.081294 0.972803 -0.216901 15.032500 -0.039561 0.214300 0.975966 0.792900 0.000000 0.000000 0.000000 1.000000
0.996005 0.086907 0.020500 0.000000 -0.080730 0.974549 -0.209132 15.032500 -0.038153 0.206642 0.977672 0.792900 0.000000 0.000000 0.000000 1.000000
0.996262 0.084392 0.018428 0.000000 -0.078856 0.975626 -0.204781 15.032500 -0.035261 0.202562 0.978634 0.792900 0.000000 0.000000 0.000000 1.000000
0.996680 0.080262 0.013658 0.000000 -0.075820 0.976140 -0.203475 15.032500 -0.029664 0.201764 0.978985 0.792900 0.000000 0.000000 0.000000 1.000000
0.997143 0.075125 0.007845 0.000000 -0.071930 0.976129 -0.204935 15.032500 -0.023053 0.203785 0.978744 0.792900 0.000000 0.000000 0.000000 1.000000
0.997528 0.070241 0.002208 0.000000 -0.068262 0.975935 -0.207101 15.032500 -0.016702 0.206438 0.978317 0.792900 0.000000 0.000000 0.000000 1.000000
0.997701 0.067752 -0.001593 0.000000 -0.066577 0.975465 -0.209845 15.032500 -0.012664 0.209469 0.977733 0.792900 0.000000 0.000000 0.000000 1.000000
0.997576 0.069491 -0.003674 0.000000 -0.068701 0.975069 -0.210999 15.032500 -0.011080 0.210740 0.977479 0.792900 0.000000 0.000000 0.000000 1.000000
0.997372 0.072265 -0.005156 0.000000 -0.071719 0.974752 -0.211457 15.032500 -0.010256 0.211271 0.977374 0.792900 0.000000 0.000000 0.000000 1.000000
0.997095 0.075984 -0.005324 0.000000 -0.075404 0.974773 -0.210075 15.032500 -0.010773 0.209866 0.977671 0.792900 0.000000 0.000000 0.000000 1.000000</float_array><technique_common><accessor source="#mixamorig_Neck-Matrix-animation-output-transform-array" count="27" stride="16"><param type="float4x4"/></accessor></technique_common></source><source id="mixamorig_Neck-Interpolations"><Name_array id="mixamorig_Neck-Interpolations-array" count="27">
 LINEAR LINEAR LINEAR LINEAR LINEAR LINEAR LINEAR LINEAR LINEAR LINEAR LINEAR
LINEAR LINEAR LINEAR LINEAR LINEAR LINEAR LINEAR LINEAR LINEAR LINEAR LINEAR LINEAR
LINEAR LINEAR LINEAR LINEAR</Name_array><technique_common><accessor source="#mixamorig_Neck-Interpolations-array" count="27"><param type="name"/></accessor></technique_common></source><sampler id="mixamorig_Neck-Matrix-animation-transform"><input semantic="INPUT" source="#mixamorig_Neck-Matrix-animation-input"/><input semantic="OUTPUT" source="#mixamorig_Neck-Matrix-animation-output-transform"/><input semantic="INTERPOLATION" source="#mixamorig_Neck-Interpolations"/></sampler><channel source="#mixamorig_Neck-Matrix-animation-transform" target="mixamorig_Neck/matrix"/><source id="mixamorig_Head-Matrix-animation-input"><float_array id="mixamorig_Head-Matrix-animation-input-array" count="27">

0.000000 0.033333 0.066667 0.100000 0.133333 0.166667 0.200000 0.233333 0.266667 0.300000 0.333333 0.366667 0.400000 0.433333 0.466667 0.500000
0.533333 0.566667 0.600000 0.633333 0.666667 0.700000 0.733333 0.766667 0.800000 0.833333 0.866667</float_array><technique_common><accessor source="#mixamorig_Head-Matrix-animation-input-array" count="27"><param name="TIME" type="float"/></accessor></technique_common></source><source id="mixamorig_Head-Matrix-animation-output-transform"><float_array id="mixamorig_Head-Matrix-animation-output-transform-array" count="432">

0.998213 0.059742 -0.000903 -0.000000 -0.059151 0.990255 0.126082 10.321800 0.008427 -0.125804 0.992019 3.142400 0.000000 0.000000 0.000000 1.000000
0.998960 0.043224 -0.014499 0.000000 -0.040748 0.989130 0.141285 10.321800 0.020448 -0.140547 0.989863 3.142400 0.000000 0.000000 0.000000 1.000000
0.999146 0.026744 -0.031488 0.000000 -0.021629 0.988011 0.152860 10.321800 0.035198 -0.152048 0.987746 3.142400 0.000000 0.000000 0.000000 1.000000
0.998188 0.010826 -0.059192 -0.000000 -0.001529 0.987928 0.154905 10.321800 0.060154 -0.154534 0.986154 3.142400 0.000000 0.000000 0.000000 1.000000
0.996255 -0.008461 -0.086047 0.000000 0.021454 0.988267 0.151224 10.321800 0.083758 -0.152504 0.984747 3.142400 0.000000 0.000000 0.000000 1.000000
0.993296 -0.039182 -0.108754 0.000000 0.054614 0.988249 0.142764 10.321800 0.101882 -0.147747 0.983764 3.142400 0.000000 0.000000 0.000000 1.000000
0.989155 -0.072713 -0.127617 0.000000 0.089586 0.987208 0.131888 10.321800 0.116394 -0.141890 0.983016 3.142400 0.000000 0.000000 0.000000 1.000000
0.987376 -0.091122 -0.129562 0.000000 0.107823 0.985851 0.128346 10.321800 0.116034 -0.140696 0.983230 3.142400 0.000000 0.000000 0.000000 1.000000
0.992647 -0.074808 -0.095160 -0.000000 0.088030 0.985751 0.143337 10.321800 0.083081 -0.150660 0.985088 3.142400 0.000000 0.000000 0.000000 1.000000
0.998877 -0.034970 -0.031981 0.000000 0.039817 0.985278 0.166259 10.321800 0.025696 -0.167345 0.985563 3.142400 0.000000 0.000000 0.000000 1.000000
0.996658 0.036739 0.072961 0.000000 -0.049858 0.981086 0.187040 10.321800 -0.064709 -0.190052 0.979639 3.142400 0.000000 0.000000 0.000000 1.000000
0.978481 0.097454 0.181871 0.000000 -0.132401 0.972585 0.191178 10.321800 -0.158254 -0.211144 0.964559 3.142400 0.000000 0.000000 0.000000 1.000000
0.949834 0.145754 0.276716 0.000000 -0.199854 0.963422 0.178542 10.321800 -0.240571 -0.224888 0.944220 3.142400 0.000000 0.000000 0.000000 1.000000
0.938269 0.161655 0.305809 -0.000000 -0.217179 0.963413 0.157065 10.321800 -0.269230 -0.213785 0.939048 3.142400 0.000000 0.000000 0.000000 1.000000
0.944520 0.164488 0.284299 0.000000 -0.210956 0.967238 0.141235 10.321800 -0.251753 -0.193374 0.948276 3.142400 0.000000 0.000000 0.000000 1.000000
0.956113 0.164318 0.242585 0.000000 -0.201067 0.970188 0.135306 10.321800 -0.213119 -0.178144 0.960648 3.142400 0.000000 0.000000 0.000000 1.000000
0.963318 0.166621 0.210373 -0.000000 -0.198736 0.969712 0.141994 10.321800 -0.180342 -0.178594 0.967254 3.142400 0.000000 0.000000 0.000000 1.000000
0.964468 0.171134 0.201281 -0.000000 -0.205099 0.965224 0.162102 10.321800 -0.166540 -0.197625 0.966027 3.142400 0.000000 0.000000 0.000000 1.000000
0.962545 0.177055 0.205324 -0.000000 -0.216612 0.957659 0.189653 10.321800 -0.163051 -0.227025 0.960143 3.142400 0.000000 0.000000 0.000000 1.000000
0.961161 0.186900 0.203070 0.000000 -0.229380 0.950147 0.211201 10.321800 -0.153473 -0.249579 0.956115 3.142400 0.000000 0.000000 0.000000 1.000000
0.962313 0.200021 0.184245 0.000000 -0.237887 0.947444 0.213914 10.321800 -0.131774 -0.249682 0.959320 3.142400 0.000000 0.000000 0.000000 1.000000
0.967448 0.203928 0.149857 0.000000 -0.231028 0.953394 0.194076 10.321800 -0.103296 -0.222379 0.969473 3.142400 0.000000 0.000000 0.000000 1.000000
0.973246 0.200610 0.112017 0.000000 -0.217614 0.961254 0.169217 10.321800 -0.073730 -0.189066 0.979192 3.142400 0.000000 0.000000 0.000000 1.000000
0.981150 0.178627 0.073732 -0.000000 -0.187734 0.971537 0.144473 10.321800 -0.045826 -0.155591 0.986758 3.142400 0.000000 0.000000 0.000000 1.000000
0.986798 0.155546 0.045119 0.000000 -0.160136 0.978742 0.128146 10.321800 -0.024227 -0.133679 0.990728 3.142400 0.000000 0.000000 0.000000 1.000000
0.990707 0.134259 0.021776 0.000000 -0.135871 0.984224 0.113321 10.321800 -0.006218 -0.115227 0.993320 3.142400 0.000000 0.000000 0.000000 1.000000
0.991950 0.125971 0.012887 0.000000 -0.126628 0.986695 0.101972 10.321800 0.000130 -0.102783 0.994704 3.142400 0.000000 0.000000 0.000000 1.000000</float_array><technique_common><accessor source="#mixamorig_Head-Matrix-animation-output-transform-array" count="27" stride="16"><param type="float4x4"/></accessor></technique_common></source><source id="mixamorig_Head-Interpolations"><Name_array id="mixamorig_Head-Interpolations-array" count="27">
 LINEAR LINEAR LINEAR LINEAR LINEAR LINEAR LINEAR LINEAR LINEAR LINEAR LINEAR
LINEAR LINEAR LINEAR LINEAR LINEAR LINEAR LINEAR LINEAR LINEAR LINEAR LINEAR LINEAR
LINEAR LINEAR LINEAR LINEAR</Name_array><technique_common><accessor source="#mixamorig_Head-Interpolations-array" count="27"><param type="name"/></accessor></technique_common></source><sampler id="mixamorig_Head-Matrix-animation-transform"><input semantic="INPUT" source="#mixamorig_Head-Matrix-animation-input"/><input semantic="OUTPUT" source="#mixamorig_Head-Matrix-animation-output-transform"/><input semantic="INTERPOLATION" source="#mixamorig_Head-Interpolations"/></sampler><channel source="#mixamorig_Head-Matrix-animation-transform" target="mixamorig_Head/matrix"/><source id="mixamorig_LeftShoulder-Matrix-animation-input"><float_array id="mixamorig_LeftShoulder-Matrix-animation-input-array" count="27">

0.000000 0.033333 0.066667 0.100000 0.133333 0.166667 0.200000 0.233333 0.266667 0.300000 0.333333 0.366667 0.400000 0.433333 0.466667 0.500000
0.533333 0.566667 0.600000 0.633333 0.666667 0.700000 0.733333 0.766667 0.800000 0.833333 0.866667</float_array><technique_common><accessor source="#mixamorig_LeftShoulder-Matrix-animation-input-array" count="27"><param name="TIME" type="float"/></accessor></technique_common></source><source id="mixamorig_LeftShoulder-Matrix-animation-output-transform"><float_array id="mixamorig_LeftShoulder-Matrix-animation-output-transform-array" count="432">

0.979134 0.143033 -0.144353 6.105800 -0.146566 0.989100 -0.014089 9.110400 0.140764 0.034952 0.989426 0.705600 0.000000 0.000000 0.000000 1.000000
0.973374 0.136994 -0.183782 6.105800 -0.141937 0.989777 -0.013954 9.110400 0.179991 0.039668 0.982868 0.705600 0.000000 0.000000 0.000000 1.000000
0.967663 0.129658 -0.216374 6.105800 -0.135846 0.990632 -0.013911 9.110400 0.212544 0.042854 0.976211 0.705600 0.000000 0.000000 0.000000 1.000000
0.965066 0.118487 -0.233685 6.105800 -0.125098 0.992051 -0.013620 9.110400 0.230214 0.042378 0.972217 0.705600 0.000000 0.000000 0.000000 1.000000
0.965799 0.108337 -0.235574 6.105800 -0.114551 0.993335 -0.012816 9.110400 0.232615 0.039363 0.971772 0.705600 0.000000 0.000000 0.000000 1.000000
0.967791 0.101381 -0.230438 6.105800 -0.106953 0.994194 -0.011783 9.110400 0.227906 0.036049 0.973016 0.705600 0.000000 0.000000 0.000000 1.000000
0.971355 0.096004 -0.217376 6.105800 -0.100590 0.994877 -0.010104 9.110400 0.215292 0.031680 0.976036 0.705600 0.000000 0.000000 0.000000 1.000000
0.980031 0.094357 -0.175029 6.105800 -0.096803 0.995289 -0.005472 9.110400 0.173688 0.022306 0.984548 0.705600 0.000000 0.000000 0.000000 1.000000
0.992732 0.101870 -0.064075 6.105800 -0.101658 0.994798 0.006569 9.110400 0.064411 -0.000007 0.997923 0.705600 0.000000 0.000000 0.000000 1.000000
0.991121 0.098823 0.088953 6.105800 -0.100921 0.994706 0.019386 9.110400 -0.086566 -0.028191 0.995847 0.705600 0.000000 0.000000 0.000000 1.000000
0.963312 0.049745 0.263732 6.105800 -0.061291 0.997480 0.035728 9.110400 -0.261290 -0.050582 0.963934 0.705600 0.000000 0.000000 0.000000 1.000000
0.935043 -0.057461 0.349846 6.105800 0.040905 0.997674 0.054537 9.110400 -0.352166 -0.036684 0.935218 0.705600 0.000000 0.000000 0.000000 1.000000
0.907315 -0.173676 0.382906 6.105800 0.153031 0.984645 0.083994 9.110400 -0.391614 -0.017612 0.919961 0.705600 0.000000 0.000000 0.000000 1.000000
0.922265 -0.297700 0.246579 6.105800 0.287018 0.954657 0.079060 9.110400 -0.258935 -0.002142 0.965892 0.705600 0.000000 0.000000 0.000000 1.000000
0.930781 -0.364070 0.033170 6.105800 0.362685 0.930998 0.041256 9.110400 -0.045901 -0.026370 0.998598 0.705600 0.000000 0.000000 0.000000 1.000000
0.917738 -0.356459 -0.175197 6.105800 0.362008 0.932175 -0.000308 9.110400 0.163424 -0.063140 0.984533 0.705600 0.000000 0.000000 0.000000 1.000000
0.902128 -0.303458 -0.306721 6.105800 0.312470 0.949705 -0.020564 9.110400 0.297535 -0.077290 0.951577 0.705600 0.000000 0.000000 0.000000 1.000000
0.908436 -0.243713 -0.339629 6.105800 0.251021 0.967709 -0.022986 9.110400 0.334264 -0.064373 0.940279 0.705600 0.000000 0.000000 0.000000 1.000000
0.935933 -0.188976 -0.297183 6.105800 0.192506 0.981137 -0.017629 9.110400 0.294909 -0.040710 0.954658 0.705600 0.000000 0.000000 0.000000 1.000000
0.967433 -0.131659 -0.216195 6.105800 0.133180 0.991063 -0.007585 9.110400 0.215261 -0.021455 0.976321 0.705600 0.000000 0.000000 0.000000 1.000000
0.989364 -0.067533 -0.128832 6.105800 0.068451 0.997651 0.002707 9.110400 0.128346 -0.011497 0.991663 0.705600 0.000000 0.000000 0.000000 1.000000
0.997940 -0.006668 -0.063802 6.105800 0.007171 0.999945 0.007664 9.110400 0.063747 -0.008106 0.997933 0.705600 0.000000 0.000000 0.000000 1.000000
0.998690 0.050205 -0.009918 6.105800 -0.050144 0.998722 0.006336 9.110400 0.010223 -0.005831 0.999931 0.705600 0.000000 0.000000 0.000000 1.000000
0.995843 0.090518 0.010155 6.105800 -0.090539 0.995892 0.001619 9.110400 -0.009967 -0.002532 0.999947 0.705600 0.000000 0.000000 0.000000 1.000000
0.992612 0.120875 0.010545 6.105800 -0.120841 0.992665 -0.003730 9.110400 -0.010919 0.002428 0.999937 0.705600 0.000000 0.000000 0.000000 1.000000
0.989081 0.147198 0.007203 6.105800 -0.147137 0.989080 -0.008479 9.110400 -0.008373 0.007327 0.999938 0.705600 0.000000 0.000000 0.000000 1.000000
