<?xml version="1.0" encoding="utf-8"?>
<COLLADA xmlns="http://www.collada.org/2005/11/COLLADASchema" version="1.4.1">
  <asset>
    <contributor>
      <author>Mixamo</author>
      <authoring_tool>COLLADA Mixamo exporter</authoring_tool>
      <comments/>
    </contributor>
    <created>2018-01-13T00:35:19Z</created>
    <modified>2018-01-13T00:35:19Z</modified>
    <revision/>
    <title/>
    <unit meter="0.010000"/>
    <up_axis>Y_UP</up_axis>
  </asset>
  <library_animations>
    <animation>
      <source id="mixamorig_Hips-Matrix-animation-input">
        <float_array id="mixamorig_Hips-Matrix-animation-input-array" count="36">

0.000000 0.033333 0.066667 0.100000 0.133333 0.166667 0.200000 0.233333 0.266667 0.300000 0.333333 0.366667 0.400000 0.433333 0.466667 0.500000
0.533333 0.566667 0.600000 0.633333 0.666667 0.700000 0.733333 0.766667 0.800000 0.833333 0.866667 0.900000 0.933333 0.966667 1.000000 1.033333
1.066667 1.100000 1.133333 1.166667</float_array>
        <technique_common>
          <accessor source="#mixamorig_Hips-Matrix-animation-input-array" count="36">
            <param name="TIME" type="float"/>
          </accessor>
        </technique_common>
      </source>
      <source id="mixamorig_Hips-Matrix-animation-output-transform">
        <float_array id="mixamorig_Hips-Matrix-animation-output-transform-array" count="576">

0.912987 -0.022108 -0.407390 0.056354 -0.022647 0.994245 -0.104708 91.254280 0.407360 0.104824 0.907232 -0.459847 0.000000 0.000000 0.000000 1.000000
0.935508 -0.014184 -0.353020 -0.086076 -0.026817 0.993460 -0.110983 91.094620 0.352286 0.113292 0.929010 -0.828749 0.000000 0.000000 0.000000 1.000000
0.952406 -0.006375 -0.304766 -0.320550 -0.031052 0.992552 -0.117801 90.955872 0.303247 0.121658 0.945114 -0.993310 0.000000 0.000000 0.000000 1.000000
0.965383 0.001307 -0.260834 -0.564345 -0.034947 0.991619 -0.124378 90.764755 0.258485 0.129188 0.957338 -1.009041 0.000000 0.000000 0.000000 1.000000
0.975198 0.006334 -0.221242 -0.750856 -0.036018 0.990807 -0.130397 90.554642 0.218382 0.135132 0.966462 -0.967489 0.000000 0.000000 0.000000 1.000000
0.984258 0.010884 -0.176400 -0.997532 -0.035459 0.989969 -0.136765 90.307129 0.173142 0.140867 0.974771 -0.947564 0.000000 0.000000 0.000000 1.000000
0.992103 0.016575 -0.124329 -1.350598 -0.034370 0.989214 -0.142388 90.045349 0.120628 0.145537 0.981971 -0.923153 0.000000 0.000000 0.000000 1.000000
0.996880 0.021503 -0.075943 -1.758209 -0.032404 0.988846 -0.145371 89.773987 0.071970 0.147378 0.986458 -0.863304 0.000000 0.000000 0.000000 1.000000
0.998722 0.023820 -0.044567 -2.141100 -0.030085 0.988878 -0.145652 89.518364 0.040602 0.146806 0.988332 -0.707806 0.000000 0.000000 0.000000 1.000000
0.998534 0.020617 -0.050042 -2.410665 -0.027632 0.989219 -0.143812 89.302048 0.046538 0.144984 0.988339 -0.392737 0.000000 0.000000 0.000000 1.000000
0.994367 0.010225 -0.105499 -2.505278 -0.025058 0.989800 -0.140246 89.159035 0.102989 0.142099 0.984480 0.117806 0.000000 0.000000 0.000000 1.000000
0.975590 -0.006516 -0.219504 -2.385440 -0.023530 0.990703 -0.133989 89.144646 0.218337 0.135883 0.966367 0.866228 0.000000 0.000000 0.000000 1.000000
0.923745 -0.024513 -0.382224 -2.078439 -0.024756 0.992042 -0.123451 89.298485 0.382208 0.123500 0.915786 1.858934 0.000000 0.000000 0.000000 1.000000
0.824838 -0.036640 -0.564181 -1.654852 -0.027917 0.994041 -0.105372 89.655319 0.564680 0.102665 0.818899 2.924923 0.000000 0.000000 0.000000 1.000000
0.666597 -0.041998 -0.744234 -1.118972 -0.025620 0.996531 -0.079183 90.065262 0.744978 0.071850 0.663209 4.095148 0.000000 0.000000 0.000000 1.000000
0.462628 -0.040776 -0.885614 -0.464117 -0.014059 0.998479 -0.053317 90.289505 0.886441 0.037116 0.461351 5.308777 0.000000 0.000000 0.000000 1.000000
0.276167 -0.029978 -0.960642 0.273336 -0.005112 0.999453 -0.032659 90.183487 0.961096 0.013930 0.275863 6.286903 0.000000 0.000000 0.000000 1.000000
0.192598 -0.016750 -0.981135 1.099250 -0.009082 0.999781 -0.018851 89.970596 0.981236 0.012542 0.192404 6.590017 0.000000 0.000000 0.000000 1.000000
0.140915 -0.005900 -0.990004 1.939900 -0.012432 0.999893 -0.007728 89.776581 0.989944 0.013397 0.140826 6.729331 0.000000 0.000000 0.000000 1.000000
0.140933 -0.004448 -0.990009 2.765766 -0.021256 0.999746 -0.007518 89.783829 0.989791 0.022103 0.140803 6.724654 0.000000 0.000000 0.000000 1.000000
0.150907 -0.017155 -0.988399 3.206882 -0.018802 0.999619 -0.020220 89.954971 0.988369 0.021635 0.150527 6.660274 0.000000 0.000000 0.000000 1.000000
0.161451 -0.031909 -0.986365 3.603057 -0.013876 0.999305 -0.034599 90.149017 0.986783 0.019272 0.160896 6.596758 0.000000 0.000000 0.000000 1.000000
0.174303 -0.047553 -0.983543 3.953109 -0.007503 0.998740 -0.049618 90.352791 0.984664 0.016028 0.173726 6.505369 0.000000 0.000000 0.000000 1.000000
0.191327 -0.062912 -0.979508 4.255856 -0.000726 0.997934 -0.064237 90.553131 0.981526 0.013001 0.190886 6.357370 0.000000 0.000000 0.000000 1.000000
0.241130 -0.077973 -0.967355 4.159265 0.005883 0.996866 -0.078885 90.755005 0.970475 0.013331 0.240833 5.795232 0.000000 0.000000 0.000000 1.000000
0.324571 -0.085768 -0.941965 3.880016 0.008915 0.996114 -0.087626 91.023651 0.945819 0.020043 0.324074 5.060093 0.000000 0.000000 0.000000 1.000000
0.414471 -0.089931 -0.905608 3.541500 0.010064 0.995498 -0.094251 91.306648 0.910007 0.029950 0.413510 4.299516 0.000000 0.000000 0.000000 1.000000
0.511450 -0.086959 -0.854902 3.089314 0.007655 0.995288 -0.096659 91.594681 0.859279 0.042892 0.509706 3.584752 0.000000 0.000000 0.000000 1.000000
0.596014 -0.080506 -0.798928 2.587889 0.003450 0.995209 -0.097711 91.809570 0.802966 0.055481 0.593436 2.970460 0.000000 0.000000 0.000000 1.000000
0.662993 -0.073345 -0.745024 2.082741 0.000141 0.995201 -0.097849 91.915550 0.748625 0.064768 0.659822 2.442971 0.000000 0.000000 0.000000 1.000000
0.715995 -0.067280 -0.694855 1.626608 -0.000681 0.995277 -0.097071 91.928360 0.698105 0.069976 0.712568 1.931478 0.000000 0.000000 0.000000 1.000000
0.762477 -0.062053 -0.644033 1.231252 -0.000252 0.995362 -0.096202 91.870483 0.647016 0.073514 0.758924 1.371165 0.000000 0.000000 0.000000 1.000000
0.808928 -0.054823 -0.585346 0.859527 -0.002504 0.995312 -0.096680 91.757736 0.587902 0.079673 0.804999 0.750135 0.000000 0.000000 0.000000 1.000000
0.851635 -0.044127 -0.522274 0.527919 -0.008992 0.995073 -0.098736 91.598206 0.524057 0.088783 0.847043 0.219087 0.000000 0.000000 0.000000 1.000000
0.885222 -0.032902 -0.464003 0.278588 -0.016077 0.994736 -0.101207 91.421600 0.464890 0.097050 0.880033 -0.154011 0.000000 0.000000 0.000000 1.000000
0.912987 -0.022108 -0.407390 0.056346 -0.022647 0.994245 -0.104708 91.254280 0.407360 0.104823 0.907232 -0.459855 0.000000 0.000000 0.000000 1.000000</float_array>
        <technique_common>
          <accessor source="#mixamorig_Hips-Matrix-animation-output-transform-array" count="36" stride="16">
            <param type="float4x4"/>
          </accessor>
        </technique_common>
      </source>
      <source id="mixamorig_Hips-Interpolations">
        <Name_array id="mixamorig_Hips-Interpolations-array" count="36">
 LINEAR LINEAR LINEAR LINEAR LINEAR LINEAR LINEAR LINEAR LINEAR LINEAR LINEAR
LINEAR LINEAR LINEAR LINEAR LINEAR LINEAR LINEAR LINEAR LINEAR LINEAR LINEAR LINEAR
LINEAR LINEAR LINEAR LINEAR LINEAR LINEAR LINEAR LINEAR LINEAR LINEAR LINEAR LINEAR
LINEAR</Name_array>
        <technique_common>
          <accessor source="#mixamorig_Hips-Interpolations-array" count="36">
            <param type="name"/>
          </accessor>
        </technique_common>
      </source>
      <sampler id="mixamorig_Hips-Matrix-animation-transform">
        <input semantic="INPUT" source="#mixamorig_Hips-Matrix-animation-input"/>
        <input semantic="OUTPUT" source="#mixamorig_Hips-Matrix-animation-output-transform"/>
        <input semantic="INTERPOLATION" source="#mixamorig_Hips-Interpolations"/>
      </sampler>
      <channel source="#mixamorig_Hips-Matrix-animation-transform" target="mixamorig_Hips/matrix"/>
      <source id="mixamorig_Spine-Matrix-animation-input">
        <float_array id="mixamorig_Spine-Matrix-animation-input-array" count="36">

0.000000 0.033333 0.066667 0.100000 0.133333 0.166667 0.200000 0.233333 0.266667 0.300000 0.333333 0.366667 0.400000 0.433333 0.466667 0.500000
0.533333 0.566667 0.600000 0.633333 0.666667 0.700000 0.733333 0.766667 0.800000 0.833333 0.866667 0.900000 0.933333 0.966667 1.000000 1.033333
1.066667 1.100000 1.133333 1.166667</float_array>
        <technique_common>
          <accessor source="#mixamorig_Spine-Matrix-animation-input-array" count="36">
            <param name="TIME" type="float"/>
          </accessor>
        </technique_common>
      </source>
      <source id="mixamorig_Spine-Matrix-animation-output-transform">
        <float_array id="mixamorig_Spine-Matrix-animation-output-transform-array" count="576">

0.997928 -0.055177 -0.033096 -0.000000 0.056869 0.996996 0.052573 9.923500 0.030096 -0.054346 0.998069 -1.227300 0.000000 0.000000 0.000000 1.000000
0.997779 -0.061810 -0.024816 -0.000000 0.062998 0.996743 0.050353 9.923500 0.021623 -0.051804 0.998423 -1.227300 0.000000 0.000000 0.000000 1.000000
0.997551 -0.066633 -0.021257 0.000000 0.067625 0.996460 0.049946 9.923500 0.017853 -0.051261 0.998526 -1.227300 0.000000 0.000000 0.000000 1.000000
0.997268 -0.070965 -0.020524 -0.000000 0.071924 0.996129 0.050536 9.923500 0.016858 -0.051874 0.998511 -1.227300 0.000000 0.000000 0.000000 1.000000
0.997023 -0.074579 -0.019596 0.000000 0.075508 0.995792 0.051937 9.923500 0.015641 -0.053262 0.998458 -1.227300 0.000000 0.000000 0.000000 1.000000
0.996813 -0.077602 -0.018483 0.000000 0.078485 0.995494 0.053206 9.923500 0.014271 -0.054487 0.998412 -1.227300 0.000000 0.000000 0.000000 1.000000
0.996619 -0.080720 -0.015329 0.000000 0.081435 0.995221 0.053880 9.923500 0.010907 -0.054946 0.998430 -1.227300 0.000000 0.000000 0.000000 1.000000
0.996493 -0.083193 -0.008929 0.000000 0.083555 0.995051 0.053782 9.923500 0.004411 -0.054339 0.998513 -1.227300 0.000000 0.000000 0.000000 1.000000
0.996434 -0.084371 -0.000729 0.000000 0.084292 0.995055 0.052535 9.923500 -0.003707 -0.052409 0.998619 -1.227300 0.000000 0.000000 0.000000 1.000000
0.996514 -0.083060 0.007773 0.000000 0.082572 0.995333 0.049939 9.923500 -0.011885 -0.049123 0.998722 -1.227300 0.000000 0.000000 0.000000 1.000000
0.996777 -0.078518 0.016421 0.000000 0.077680 0.995887 0.046636 9.923500 -0.020015 -0.045210 0.998777 -1.227300 0.000000 0.000000 0.000000 1.000000
0.997103 -0.071645 0.025528 0.000000 0.070508 0.996586 0.042942 9.923500 -0.028517 -0.041018 0.998751 -1.227300 0.000000 0.000000 0.000000 1.000000
0.997381 -0.063614 0.034425 0.000000 0.062270 0.997305 0.038787 9.923500 -0.036799 -0.036542 0.998654 -1.227300 0.000000 0.000000 0.000000 1.000000
0.997636 -0.055076 0.041093 0.000000 0.053648 0.997943 0.035082 9.923500 -0.042940 -0.032794 0.998539 -1.227300 0.000000 0.000000 0.000000 1.000000
0.998062 -0.045058 0.042916 -0.000000 0.043728 0.998549 0.031433 9.923500 -0.044270 -0.029496 0.998584 -1.227300 0.000000 0.000000 0.000000 1.000000
0.998776 -0.029496 0.039698 0.000000 0.028419 0.999220 0.027431 9.923500 -0.040476 -0.026269 0.998835 -1.227300 0.000000 0.000000 0.000000 1.000000
0.999422 -0.011800 0.031877 0.000000 0.010984 0.999611 0.025652 9.923500 -0.032168 -0.025287 0.999163 -1.227300 0.000000 0.000000 0.000000 1.000000
0.999827 0.004430 0.018069 0.000000 -0.004944 0.999582 0.028489 9.923500 -0.017935 -0.028573 0.999431 -1.227300 0.000000 0.000000 0.000000 1.000000
0.999809 0.019282 0.003081 0.000000 -0.019372 0.999285 0.032474 9.923500 -0.002453 -0.032528 0.999468 -1.227300 0.000000 0.000000 0.000000 1.000000
0.999525 0.028243 -0.012336 -0.000000 -0.027783 0.998968 0.035932 9.923500 0.013338 -0.035572 0.999278 -1.227300 0.000000 0.000000 0.000000 1.000000
0.999374 0.028709 -0.020678 0.000000 -0.027930 0.998924 0.037035 9.923500 0.021719 -0.036434 0.999100 -1.227300 0.000000 0.000000 0.000000 1.000000
0.999207 0.028115 -0.028206 -0.000000 -0.027041 0.998922 0.037732 9.923500 0.029236 -0.036939 0.998890 -1.227300 0.000000 0.000000 0.000000 1.000000
0.999036 0.026686 -0.034870 0.000000 -0.025344 0.998942 0.038370 9.923500 0.035857 -0.037450 0.998655 -1.227300 0.000000 0.000000 0.000000 1.000000
0.998870 0.024659 -0.040624 0.000000 -0.023062 0.998961 0.039310 9.923500 0.041551 -0.038329 0.998401 -1.227300 0.000000 0.000000 0.000000 1.000000
0.999105 0.016930 -0.038775 0.000000 -0.015293 0.998994 0.042144 9.923500 0.039450 -0.041513 0.998359 -1.227300 0.000000 0.000000 0.000000 1.000000
0.999341 0.007854 -0.035451 0.000000 -0.006183 0.998876 0.047000 9.923500 0.035781 -0.046750 0.998266 -1.227300 0.000000 0.000000 0.000000 1.000000
0.999491 -0.001367 -0.031868 0.000000 0.003028 0.998637 0.052113 9.923500 0.031753 -0.052183 0.998133 -1.227300 0.000000 0.000000 0.000000 1.000000
0.999557 -0.009822 -0.028102 0.000000 0.011391 0.998352 0.056251 9.923500 0.027503 -0.056546 0.998021 -1.227300 0.000000 0.000000 0.000000 1.000000
0.999539 -0.017168 -0.025028 0.000000 0.018589 0.998162 0.057676 9.923500 0.023992 -0.058114 0.998022 -1.227300 0.000000 0.000000 0.000000 1.000000
0.999455 -0.023600 -0.023059 0.000000 0.024871 0.998095 0.056467 9.923500 0.021683 -0.057009 0.998138 -1.227300 0.000000 0.000000 0.000000 1.000000
0.999304 -0.029969 -0.022232 0.000000 0.031132 0.998060 0.053923 9.923500 0.020573 -0.054578 0.998298 -1.227300 0.000000 0.000000 0.000000 1.000000
0.999075 -0.036720 -0.022367 0.000000 0.037835 0.997949 0.051636 9.923500 0.020425 -0.052435 0.998415 -1.227300 0.000000 0.000000 0.000000 1.000000
0.998776 -0.043651 -0.023254 0.000000 0.044781 0.997718 0.050528 9.923500 0.020995 -0.051508 0.998452 -1.227300 0.000000 0.000000 0.000000 1.000000
0.998490 -0.049393 -0.024037 0.000000 0.050556 0.997446 0.050451 9.923500 0.021484 -0.051590 0.998437 -1.227300 0.000000 0.000000 0.000000 1.000000
0.998233 -0.053063 -0.026746 0.000000 0.054379 0.997211 0.051126 9.923500 0.023959 -0.052490 0.998334 -1.227300 0.000000 0.000000 0.000000 1.000000
0.997928 -0.055177 -0.033096 0.000000 0.056869 0.996997 0.052573 9.923500 0.030096 -0.054346 0.998068 -1.227300 0.000000 0.000000 0.000000 1.000000</float_array>
        <technique_common>
          <accessor source="#mixamorig_Spine-Matrix-animation-output-transform-array" count="36" stride="16">
            <param type="float4x4"/>
          </accessor>
        </technique_common>
      </source>
      <source id="mixamorig_Spine-Interpolations">
        <Name_array id="mixamorig_Spine-Interpolations-array" count="36">
 LINEAR LINEAR LINEAR LINEAR LINEAR LINEAR LINEAR LINEAR LINEAR LINEAR LINEAR
LINEAR LINEAR LINEAR LINEAR LINEAR LINEAR LINEAR LINEAR LINEAR LINEAR LINEAR LINEAR
LINEAR LINEAR LINEAR LINEAR LINEAR LINEAR LINEAR LINEAR LINEAR LINEAR LINEAR LINEAR
LINEAR</Name_array>
        <technique_common>
          <accessor source="#mixamorig_Spine-Interpolations-array" count="36">
            <param type="name"/>
          </accessor>
        </technique_common>
      </source>
      <sampler id="mixamorig_Spine-Matrix-animation-transform">
        <input semantic="INPUT" source="#mixamorig_Spine-Matrix-animation-input"/>
        <input semantic="OUTPUT" source="#mixamorig_Spine-Matrix-animation-output-transform"/>
        <input semantic="INTERPOLATION" source="#mixamorig_Spine-Interpolations"/>
      </sampler>
      <channel source="#mixamorig_Spine-Matrix-animation-transform" target="mixamorig_Spine/matrix"/>
      <source id="mixamorig_Spine1-Matrix-animation-input">
        <float_array id="mixamorig_Spine1-Matrix-animation-input-array" count="36">

0.000000 0.033333 0.066667 0.100000 0.133333 0.166667 0.200000 0.233333 0.266667 0.300000 0.333333 0.366667 0.400000 0.433333 0.466667 0.500000
0.533333 0.566667 0.600000 0.633333 0.666667 0.700000 0.733333 0.766667 0.800000 0.833333 0.866667 0.900000 0.933333 0.966667 1.000000 1.033333
1.066667 1.100000 1.133333 1.166667</float_array>
        <technique_common>
          <accessor source="#mixamorig_Spine1-Matrix-animation-input-array" count="36">
            <param name="TIME" type="float"/>
          </accessor>
        </technique_common>
      </source>
      <source id="mixamorig_Spine1-Matrix-animation-output-transform">
        <float_array id="mixamorig_Spine1-Matrix-animation-output-transform-array" count="576">

0.997217 -0.056639 -0.048473 -0.000100 0.057850 0.998037 0.023969 11.645400 0.047020 -0.026706 0.998537 -1.422300 0.000000 0.000000 0.000000 1.000000
0.997252 -0.059207 -0.044527 -0.000100 0.060250 0.997930 0.022467 11.645400 0.043105 -0.025088 0.998756 -1.422300 0.000000 0.000000 0.000000 1.000000
0.997327 -0.060529 -0.040935 -0.000100 0.061468 0.997865 0.022074 11.645400 0.039511 -0.024531 0.998918 -1.422300 0.000000 0.000000 0.000000 1.000000
0.997439 -0.060836 -0.037618 -0.000100 0.061715 0.997836 0.022663 11.645400 0.036158 -0.024927 0.999035 -1.422300 0.000000 0.000000 0.000000 1.000000
0.997562 -0.060056 -0.035531 -0.000100 0.060934 0.997849 0.024183 11.645400 0.034002 -0.026289 0.999076 -1.422300 0.000000 0.000000 0.000000 1.000000
0.997695 -0.058769 -0.033932 -0.000100 0.059633 0.997907 0.025024 11.645400 0.032391 -0.026990 0.999111 -1.422300 0.000000 0.000000 0.000000 1.000000
0.997966 -0.056954 -0.028639 -0.000100 0.057671 0.998026 0.024861 11.645400 0.027166 -0.026462 0.999281 -1.422300 0.000000 0.000000 0.000000 1.000000
0.998353 -0.054722 -0.017207 -0.000100 0.055117 0.998205 0.023412 11.645400 0.015895 -0.024322 0.999578 -1.422300 0.000000 0.000000 0.000000 1.000000
0.998635 -0.052185 -0.002209 -0.000100 0.052219 0.998427 0.020430 11.645400 0.001139 -0.020517 0.999789 -1.422300 0.000000 0.000000 0.000000 1.000000
0.998699 -0.049253 0.013192 -0.000100 0.049034 0.998662 0.016425 11.645400 -0.013983 -0.015756 0.999778 -1.422300 0.000000 0.000000 0.000000 1.000000
0.998567 -0.045464 0.028243 -0.000100 0.045108 0.998896 0.013127 11.645400 -0.028808 -0.011834 0.999515 -1.422300 0.000000 0.000000 0.000000 1.000000
0.998227 -0.040493 0.043632 -0.000100 0.040024 0.999132 0.011563 11.645400 -0.044063 -0.009796 0.998981 -1.422300 0.000000 0.000000 0.000000 1.000000
0.997650 -0.035141 0.058812 -0.000100 0.034560 0.999343 0.010879 11.645400 -0.059156 -0.008821 0.998210 -1.422300 0.000000 0.000000 0.000000 1.000000
0.997077 -0.030801 0.069913 -0.000100 0.030119 0.999488 0.010794 11.645400 -0.070210 -0.008656 0.997495 -1.422300 0.000000 0.000000 0.000000 1.000000
0.997147 -0.027722 0.070212 -0.000100 0.027002 0.999573 0.011188 11.645400 -0.070492 -0.009261 0.997469 -1.422300 0.000000 0.000000 0.000000 1.000000
0.998009 -0.025015 0.057902 -0.000100 0.024456 0.999647 0.010340 11.645400 -0.058140 -0.008903 0.998269 -1.422300 0.000000 0.000000 0.000000 1.000000
0.999183 -0.020303 0.034946 -0.000100 0.020011 0.999762 0.008702 11.645400 -0.035115 -0.007996 0.999351 -1.422300 0.000000 0.000000 0.000000 1.000000
0.999907 -0.013111 0.003715 -0.000100 0.013077 0.999874 0.009047 11.645400 -0.003833 -0.008997 0.999952 -1.422300 0.000000 0.000000 0.000000 1.000000
0.999560 -0.006970 -0.028830 -0.000100 0.007255 0.999926 0.009809 11.645400 0.028760 -0.010013 0.999536 -1.422300 0.000000 0.000000 0.000000 1.000000
0.998175 -0.009000 -0.059707 -0.000100 0.009534 0.999917 0.008675 11.645400 0.059624 -0.009228 0.998178 -1.422300 0.000000 0.000000 0.000000 1.000000
0.997160 -0.014252 -0.073952 -0.000100 0.014874 0.999859 0.007855 11.645400 0.073829 -0.008933 0.997231 -1.422300 0.000000 0.000000 0.000000 1.000000
0.996076 -0.019976 -0.086222 -0.000100 0.020646 0.999763 0.006889 11.645400 0.086064 -0.008642 0.996252 -1.422300 0.000000 0.000000 0.000000 1.000000
0.994994 -0.025840 -0.096535 -0.000100 0.026544 0.999630 0.006014 11.645400 0.096344 -0.008547 0.995311 -1.422300 0.000000 0.000000 0.000000 1.000000
0.993982 -0.031508 -0.104917 -0.000100 0.032261 0.999464 0.005486 11.645400 0.104688 -0.008838 0.994466 -1.422300 0.000000 0.000000 0.000000 1.000000
0.994623 -0.036298 -0.096995 -0.000100 0.037288 0.999269 0.008406 11.645400 0.096619 -0.011977 0.995249 -1.422300 0.000000 0.000000 0.000000 1.000000
0.995376 -0.043589 -0.085598 -0.000100 0.044924 0.998896 0.013722 11.645400 0.084905 -0.017504 0.996235 -1.422300 0.000000 0.000000 0.000000 1.000000
0.995979 -0.050637 -0.073904 -0.000100 0.052219 0.998443 0.019623 11.645400 0.072795 -0.023404 0.997072 -1.422300 0.000000 0.000000 0.000000 1.000000
0.996525 -0.053462 -0.063866 -0.000100 0.055171 0.998156 0.025308 11.645400 0.062395 -0.028744 0.997638 -1.422300 0.000000 0.000000 0.000000 1.000000
0.996953 -0.052861 -0.057363 -0.000100 0.054556 0.998107 0.028400 11.645400 0.055753 -0.031443 0.997949 -1.422300 0.000000 0.000000 0.000000 1.000000
0.997194 -0.051413 -0.054417 -0.000100 0.053022 0.998185 0.028547 11.645400 0.052850 -0.031352 0.998110 -1.422300 0.000000 0.000000 0.000000 1.000000
0.997250 -0.050803 -0.053961 -0.000100 0.052308 0.998270 0.026864 11.645400 0.052503 -0.029613 0.998182 -1.422300 0.000000 0.000000 0.000000 1.000000
0.997188 -0.051345 -0.054593 -0.000100 0.052770 0.998294 0.024988 11.645400 0.053217 -0.027798 0.998196 -1.422300 0.000000 0.000000 0.000000 1.000000
0.997057 -0.053169 -0.055239 -0.000100 0.054554 0.998225 0.023875 11.645400 0.053871 -0.026818 0.998188 -1.422300 0.000000 0.000000 0.000000 1.000000
0.996980 -0.055465 -0.054359 -0.000100 0.056811 0.998108 0.023521 11.645400 0.052951 -0.026538 0.998244 -1.422300 0.000000 0.000000 0.000000 1.000000
0.997059 -0.056502 -0.051781 -0.000100 0.057782 0.998051 0.023548 11.645400 0.050349 -0.026471 0.998381 -1.422300 0.000000 0.000000 0.000000 1.000000
0.997217 -0.056639 -0.048473 -0.000100 0.057850 0.998037 0.023969 11.645400 0.047020 -0.026706 0.998537 -1.422300 0.000000 0.000000 0.000000 1.000000</float_array>
        <technique_common>
          <accessor source="#mixamorig_Spine1-Matrix-animation-output-transform-array" count="36" stride="16">
            <param type="float4x4"/>
          </accessor>
        </technique_common>
      </source>
      <source id="mixamorig_Spine1-Interpolations">
        <Name_array id="mixamorig_Spine1-Interpolations-array" count="36">
 LINEAR LINEAR LINEAR LINEAR LINEAR LINEAR LINEAR LINEAR LINEAR LINEAR LINEAR
LINEAR LINEAR LINEAR LINEAR LINEAR LINEAR LINEAR LINEAR LINEAR LINEAR LINEAR LINEAR
LINEAR LINEAR LINEAR LINEAR LINEAR LINEAR LINEAR LINEAR LINEAR LINEAR LINEAR LINEAR
LINEAR</Name_array>
        <technique_common>
          <accessor source="#mixamorig_Spine1-Interpolations-array" count="36">
            <param type="name"/>
          </accessor>
        </technique_common>
      </source>
      <sampler id="mixamorig_Spine1-Matrix-animation-transform">
        <input semantic="INPUT" source="#mixamorig_Spine1-Matrix-animation-input"/>
        <input semantic="OUTPUT" source="#mixamorig_Spine1-Matrix-animation-output-transform"/>
        <input semantic="INTERPOLATION" source="#mixamorig_Spine1-Interpolations"/>
      </sampler>
      <channel source="#mixamorig_Spine1-Matrix-animation-transform" target="mixamorig_Spine1/matrix"/>
      <source id="mixamorig_Spine2-Matrix-animation-input">
        <float_array id="mixamorig_Spine2-Matrix-animation-input-array" count="36">

0.000000 0.033333 0.066667 0.100000 0.133333 0.166667 0.200000 0.233333 0.266667 0.300000 0.333333 0.366667 0.400000 0.433333 0.466667 0.500000
0.533333 0.566667 0.600000 0.633333 0.666667 0.700000 0.733333 0.766667 0.800000 0.833333 0.866667 0.900000 0.933333 0.966667 1.000000 1.033333
1.066667 1.100000 1.133333 1.166667</float_array>
        <technique_common>
          <accessor source="#mixamorig_Spine2-Matrix-animation-input-array" count="36">
            <param name="TIME" type="float"/>
          </accessor>
        </technique_common>
      </source>
      <source id="mixamorig_Spine2-Matrix-animation-output-transform">
        <float_array id="mixamorig_Spine2-Matrix-animation-output-transform-array" count="576">

0.997235 -0.059212 -0.044894 0.000100 0.060442 0.997819 0.026551 13.360200 0.043224 -0.029191 0.998639 -1.626500 0.000000 0.000000 0.000000 1.000000
0.997265 -0.061510 -0.040966 0.000100 0.062567 0.997726 0.025051 13.360200 0.039332 -0.027546 0.998846 -1.626500 0.000000 0.000000 0.000000 1.000000
0.997340 -0.062590 -0.037353 0.000100 0.063537 0.997673 0.024715 13.360200 0.035719 -0.027023 0.998996 -1.626500 0.000000 0.000000 0.000000 1.000000
0.997460 -0.062546 -0.034084 0.000100 0.063426 0.997664 0.025380 13.360200 0.032416 -0.027477 0.999097 -1.626500 0.000000 0.000000 0.000000 1.000000
0.997594 -0.061465 -0.032068 0.000100 0.062335 0.997694 0.026871 13.360200 0.030342 -0.028805 0.999124 -1.626500 0.000000 0.000000 0.000000 1.000000
0.997735 -0.059973 -0.030463 0.000100 0.060820 0.997765 0.027659 13.360200 0.028736 -0.029449 0.999153 -1.626500 0.000000 0.000000 0.000000 1.000000
0.998012 -0.057759 -0.025197 0.000100 0.058448 0.997912 0.027489 13.360200 0.023557 -0.028907 0.999304 -1.626500 0.000000 0.000000 0.000000 1.000000
0.998399 -0.054842 -0.013846 0.000100 0.055191 0.998132 0.026201 13.360200 0.012383 -0.026923 0.999561 -1.626500 0.000000 0.000000 0.000000 1.000000
0.998671 -0.051536 0.001008 0.000100 0.051498 0.998393 0.023665 13.360200 -0.002226 -0.023582 0.999719 -1.626500 0.000000 0.000000 0.000000 1.000000
0.998730 -0.047714 0.016149 0.000100 0.047382 0.998669 0.020366 13.360200 -0.017099 -0.019575 0.999662 -1.626500 0.000000 0.000000 0.000000 1.000000
0.998611 -0.042728 0.030843 0.000100 0.042198 0.998954 0.017630 13.360200 -0.031564 -0.016304 0.999369 -1.626500 0.000000 0.000000 0.000000 1.000000
0.998275 -0.036755 0.045779 0.000100 0.036044 0.999218 0.016261 13.360200 -0.046341 -0.014582 0.998819 -1.626500 0.000000 0.000000 0.000000 1.000000
0.997690 -0.031191 0.060355 0.000100 0.030288 0.999416 0.015828 13.360200 -0.060813 -0.013963 0.998052 -1.626500 0.000000 0.000000 0.000000 1.000000
0.997128 -0.026853 0.070816 0.000100 0.025768 0.999537 0.016198 13.360200 -0.071218 -0.014327 0.997358 -1.626500 0.000000 0.000000 0.000000 1.000000
0.997200 -0.024161 0.070771 0.000100 0.023063 0.999601 0.016289 13.360200 -0.071137 -0.014612 0.997360 -1.626500 0.000000 0.000000 0.000000 1.000000
0.998015 -0.023648 0.058371 0.000100 0.022855 0.999638 0.014207 13.360200 -0.058686 -0.012845 0.998194 -1.626500 0.000000 0.000000 0.000000 1.000000
0.999133 -0.022074 0.035308 0.000100 0.021686 0.999700 0.011355 13.360200 -0.035548 -0.010579 0.999312 -1.626500 0.000000 0.000000 0.000000 1.000000
0.999833 -0.017878 0.003855 0.000100 0.017837 0.999787 0.010369 13.360200 -0.004039 -0.010299 0.999939 -1.626500 0.000000 0.000000 0.000000 1.000000
0.999480 -0.014415 -0.028846 0.000100 0.014704 0.999844 0.009815 13.360200 0.028700 -0.010234 0.999536 -1.626500 0.000000 0.000000 0.000000 1.000000
0.998086 -0.017374 -0.059349 0.000100 0.017895 0.999806 0.008250 13.360200 0.059194 -0.009296 0.998203 -1.626500 0.000000 0.000000 0.000000 1.000000
0.997073 -0.022006 -0.073223 0.000100 0.022616 0.999716 0.007519 13.360200 0.073036 -0.009153 0.997287 -1.626500 0.000000 0.000000 0.000000 1.000000
0.996008 -0.026865 -0.085122 0.000100 0.027538 0.999598 0.006750 13.360200 0.084906 -0.009067 0.996348 -1.626500 0.000000 0.000000 0.000000 1.000000
0.994961 -0.031823 -0.095077 0.000100 0.032550 0.999451 0.006103 13.360200 0.094831 -0.009167 0.995451 -1.626500 0.000000 0.000000 0.000000 1.000000
0.993989 -0.036748 -0.103124 0.000100 0.037540 0.999279 0.005743 13.360200 0.102839 -0.009580 0.994652 -1.626500 0.000000 0.000000 0.000000 1.000000
0.994601 -0.041737 -0.095007 0.000100 0.042722 0.999052 0.008353 13.360200 0.094569 -0.012367 0.995442 -1.626500 0.000000 0.000000 0.000000 1.000000
0.995356 -0.048424 -0.083200 0.000100 0.049748 0.998665 0.013921 13.360200 0.082414 -0.017995 0.996436 -1.626500 0.000000 0.000000 0.000000 1.000000
0.995968 -0.054717 -0.071093 0.000100 0.056282 0.998211 0.020191 13.360200 0.069861 -0.024111 0.997265 -1.626500 0.000000 0.000000 0.000000 1.000000
0.996529 -0.056799 -0.060866 0.000100 0.058487 0.997941 0.026321 13.360200 0.059245 -0.029789 0.997799 -1.626500 0.000000 0.000000 0.000000 1.000000
0.996965 -0.055694 -0.054394 0.000100 0.057374 0.997907 0.029826 13.360200 0.052619 -0.032856 0.998074 -1.626500 0.000000 0.000000 0.000000 1.000000
0.997212 -0.053939 -0.051559 0.000100 0.055552 0.997994 0.030376 13.360200 0.049817 -0.033156 0.998208 -1.626500 0.000000 0.000000 0.000000 1.000000
0.997271 -0.053196 -0.051202 0.000100 0.054729 0.998080 0.029008 13.360200 0.049560 -0.031731 0.998267 -1.626500 0.000000 0.000000 0.000000 1.000000
0.997206 -0.053763 -0.051866 0.000100 0.055229 0.998101 0.027265 13.360200 0.050302 -0.030053 0.998282 -1.626500 0.000000 0.000000 0.000000 1.000000
0.997071 -0.055710 -0.052407 0.000100 0.057138 0.998023 0.026166 13.360200 0.050846 -0.029084 0.998283 -1.626500 0.000000 0.000000 0.000000 1.000000
0.996991 -0.058122 -0.051281 0.000100 0.059504 0.997894 0.025840 13.360200 0.049671 -0.028814 0.998350 -1.626500 0.000000 0.000000 0.000000 1.000000
0.997072 -0.059165 -0.048452 0.000100 0.060472 0.997832 0.025975 13.360200 0.046810 -0.028828 0.998488 -1.626500 0.000000 0.000000 0.000000 1.000000
0.997235 -0.059212 -0.044894 0.000100 0.060442 0.997819 0.026551 13.360200 0.043224 -0.029191 0.998639 -1.626500 0.000000 0.000000 0.000000 1.000000</float_array>
        <technique_common>
          <accessor source="#mixamorig_Spine2-Matrix-animation-output-transform-array" count="36" stride="16">
            <param type="float4x4"/>
          </accessor>
        </technique_common>
      </source>
      <source id="mixamorig_Spine2-Interpolations">
        <Name_array id="mixamorig_Spine2-Interpolations-array" count="36">
 LINEAR LINEAR LINEAR LINEAR LINEAR LINEAR LINEAR LINEAR LINEAR LINEAR LINEAR
LINEAR LINEAR LINEAR LINEAR LINEAR LINEAR LINEAR LINEAR LINEAR LINEAR LINEAR LINEAR
LINEAR LINEAR LINEAR LINEAR LINEAR LINEAR LINEAR LINEAR LINEAR LINEAR LINEAR LINEAR
LINEAR</Name_array>
        <technique_common>
          <accessor source="#mixamorig_Spine2-Interpolations-array" count="36">
            <param type="name"/>
          </accessor>
        </technique_common>
      </source>
      <sampler id="mixamorig_Spine2-Matrix-animation-transform">
        <input semantic="INPUT" source="#mixamorig_Spine2-Matrix-animation-input"/>
        <input semantic="OUTPUT" source="#mixamorig_Spine2-Matrix-animation-output-transform"/>
        <input semantic="INTERPOLATION" source="#mixamorig_Spine2-Interpolations"/>
      </sampler>
      <channel source="#mixamorig_Spine2-Matrix-animation-transform" target="mixamorig_Spine2/matrix"/>
      <source id="mixamorig_Neck-Matrix-animation-input">
        <float_array id="mixamorig_Neck-Matrix-animation-input-array" count="36">

0.000000 0.033333 0.066667 0.100000 0.133333 0.166667 0.200000 0.233333 0.266667 0.300000 0.333333 0.366667 0.400000 0.433333 0.466667 0.500000
0.533333 0.566667 0.600000 0.633333 0.666667 0.700000 0.733333 0.766667 0.800000 0.833333 0.866667 0.900000 0.933333 0.966667 1.000000 1.033333
1.066667 1.100000 1.133333 1.166667</float_array>
        <technique_common>
          <accessor source="#mixamorig_Neck-Matrix-animation-input-array" count="36">
            <param name="TIME" type="float"/>
          </accessor>
        </technique_common>
      </source>
      <source id="mixamorig_Neck-Matrix-animation-output-transform">
        <float_array id="mixamorig_Neck-Matrix-animation-output-transform-array" count="576">

0.996675 0.081451 -0.001979 0.000000 -0.080167 0.976051 -0.202230 15.032500 -0.014541 0.201716 0.979336 0.792900 0.000000 0.000000 0.000000 1.000000
0.995908 0.090319 -0.003077 0.000000 -0.089194 0.976881 -0.194287 15.032500 -0.014542 0.193766 0.980940 0.792900 0.000000 0.000000 0.000000 1.000000
0.995361 0.096112 -0.004248 0.000000 -0.095144 0.976880 -0.191452 15.032500 -0.014251 0.190968 0.981493 0.792900 0.000000 0.000000 0.000000 1.000000
0.995032 0.099452 -0.004611 -0.000000 -0.098487 0.976487 -0.191763 15.032500 -0.014569 0.191264 0.981430 0.792900 0.000000 0.000000 0.000000 1.000000
0.994893 0.100820 -0.004802 -0.000000 -0.099880 0.976522 -0.190866 15.032500 -0.014554 0.190371 0.981604 0.792900 0.000000 0.000000 0.000000 1.000000
0.994712 0.102558 -0.005410 0.000000 -0.101756 0.977059 -0.187085 15.032500 -0.013902 0.186646 0.982329 0.792900 0.000000 0.000000 0.000000 1.000000
0.994489 0.104558 -0.007710 0.000000 -0.104206 0.977693 -0.182365 15.032500 -0.011530 0.182163 0.983201 0.792900 0.000000 0.000000 0.000000 1.000000
0.994231 0.106539 -0.012411 -0.000000 -0.107043 0.978212 -0.177884 15.032500 -0.006811 0.178186 0.983973 0.792900 0.000000 0.000000 0.000000 1.000000
0.993943 0.108473 -0.017628 -0.000000 -0.109884 0.978635 -0.173777 15.032500 -0.001599 0.174662 0.984627 0.792900 0.000000 0.000000 0.000000 1.000000
0.993657 0.110475 -0.020982 -0.000000 -0.112437 0.978921 -0.170503 15.032500 0.001703 0.171780 0.985134 0.792900 0.000000 0.000000 0.000000 1.000000
0.993478 0.111948 -0.021665 0.000000 -0.114002 0.979021 -0.168885 15.032500 0.002304 0.170253 0.985398 0.792900 0.000000 0.000000 0.000000 1.000000
0.993588 0.111421 -0.019169 0.000000 -0.113058 0.979065 -0.169259 15.032500 -0.000091 0.170341 0.985385 0.792900 0.000000 0.000000 0.000000 1.000000
0.994012 0.108441 -0.013418 0.000000 -0.109136 0.979252 -0.170748 15.032500 -0.005377 0.171190 0.985223 0.792900 0.000000 0.000000 0.000000 1.000000
0.994632 0.103324 -0.005614 0.000000 -0.102739 0.979632 -0.172528 15.032500 -0.012326 0.172178 0.984989 0.792900 0.000000 0.000000 0.000000 1.000000
0.995162 0.098191 0.003289 0.000000 -0.096052 0.979428 -0.177466 15.032500 -0.020647 0.176292 0.984121 0.792900 0.000000 0.000000 0.000000 1.000000
0.995332 0.095482 0.014025 0.000000 -0.091188 0.978071 -0.187246 15.032500 -0.031596 0.185093 0.982213 0.792900 0.000000 0.000000 0.000000 1.000000
0.995419 0.092142 0.025498 0.000000 -0.085221 0.976046 -0.200179 15.032500 -0.043332 0.197089 0.979428 0.792900 0.000000 0.000000 0.000000 1.000000
0.995869 0.085617 0.030243 -0.000000 -0.077348 0.974344 -0.211357 15.032500 -0.047563 0.208145 0.976941 0.792900 0.000000 0.000000 0.000000 1.000000
0.996305 0.079354 0.032858 -0.000000 -0.070213 0.972851 -0.220525 15.032500 -0.049466 0.217403 0.974828 0.792900 0.000000 0.000000 0.000000 1.000000
0.996520 0.077406 0.030920 0.000000 -0.068682 0.972718 -0.221590 15.032500 -0.047229 0.218695 0.974650 0.792900 0.000000 0.000000 0.000000 1.000000
0.996638 0.076645 0.028946 -0.000000 -0.068587 0.973775 -0.216927 15.032500 -0.044813 0.214212 0.975759 0.792900 0.000000 0.000000 0.000000 1.000000
0.996735 0.076105 0.026982 0.000000 -0.068722 0.974987 -0.211370 15.032500 -0.042394 0.208825 0.977034 0.792900 0.000000 0.000000 0.000000 1.000000
0.996828 0.075574 0.024954 0.000000 -0.068860 0.976191 -0.205694 15.032500 -0.039905 0.203323 0.978298 0.792900 0.000000 0.000000 0.000000 1.000000
0.996936 0.074835 0.022782 0.000000 -0.068771 0.977240 -0.200682 15.032500 -0.037281 0.198500 0.979392 0.792900 0.000000 0.000000 0.000000 1.000000
0.997165 0.072639 0.019609 0.000000 -0.067288 0.977575 -0.199547 15.032500 -0.033664 0.197662 0.979692 0.792900 0.000000 0.000000 0.000000 1.000000
0.997528 0.068746 0.014585 0.000000 -0.064432 0.977522 -0.200746 15.032500 -0.028058 0.199309 0.979535 0.792900 0.000000 0.000000 0.000000 1.000000
0.997858 0.064729 0.009432 0.000000 -0.061484 0.977346 -0.202520 15.032500 -0.022327 0.201506 0.979233 0.792900 0.000000 0.000000 0.000000 1.000000
0.998069 0.061882 0.005427 0.000000 -0.059463 0.977015 -0.204707 15.032500 -0.017970 0.203989 0.978808 0.792900 0.000000 0.000000 0.000000 1.000000
0.998047 0.062398 0.002811 0.000000 -0.060484 0.976720 -0.205814 15.032500 -0.015588 0.205242 0.978587 0.792900 0.000000 0.000000 0.000000 1.000000
0.997817 0.066026 0.001299 0.000000 -0.064350 0.976531 -0.205540 15.032500 -0.014840 0.205008 0.978648 0.792900 0.000000 0.000000 0.000000 1.000000
0.997493 0.070770 0.000540 -0.000000 -0.069165 0.976434 -0.204431 15.032500 -0.014994 0.203881 0.978881 0.792900 0.000000 0.000000 0.000000 1.000000
0.997168 0.075199 0.000274 0.000000 -0.073574 0.976361 -0.203240 15.032500 -0.015551 0.202644 0.979129 0.792900 0.000000 0.000000 0.000000 1.000000
0.996822 0.079656 0.000360 0.000000 -0.077941 0.976278 -0.202007 15.032500 -0.016442 0.201337 0.979384 0.792900 0.000000 0.000000 0.000000 1.000000
0.996536 0.083158 -0.000149 0.000000 -0.081506 0.976385 -0.200072 15.032500 -0.016492 0.199391 0.979781 0.792900 0.000000 0.000000 0.000000 1.000000
0.996497 0.083619 -0.001038 0.000000 -0.082140 0.976386 -0.199807 15.032500 -0.015695 0.199192 0.979835 0.792900 0.000000 0.000000 0.000000 1.000000
0.996675 0.081451 -0.001978 -0.000000 -0.080167 0.976051 -0.202230 15.032500 -0.014541 0.201716 0.979336 0.792900 0.000000 0.000000 0.000000 1.000000</float_array>
        <technique_common>
          <accessor source="#mixamorig_Neck-Matrix-animation-output-transform-array" count="36" stride="16">
            <param type="float4x4"/>
          </accessor>
        </technique_common>
      </source>
      <source id="mixamorig_Neck-Interpolations">
        <Name_array id="mixamorig_Neck-Interpolations-array" count="36">
 LINEAR LINEAR LINEAR LINEAR LINEAR LINEAR LINEAR LINEAR LINEAR LINEAR LINEAR
LINEAR LINEAR LINEAR LINEAR LINEAR LINEAR LINEAR LINEAR LINEAR LINEAR LINEAR LINEAR
LINEAR LINEAR LINEAR LINEAR LINEAR LINEAR LINEAR LINEAR LINEAR LINEAR LINEAR LINEAR
LINEAR</Name_array>
        <technique_common>
          <accessor source="#mixamorig_Neck-Interpolations-array" count="36">
            <param type="name"/>
          </accessor>
        </technique_common>
      </source>
      <sampler id="mixamorig_Neck-Matrix-animation-transform">
        <input semantic="INPUT" source="#mixamorig_Neck-Matrix-animation-input"/>
        <input semantic="OUTPUT" source="#mixamorig_Neck-Matrix-animation-output-transform"/>
        <input semantic="INTERPOLATION" source="#mixamorig_Neck-Interpolations"/>
      </sampler>
      <channel source="#mixamorig_Neck-Matrix-animation-transform" target="mixamorig_Neck/matrix"/>
      <source id="mixamorig_Head-Matrix-animation-input">
        <float_array id="mixamorig_Head-Matrix-animation-input-array" count="36">

0.000000 0.033333 0.066667 0.100000 0.133333 0.166667 0.200000 0.233333 0.266667 0.300000 0.333333 0.366667 0.400000 0.433333 0.466667 0.500000
0.533333 0.566667 0.600000 0.633333 0.666667 0.700000 0.733333 0.766667 0.800000 0.833333 0.866667 0.900000 0.933333 0.966667 1.000000 1.033333
1.066667 1.100000 1.133333 1.166667</float_array>
        <technique_common>
          <accessor source="#mixamorig_Head-Matrix-animation-input-array" count="36">
            <param name="TIME" type="float"/>
          </accessor>
        </technique_common>
      </source>
      <source id="mixamorig_Head-Matrix-animation-output-transform">
        <float_array id="mixamorig_Head-Matrix-animation-output-transform-array" count="576">

0.995348 0.093855 0.021768 0.000000 -0.095969 0.985793 0.137846 10.321800 -0.008521 -0.139294 0.990214 3.142400 0.000000 0.000000 0.000000 1.000000
0.996719 0.080680 0.006432 0.000000 -0.080759 0.986133 0.144981 10.321800 0.005354 -0.145024 0.989414 3.142400 0.000000 0.000000 0.000000 1.000000
0.997511 0.070199 -0.006650 0.000000 -0.068356 0.985834 0.153165 10.321800 0.017308 -0.152330 0.988178 3.142400 0.000000 0.000000 0.000000 1.000000
0.997881 0.062315 -0.018736 -0.000000 -0.058508 0.985260 0.160746 10.321800 0.028477 -0.159309 0.986818 3.142400 0.000000 0.000000 0.000000 1.000000
0.998013 0.056370 -0.028162 0.000000 -0.051007 0.985104 0.164219 10.321800 0.037000 -0.162456 0.986022 3.142400 0.000000 0.000000 0.000000 1.000000
0.998195 0.045156 -0.039600 -0.000000 -0.038029 0.985526 0.165205 10.321800 0.046487 -0.163401 0.985464 3.142400 0.000000 0.000000 0.000000 1.000000
