<?xml version="1.0" encoding="utf-8"?>
<COLLADA xmlns="http://www.collada.org/2005/11/COLLADASchema" version="1.4.1">
  <asset><contributor><author>Mixamo</author><authoring_tool>COLLADA Mixamo exporter</authoring_tool><comments></comments></contributor><created>2018-01-13T15:20:03Z</created><modified>2018-01-13T15:20:03Z</modified><revision></revision><title></title><unit meter="0.010000"/><up_axis>Y_UP</up_axis></asset>
  <library_animations>
    <animation id="mixamorig_Hips-anim" name="mixamorig_Hips"><source id="mixamorig_Hips-Matrix-animation-input"><float_array id="mixamorig_Hips-Matrix-animation-input-array" count="70">

0.000000 0.033333 0.066667 0.100000 0.133333 0.166667 0.200000 0.233333 0.266667 0.300000 0.333333 0.366667 0.400000 0.433333 0.466667 0.500000
0.533333 0.566667 0.600000 0.633333 0.666667 0.700000 0.733333 0.766667 0.800000 0.833333 0.866667 0.900000 0.933333 0.966667 1.000000 1.033333
1.066667 1.100000 1.133333 1.166667 1.200000 1.233333 1.266667 1.300000 1.333333 1.366667 1.400000 1.433333 1.466667 1.500000 1.533333 1.566667
1.600000 1.633333 1.666667 1.700000 1.733333 1.766667 1.800000 1.833333 1.866667 1.900000 1.933333 1.966667 2.000000 2.033333 2.066667 2.100000
2.133333 2.166667 2.200000 2.233333 2.266667 2.300000</float_array><technique_common><accessor source="#mixamorig_Hips-Matrix-animation-input-array" count="70"><param name="TIME" type="float"/></accessor></technique_common></source><source id="mixamorig_Hips-Matrix-animation-output-transform"><float_array id="mixamorig_Hips-Matrix-animation-output-transform-array" count="1120">

0.727359 0.030181 -0.685593 -3.621063 -0.003069 0.999166 0.040729 89.636330 0.686250 -0.027521 0.726845 -2.790871 0.000000 0.000000 0.000000 1.000000
0.730532 0.030708 -0.682187 -3.553941 -0.003608 0.999148 0.041112 89.615387 0.682868 -0.027572 0.730021 -2.829051 0.000000 0.000000 0.000000 1.000000
0.733512 0.031206 -0.678960 -3.485878 -0.004129 0.999132 0.041460 89.596169 0.679664 -0.027608 0.733004 -2.867167 0.000000 0.000000 0.000000 1.000000
0.736566 0.031718 -0.675622 -3.418286 -0.004666 0.999114 0.041818 89.576088 0.676350 -0.027649 0.736061 -2.905314 0.000000 0.000000 0.000000 1.000000
0.739955 0.032291 -0.671881 -3.352576 -0.005252 0.999094 0.042232 89.552544 0.672636 -0.027721 0.739454 -2.943589 0.000000 0.000000 0.000000 1.000000
0.743935 0.032966 -0.667439 -3.290161 -0.005924 0.999069 0.042743 89.522980 0.668226 -0.027844 0.743437 -2.982085 0.000000 0.000000 0.000000 1.000000
0.753656 0.034626 -0.656356 -3.259275 -0.007386 0.998994 0.044221 89.435570 0.657227 -0.028480 0.753154 -3.022706 0.000000 0.000000 0.000000 1.000000
0.767625 0.036137 -0.639880 -3.304408 -0.008727 0.998906 0.045943 89.316895 0.640840 -0.029683 0.767100 -3.065832 0.000000 0.000000 0.000000 1.000000
0.785215 0.035681 -0.618195 -3.438605 -0.008285 0.998854 0.047129 89.176697 0.619168 -0.031885 0.784611 -3.083956 0.000000 0.000000 0.000000 1.000000
0.803406 0.033988 -0.594460 -3.595520 -0.006814 0.998829 0.047898 89.025551 0.595392 -0.034431 0.802697 -3.087653 0.000000 0.000000 0.000000 1.000000
0.823016 0.028441 -0.567305 -3.776961 -0.002090 0.998891 0.047047 88.841148 0.568014 -0.037534 0.822163 -3.044225 0.000000 0.000000 0.000000 1.000000
0.838546 0.016723 -0.544574 -3.927029 0.010124 0.998878 0.046264 88.567375 0.544736 -0.044307 0.837436 -2.812778 0.000000 0.000000 0.000000 1.000000
0.852119 0.003488 -0.523337 -4.067864 0.024194 0.998646 0.046049 88.281082 0.522789 -0.051901 0.850881 -2.537930 0.000000 0.000000 0.000000 1.000000
0.856707 -0.010498 -0.515696 -4.155094 0.039352 0.998209 0.045053 88.062515 0.514300 -0.058891 0.855586 -2.132720 0.000000 0.000000 0.000000 1.000000
0.844517 -0.027019 -0.534847 -4.143770 0.057454 0.997533 0.040325 87.962631 0.532438 -0.064784 0.843986 -1.462326 0.000000 0.000000 0.000000 1.000000
0.812061 -0.039456 -0.582237 -4.005145 0.071011 0.996979 0.031479 88.051361 0.579235 -0.066908 0.812410 -0.547334 0.000000 0.000000 0.000000 1.000000
0.752138 -0.041015 -0.657728 -3.709785 0.072128 0.997189 0.020298 88.426704 0.655046 -0.062707 0.752982 0.576690 0.000000 0.000000 0.000000 1.000000
0.670781 -0.037130 -0.740726 -3.319229 0.064516 0.997881 0.008403 88.939636 0.738844 -0.053425 0.671755 1.821572 0.000000 0.000000 0.000000 1.000000
0.571780 -0.025004 -0.820026 -2.807064 0.043600 0.999049 -0.000062 89.534744 0.819248 -0.035718 0.572326 3.143535 0.000000 0.000000 0.000000 1.000000
0.537215 -0.004319 -0.843434 -2.566690 0.012108 0.999923 0.002591 89.816101 0.843359 -0.011604 0.537226 4.179358 0.000000 0.000000 0.000000 1.000000
0.514501 0.017041 -0.857320 -2.381797 -0.018925 0.999785 0.008515 90.034683 0.857281 0.011843 0.514713 5.158093 0.000000 0.000000 0.000000 1.000000
0.503180 0.035824 -0.863439 -2.269221 -0.043542 0.998922 0.016070 90.190231 0.863084 0.029510 0.504198 6.081861 0.000000 0.000000 0.000000 1.000000
0.556859 0.045581 -0.829355 -2.523841 -0.045754 0.998660 0.024165 90.030548 0.829346 0.024490 0.558199 6.731498 0.000000 0.000000 0.000000 1.000000
0.632823 0.049463 -0.772715 -2.899173 -0.047399 0.998561 0.025102 89.780396 0.772845 0.020741 0.634256 7.185541 0.000000 0.000000 0.000000 1.000000
0.711292 0.050693 -0.701066 -3.324732 -0.048589 0.998556 0.022906 89.520432 0.701215 0.017771 0.712728 7.563066 0.000000 0.000000 0.000000 1.000000
0.792007 0.052342 -0.608264 -3.798090 -0.052413 0.998469 0.017674 89.162643 0.608257 0.017883 0.793538 7.811862 0.000000 0.000000 0.000000 1.000000
0.859618 0.049736 -0.508511 -4.333011 -0.054342 0.998506 0.005798 89.059052 0.508039 0.022649 0.861036 8.094286 0.000000 0.000000 0.000000 1.000000
0.906777 0.037265 -0.419961 -4.990680 -0.048955 0.998655 -0.017088 89.735405 0.418760 0.036054 0.907381 8.610786 0.000000 0.000000 0.000000 1.000000
0.938406 0.023248 -0.344751 -5.626420 -0.040144 0.998313 -0.041952 90.582550 0.343194 0.053207 0.937756 9.194862 0.000000 0.000000 0.000000 1.000000
0.955793 0.010091 -0.293866 -6.093349 -0.030504 0.997421 -0.064963 91.121735 0.292452 0.071056 0.953637 9.752609 0.000000 0.000000 0.000000 1.000000
0.966511 -0.000372 -0.256625 -6.459263 -0.021060 0.996511 -0.080762 91.487480 0.255760 0.083461 0.963131 10.266684 0.000000 0.000000 0.000000 1.000000
0.971963 0.000142 -0.235134 -6.615025 -0.015673 0.997815 -0.064188 91.363281 0.234612 0.066074 0.969841 10.562119 0.000000 0.000000 0.000000 1.000000
0.967496 0.003333 -0.252866 -6.625249 -0.012921 0.999259 -0.036265 91.027542 0.252558 0.038353 0.966821 10.591399 0.000000 0.000000 0.000000 1.000000
0.953449 0.005262 -0.301509 -6.459662 -0.009666 0.999867 -0.013116 90.494293 0.301400 0.015420 0.953373 10.449558 0.000000 0.000000 0.000000 1.000000
0.926168 0.005845 -0.377066 -6.168036 -0.003464 0.999970 0.006991 89.854797 0.377096 -0.005168 0.926160 10.285252 0.000000 0.000000 0.000000 1.000000
0.878918 0.005238 -0.476944 -5.744041 0.004722 0.999795 0.019683 89.324532 0.476950 -0.019552 0.878713 10.192354 0.000000 0.000000 0.000000 1.000000
0.810676 0.007208 -0.585451 -5.225484 0.008634 0.999668 0.024263 89.137718 0.585432 -0.024724 0.810345 10.113830 0.000000 0.000000 0.000000 1.000000
0.729442 0.017499 -0.683819 -4.808040 -0.001883 0.999720 0.023574 89.463417 0.684040 -0.015909 0.729271 10.040094 0.000000 0.000000 0.000000 1.000000
0.696754 0.031348 -0.716625 -4.777780 -0.017491 0.999490 0.026716 89.759972 0.717097 -0.006080 0.696947 9.798865 0.000000 0.000000 0.000000 1.000000
0.674132 0.045370 -0.737216 -4.820608 -0.033086 0.998965 0.031223 90.045921 0.737869 0.003343 0.674935 9.525013 0.000000 0.000000 0.000000 1.000000
0.660106 0.056743 -0.749026 -4.871287 -0.044916 0.998340 0.036046 90.249710 0.749828 0.009849 0.661559 9.231668 0.000000 0.000000 0.000000 1.000000
0.691888 0.056073 -0.719824 -4.939481 -0.041187 0.998421 0.038187 90.018814 0.720829 0.003226 0.693105 8.845242 0.000000 0.000000 0.000000 1.000000
0.743353 0.049561 -0.667060 -5.186198 -0.041266 0.998750 0.028219 89.807800 0.667625 0.006550 0.744469 8.427433 0.000000 0.000000 0.000000 1.000000
0.797248 0.041477 -0.602226 -5.561550 -0.040062 0.999073 0.015774 89.674683 0.602321 0.011551 0.798170 8.067473 0.000000 0.000000 0.000000 1.000000
0.850675 0.031676 -0.524737 -6.112282 -0.034158 0.999404 0.004954 89.653336 0.524581 0.013710 0.851250 7.819477 0.000000 0.000000 0.000000 1.000000
0.898337 0.020982 -0.438807 -6.741379 -0.025500 0.999665 -0.004404 89.692520 0.438567 0.015145 0.898571 7.623265 0.000000 0.000000 0.000000 1.000000
0.934656 0.010596 -0.355394 -7.376267 -0.016297 0.999782 -0.013050 89.839394 0.355179 0.017990 0.934625 7.483402 0.000000 0.000000 0.000000 1.000000
0.951476 0.001938 -0.307715 -8.015913 -0.010829 0.999572 -0.027189 90.540466 0.307531 0.029202 0.951090 7.626806 0.000000 0.000000 0.000000 1.000000
0.956912 -0.003897 -0.290353 -8.425611 -0.007092 0.999298 -0.036785 91.053856 0.290293 0.037259 0.956212 7.749876 0.000000 0.000000 0.000000 1.000000
0.958411 -0.002064 -0.285384 -8.679522 -0.006728 0.999533 -0.029823 91.189285 0.285312 0.030503 0.957949 7.741868 0.000000 0.000000 0.000000 1.000000
0.956822 0.007769 -0.290571 -8.725015 -0.012782 0.999800 -0.015359 91.085922 0.290394 0.018410 0.956730 7.303800 0.000000 0.000000 0.000000 1.000000
0.952917 0.017400 -0.302731 -8.689946 -0.019055 0.999815 -0.002515 90.929703 0.302632 0.008165 0.953073 6.720049 0.000000 0.000000 0.000000 1.000000
0.940079 0.016969 -0.340535 -8.460483 -0.020104 0.999782 -0.005679 90.747978 0.340364 0.012185 0.940215 5.837947 0.000000 0.000000 0.000000 1.000000
0.924978 0.013165 -0.379792 -8.301849 -0.017970 0.999797 -0.009108 90.522285 0.379595 0.015249 0.925027 4.779005 0.000000 0.000000 0.000000 1.000000
0.908895 0.010204 -0.416901 -8.116704 -0.015990 0.999818 -0.010387 90.239059 0.416719 0.016107 0.908893 3.554328 0.000000 0.000000 0.000000 1.000000
0.889717 0.006664 -0.456465 -7.873563 -0.012410 0.999877 -0.009591 90.010727 0.456345 0.014198 0.889690 2.288738 0.000000 0.000000 0.000000 1.000000
0.868187 0.002631 -0.496231 -7.588951 -0.007680 0.999937 -0.008134 89.805740 0.496178 0.010873 0.868152 1.047775 0.000000 0.000000 0.000000 1.000000
0.843397 -0.003745 -0.537278 -7.154979 0.001467 0.999988 -0.004667 89.662628 0.537289 0.003148 0.843392 -0.029143 0.000000 0.000000 0.000000 1.000000
0.812525 -0.013901 -0.582760 -6.509690 0.011411 0.999903 -0.007942 89.533470 0.582814 -0.000196 0.812605 -0.836008 0.000000 0.000000 0.000000 1.000000
0.776811 -0.025941 -0.629199 -5.876946 0.019288 0.999663 -0.017402 89.386299 0.629438 0.001382 0.777049 -1.358191 0.000000 0.000000 0.000000 1.000000
0.750874 -0.028209 -0.659843 -5.510553 0.021259 0.999602 -0.018542 89.275955 0.660103 -0.000105 0.751175 -1.604287 0.000000 0.000000 0.000000 1.000000
0.728685 -0.027613 -0.684293 -5.228913 0.021683 0.999616 -0.017247 89.196228 0.684506 -0.002270 0.729004 -1.762219 0.000000 0.000000 0.000000 1.000000
0.717882 -0.023138 -0.695781 -5.104684 0.020325 0.999718 -0.012274 89.232780 0.695869 -0.005331 0.718149 -1.755418 0.000000 0.000000 0.000000 1.000000
0.709450 -0.016325 -0.704566 -5.036117 0.017816 0.999828 -0.005228 89.365555 0.704530 -0.008844 0.709619 -1.695519 0.000000 0.000000 0.000000 1.000000
0.704552 -0.008573 -0.709601 -4.986936 0.015330 0.999878 0.003141 89.510643 0.709487 -0.013091 0.704597 -1.700976 0.000000 0.000000 0.000000 1.000000
0.702374 -0.003653 -0.711799 -4.953083 0.014288 0.999858 0.008968 89.606033 0.711665 -0.016469 0.702326 -1.764769 0.000000 0.000000 0.000000 1.000000
0.703125 0.001142 -0.711065 -4.884710 0.012833 0.999815 0.014295 89.650879 0.710950 -0.019177 0.702981 -1.922592 0.000000 0.000000 0.000000 1.000000
0.704447 0.005901 -0.709732 -4.809460 0.011287 0.999746 0.019515 89.686043 0.709667 -0.021757 0.704202 -2.097723 0.000000 0.000000 0.000000 1.000000
0.706172 0.010634 -0.707961 -4.727706 0.009590 0.999652 0.024582 89.717766 0.707976 -0.024148 0.705824 -2.267688 0.000000 0.000000 0.000000 1.000000
0.709864 0.015281 -0.704173 -4.613567 0.007139 0.999557 0.028888 89.734383 0.704303 -0.025534 0.709440 -2.404333 0.000000 0.000000 0.000000 1.000000</float_array><technique_common><accessor source="#mixamorig_Hips-Matrix-animation-output-transform-array" count="70" stride="16"><param type="float4x4"/></accessor></technique_common></source><source id="mixamorig_Hips-Interpolations"><Name_array id="mixamorig_Hips-Interpolations-array" count="70">
 LINEAR LINEAR LINEAR LINEAR LINEAR LINEAR LINEAR LINEAR LINEAR LINEAR LINEAR
LINEAR LINEAR LINEAR LINEAR LINEAR LINEAR LINEAR LINEAR LINEAR LINEAR LINEAR LINEAR
LINEAR LINEAR LINEAR LINEAR LINEAR LINEAR LINEAR LINEAR LINEAR LINEAR LINEAR LINEAR
LINEAR LINEAR LINEAR LINEAR LINEAR LINEAR LINEAR LINEAR LINEAR LINEAR LINEAR LINEAR
LINEAR LINEAR LINEAR LINEAR LINEAR LINEAR LINEAR LINEAR LINEAR LINEAR LINEAR LINEAR
LINEAR LINEAR LINEAR LINEAR LINEAR LINEAR LINEAR LINEAR LINEAR LINEAR LINEAR</Name_array><technique_common><accessor source="#mixamorig_Hips-Interpolations-array" count="70"><param type="name"/></accessor></technique_common></source><sampler id="mixamorig_Hips-Matrix-animation-transform"><input semantic="INPUT" source="#mixamorig_Hips-Matrix-animation-input"/><input semantic="OUTPUT" source="#mixamorig_Hips-Matrix-animation-output-transform"/><input semantic="INTERPOLATION" source="#mixamorig_Hips-Interpolations"/></sampler><channel source="#mixamorig_Hips-Matrix-animation-transform" target="mixamorig_Hips/matrix"/><source id="mixamorig_Spine-Matrix-animation-input"><float_array id="mixamorig_Spine-Matrix-animation-input-array" count="70">

0.000000 0.033333 0.066667 0.100000 0.133333 0.166667 0.200000 0.233333 0.266667 0.300000 0.333333 0.366667 0.400000 0.433333 0.466667 0.500000
0.533333 0.566667 0.600000 0.633333 0.666667 0.700000 0.733333 0.766667 0.800000 0.833333 0.866667 0.900000 0.933333 0.966667 1.000000 1.033333
1.066667 1.100000 1.133333 1.166667 1.200000 1.233333 1.266667 1.300000 1.333333 1.366667 1.400000 1.433333 1.466667 1.500000 1.533333 1.566667
1.600000 1.633333 1.666667 1.700000 1.733333 1.766667 1.800000 1.833333 1.866667 1.900000 1.933333 1.966667 2.000000 2.033333 2.066667 2.100000
2.133333 2.166667 2.200000 2.233333 2.266667 2.300000</float_array><technique_common><accessor source="#mixamorig_Spine-Matrix-animation-input-array" count="70"><param name="TIME" type="float"/></accessor></technique_common></source><source id="mixamorig_Spine-Matrix-animation-output-transform"><float_array id="mixamorig_Spine-Matrix-animation-output-transform-array" count="1120">

0.980551 0.021833 0.195044 -0.000100 -0.013271 0.998894 -0.045101 9.856800 -0.195813 0.041636 0.979757 -1.223200 0.000000 0.000000 0.000000 1.000000
0.980729 0.021430 0.194193 -0.000100 -0.013015 0.998924 -0.044505 9.856800 -0.194938 0.041120 0.979953 -1.223200 0.000000 0.000000 0.000000 1.000000
0.980903 0.021034 0.193358 -0.000100 -0.012771 0.998955 -0.043879 9.856800 -0.194079 0.040572 0.980147 -1.223200 0.000000 0.000000 0.000000 1.000000
0.981077 0.020635 0.192514 -0.000100 -0.012522 0.998985 -0.043268 9.856800 -0.193212 0.040039 0.980340 -1.223200 0.000000 0.000000 0.000000 1.000000
0.981258 0.020226 0.191637 -0.000100 -0.012249 0.999012 -0.042719 9.856800 -0.192311 0.039571 0.980536 -1.223200 0.000000 0.000000 0.000000 1.000000
0.981449 0.019795 0.190700 -0.000100 -0.011935 0.999035 -0.042277 9.856800 -0.191353 0.039217 0.980737 -1.223200 0.000000 0.000000 0.000000 1.000000
0.981750 0.019154 0.189208 -0.000100 -0.011231 0.999018 -0.042858 9.856800 -0.189843 0.039951 0.981001 -1.223200 0.000000 0.000000 0.000000 1.000000
0.981849 0.018715 0.188736 -0.000100 -0.010733 0.999008 -0.043228 9.856800 -0.189358 0.040418 0.981076 -1.223200 0.000000 0.000000 0.000000 1.000000
0.981430 0.018622 0.190917 -0.000100 -0.010563 0.999013 -0.043143 9.856800 -0.191532 0.040326 0.980658 -1.223200 0.000000 0.000000 0.000000 1.000000
0.980772 0.018540 0.194274 -0.000100 -0.010388 0.999026 -0.042896 9.856800 -0.194880 0.040053 0.980009 -1.223200 0.000000 0.000000 0.000000 1.000000
0.979450 0.018169 0.200867 -0.000100 -0.009861 0.999057 -0.042285 9.856800 -0.201446 0.039436 0.978705 -1.223200 0.000000 0.000000 0.000000 1.000000
0.975263 0.016185 0.220454 -0.000100 -0.007039 0.999084 -0.042209 9.856800 -0.220935 0.039613 0.974484 -1.223200 0.000000 0.000000 0.000000 1.000000
0.970015 0.013850 0.242651 -0.000100 -0.003763 0.999111 -0.041984 9.856800 -0.243016 0.039812 0.969205 -1.223200 0.000000 0.000000 0.000000 1.000000
0.963053 0.010272 0.269115 -0.000100 0.000653 0.999180 -0.040475 9.856800 -0.269310 0.039156 0.962257 -1.223200 0.000000 0.000000 0.000000 1.000000
0.950547 0.002870 0.310569 -0.000100 0.008618 0.999329 -0.035612 9.856800 -0.310462 0.036527 0.949884 -1.223200 0.000000 0.000000 0.000000 1.000000
0.938211 -0.004868 0.346029 -0.000100 0.015828 0.999458 -0.028856 9.856800 -0.345701 0.032551 0.937780 -1.223200 0.000000 0.000000 0.000000 1.000000
0.936173 -0.008349 0.351442 -0.000100 0.017716 0.999568 -0.023447 9.856800 -0.351094 0.028176 0.935916 -1.223200 0.000000 0.000000 0.000000 1.000000
0.940147 -0.009635 0.340633 -0.000100 0.017199 0.999668 -0.019194 9.856800 -0.340335 0.023904 0.940000 -1.223200 0.000000 0.000000 0.000000 1.000000
0.953578 -0.006969 0.301064 -0.000100 0.013047 0.999750 -0.018180 9.856800 -0.300862 0.021264 0.953431 -1.223200 0.000000 0.000000 0.000000 1.000000
0.974203 0.005123 0.225614 -0.000100 -0.001051 0.999834 -0.018164 9.856800 -0.225670 0.017458 0.974047 -1.223200 0.000000 0.000000 0.000000 1.000000
0.989565 0.019683 0.142738 -0.000100 -0.017721 0.999730 -0.015003 9.856800 -0.142994 0.012317 0.989647 -1.223200 0.000000 0.000000 0.000000 1.000000
0.997058 0.032505 0.069411 -0.000100 -0.032064 0.999458 -0.007461 9.856800 -0.069616 0.005213 0.997560 -1.223200 0.000000 0.000000 0.000000 1.000000
0.998119 0.030399 0.053246 -0.000100 -0.030734 0.999513 0.005489 9.856800 -0.053053 -0.007115 0.998566 -1.223200 0.000000 0.000000 0.000000 1.000000
0.997686 0.028256 0.061840 -0.000100 -0.029378 0.999418 0.017313 9.856800 -0.061314 -0.019089 0.997936 -1.223200 0.000000 0.000000 0.000000 1.000000
0.996525 0.026135 0.079089 -0.000100 -0.028364 0.999228 0.027192 9.856800 -0.078317 -0.029341 0.996497 -1.223200 0.000000 0.000000 0.000000 1.000000
0.994673 0.025583 0.099860 -0.000100 -0.028817 0.999101 0.031081 9.856800 -0.098975 -0.033793 0.994516 -1.223200 0.000000 0.000000 0.000000 1.000000
0.990509 0.023399 0.135441 -0.000100 -0.028528 0.998943 0.036050 9.856800 -0.134454 -0.039571 0.990129 -1.223200 0.000000 0.000000 0.000000 1.000000
0.979016 0.013839 0.203312 -0.000100 -0.024512 0.998445 0.050073 9.856800 -0.202303 -0.054006 0.977833 -1.223200 0.000000 0.000000 0.000000 1.000000
0.960822 0.000733 0.277164 -0.000100 -0.020686 0.997397 0.069074 9.856800 -0.276392 -0.072101 0.958337 -1.223200 0.000000 0.000000 0.000000 1.000000
0.940805 -0.011684 0.338746 -0.000100 -0.020587 0.995591 0.091518 9.856800 -0.338322 -0.093075 0.936416 -1.223200 0.000000 0.000000 0.000000 1.000000
0.922209 -0.023539 0.385974 -0.000100 -0.021248 0.993553 0.111359 9.856800 -0.386107 -0.110898 0.915764 -1.223200 0.000000 0.000000 0.000000 1.000000
0.923432 -0.024581 0.382974 -0.000100 -0.019497 0.993653 0.110790 9.856800 -0.383267 -0.109774 0.917091 -1.223200 0.000000 0.000000 0.000000 1.000000
0.927819 -0.026128 0.372115 -0.000100 -0.010432 0.995336 0.095900 9.856800 -0.372885 -0.092860 0.923219 -1.223200 0.000000 0.000000 0.000000 1.000000
0.932374 -0.029395 0.360299 -0.000100 0.000046 0.996698 0.081195 9.856800 -0.361496 -0.075687 0.929297 -1.223200 0.000000 0.000000 0.000000 1.000000
0.937781 -0.029286 0.345989 -0.000100 0.006056 0.997665 0.068031 9.856800 -0.347174 -0.061703 0.935769 -1.223200 0.000000 0.000000 0.000000 1.000000
0.943481 -0.026711 0.330348 -0.000100 0.007728 0.998249 0.058645 9.856800 -0.331336 -0.052777 0.942036 -1.223200 0.000000 0.000000 0.000000 1.000000
0.952287 -0.024237 0.304239 -0.000100 0.009989 0.998783 0.048303 9.856800 -0.305040 -0.042960 0.951370 -1.223200 0.000000 0.000000 0.000000 1.000000
0.967286 -0.018116 0.253042 -0.000100 0.007997 0.999129 0.040961 9.856800 -0.253564 -0.037598 0.966588 -1.223200 0.000000 0.000000 0.000000 1.000000
0.983426 -0.004474 0.181254 -0.000100 -0.002755 0.999211 0.039613 9.856800 -0.181288 -0.039456 0.982638 -1.223200 0.000000 0.000000 0.000000 1.000000
0.994358 0.011090 0.105496 -0.000100 -0.015568 0.999008 0.041722 9.856800 -0.104929 -0.043129 0.993544 -1.223200 0.000000 0.000000 0.000000 1.000000
0.998839 0.025337 0.040968 -0.000100 -0.027191 0.998601 0.045342 9.856800 -0.039762 -0.046403 0.998131 -1.223200 0.000000 0.000000 0.000000 1.000000
0.998789 0.028834 0.039866 -0.000100 -0.030566 0.998584 0.043535 9.856800 -0.038554 -0.044701 0.998256 -1.223200 0.000000 0.000000 0.000000 1.000000
0.998239 0.032522 0.049610 -0.000100 -0.035154 0.997968 0.053139 9.856800 -0.047781 -0.054789 0.997354 -1.223200 0.000000 0.000000 0.000000 1.000000
0.996748 0.033970 0.073072 -0.000100 -0.038452 0.997406 0.060844 9.856800 -0.070815 -0.063456 0.995469 -1.223200 0.000000 0.000000 0.000000 1.000000
0.992618 0.032167 0.116941 -0.000100 -0.039276 0.997485 0.059003 9.856800 -0.114749 -0.063161 0.991385 -1.223200 0.000000 0.000000 0.000000 1.000000
0.985012 0.029083 0.170015 -0.000100 -0.038847 0.997764 0.054391 9.856800 -0.168053 -0.060180 0.983939 -1.223200 0.000000 0.000000 0.000000 1.000000
0.973263 0.023375 0.228503 -0.000100 -0.036407 0.997931 0.052985 9.856800 -0.226792 -0.059888 0.972100 -1.223200 0.000000 0.000000 0.000000 1.000000
0.949591 0.001036 0.313488 -0.000100 -0.024045 0.997290 0.069537 9.856800 -0.312567 -0.073570 0.947043 -1.223200 0.000000 0.000000 0.000000 1.000000
0.926091 -0.018877 0.376827 -0.000100 -0.016328 0.995807 0.090012 9.856800 -0.376946 -0.089512 0.921900 -1.223200 0.000000 0.000000 0.000000 1.000000
0.917779 -0.025467 0.396274 -0.000100 -0.014394 0.995152 0.097292 9.856800 -0.396831 -0.094996 0.912963 -1.223200 0.000000 0.000000 0.000000 1.000000
0.923366 -0.027697 0.382920 -0.000100 -0.006412 0.996143 0.087513 9.856800 -0.383867 -0.083262 0.919627 -1.223200 0.000000 0.000000 0.000000 1.000000
0.931714 -0.027938 0.362118 -0.000100 0.000870 0.997206 0.074697 9.856800 -0.363193 -0.069281 0.929135 -1.223200 0.000000 0.000000 0.000000 1.000000
0.941402 -0.020193 0.336682 -0.000100 -0.002015 0.997852 0.065480 9.856800 -0.337281 -0.062322 0.939339 -1.223200 0.000000 0.000000 0.000000 1.000000
0.950900 -0.005116 0.309457 -0.000100 -0.010400 0.998770 0.048471 9.856800 -0.309324 -0.049309 0.949677 -1.223200 0.000000 0.000000 0.000000 1.000000
0.959859 0.007264 0.280389 -0.000100 -0.014301 0.999632 0.023063 9.856800 -0.280118 -0.026147 0.959609 -1.223200 0.000000 0.000000 0.000000 1.000000
0.968061 0.017697 0.250091 -0.000100 -0.016971 0.999843 -0.005059 9.856800 -0.250141 0.000653 0.968209 -1.223200 0.000000 0.000000 0.000000 1.000000
0.974929 0.026362 0.220948 -0.000100 -0.019400 0.999246 -0.033620 9.856800 -0.221668 0.028491 0.974706 -1.223200 0.000000 0.000000 0.000000 1.000000
0.979085 0.033769 0.200631 -0.000100 -0.021604 0.997810 -0.062517 9.856800 -0.202303 0.056875 0.977670 -1.223200 0.000000 0.000000 0.000000 1.000000
0.980964 0.035065 0.190997 -0.000100 -0.019820 0.996505 -0.081152 9.856800 -0.193175 0.075821 0.978230 -1.223200 0.000000 0.000000 0.000000 1.000000
0.981528 0.034560 0.188171 -0.000100 -0.018762 0.996196 -0.085100 9.856800 -0.190396 0.079997 0.978443 -1.223200 0.000000 0.000000 0.000000 1.000000
0.982736 0.031805 0.182258 -0.000100 -0.016497 0.996253 -0.084902 9.856800 -0.184276 0.080429 0.979578 -1.223200 0.000000 0.000000 0.000000 1.000000
0.984002 0.028529 0.175860 -0.000100 -0.014045 0.996445 -0.083062 9.856800 -0.177605 0.079263 0.980905 -1.223200 0.000000 0.000000 0.000000 1.000000
0.985103 0.024901 0.170153 -0.000100 -0.011892 0.996956 -0.077050 9.856800 -0.171554 0.073879 0.982401 -1.223200 0.000000 0.000000 0.000000 1.000000
0.985515 0.022395 0.168101 -0.000100 -0.010441 0.997374 -0.071662 9.856800 -0.169265 0.068869 0.983161 -1.223200 0.000000 0.000000 0.000000 1.000000
0.985762 0.021727 0.166736 -0.000100 -0.010450 0.997616 -0.068214 9.856800 -0.167820 0.065500 0.983639 -1.223200 0.000000 0.000000 0.000000 1.000000
0.985498 0.023417 0.168065 -0.000100 -0.013072 0.997966 -0.062399 9.856800 -0.169185 0.059297 0.983799 -1.223200 0.000000 0.000000 0.000000 1.000000
0.984463 0.024955 0.173809 -0.000100 -0.014709 0.998090 -0.059993 9.856800 -0.174975 0.056505 0.982950 -1.223200 0.000000 0.000000 0.000000 1.000000
0.983246 0.026409 0.180362 -0.000100 -0.016126 0.998172 -0.058240 9.856800 -0.181570 0.054355 0.981875 -1.223200 0.000000 0.000000 0.000000 1.000000
0.982043 0.027310 0.186671 -0.000100 -0.017021 0.998257 -0.056501 9.856800 -0.187889 0.052309 0.980796 -1.223200 0.000000 0.000000 0.000000 1.000000
0.981179 0.025410 0.191420 -0.000100 -0.015214 0.998395 -0.054552 9.856800 -0.192499 0.050613 0.979991 -1.223200 0.000000 0.000000 0.000000 1.000000</float_array><technique_common><accessor source="#mixamorig_Spine-Matrix-animation-output-transform-array" count="70" stride="16"><param type="float4x4"/></accessor></technique_common></source><source id="mixamorig_Spine-Interpolations"><Name_array id="mixamorig_Spine-Interpolations-array" count="70">
 LINEAR LINEAR LINEAR LINEAR LINEAR LINEAR LINEAR LINEAR LINEAR LINEAR LINEAR
LINEAR LINEAR LINEAR LINEAR LINEAR LINEAR LINEAR LINEAR LINEAR LINEAR LINEAR LINEAR
LINEAR LINEAR LINEAR LINEAR LINEAR LINEAR LINEAR LINEAR LINEAR LINEAR LINEAR LINEAR
LINEAR LINEAR LINEAR LINEAR LINEAR LINEAR LINEAR LINEAR LINEAR LINEAR LINEAR LINEAR
LINEAR LINEAR LINEAR LINEAR LINEAR LINEAR LINEAR LINEAR LINEAR LINEAR LINEAR LINEAR
LINEAR LINEAR LINEAR LINEAR LINEAR LINEAR LINEAR LINEAR LINEAR LINEAR LINEAR</Name_array><technique_common><accessor source="#mixamorig_Spine-Interpolations-array" count="70"><param type="name"/></accessor></technique_common></source><sampler id="mixamorig_Spine-Matrix-animation-transform"><input semantic="INPUT" source="#mixamorig_Spine-Matrix-animation-input"/><input semantic="OUTPUT" source="#mixamorig_Spine-Matrix-animation-output-transform"/><input semantic="INTERPOLATION" source="#mixamorig_Spine-Interpolations"/></sampler><channel source="#mixamorig_Spine-Matrix-animation-transform" target="mixamorig_Spine/matrix"/><source id="mixamorig_Spine1-Matrix-animation-input"><float_array id="mixamorig_Spine1-Matrix-animation-input-array" count="70">

0.000000 0.033333 0.066667 0.100000 0.133333 0.166667 0.200000 0.233333 0.266667 0.300000 0.333333 0.366667 0.400000 0.433333 0.466667 0.500000
0.533333 0.566667 0.600000 0.633333 0.666667 0.700000 0.733333 0.766667 0.800000 0.833333 0.866667 0.900000 0.933333 0.966667 1.000000 1.033333
1.066667 1.100000 1.133333 1.166667 1.200000 1.233333 1.266667 1.300000 1.333333 1.366667 1.400000 1.433333 1.466667 1.500000 1.533333 1.566667
1.600000 1.633333 1.666667 1.700000 1.733333 1.766667 1.800000 1.833333 1.866667 1.900000 1.933333 1.966667 2.000000 2.033333 2.066667 2.100000
2.133333 2.166667 2.200000 2.233333 2.266667 2.300000</float_array><technique_common><accessor source="#mixamorig_Spine1-Matrix-animation-input-array" count="70"><param name="TIME" type="float"/></accessor></technique_common></source><source id="mixamorig_Spine1-Matrix-animation-output-transform"><float_array id="mixamorig_Spine1-Matrix-animation-output-transform-array" count="1120">

0.998847 0.008046 0.047325 0.000000 -0.004915 0.997814 -0.065908 11.653700 -0.047751 0.065599 0.996703 0.000000 0.000000 0.000000 0.000000 1.000000
0.998857 0.007984 0.047118 0.000000 -0.004878 0.997828 -0.065686 11.653700 -0.047540 0.065381 0.996727 0.000000 0.000000 0.000000 0.000000 1.000000
0.998867 0.007930 0.046916 0.000000 -0.004846 0.997843 -0.065469 11.653700 -0.047334 0.065167 0.996751 0.000000 0.000000 0.000000 0.000000 1.000000
0.998877 0.007872 0.046711 0.000000 -0.004812 0.997857 -0.065249 11.653700 -0.047125 0.064951 0.996775 -0.000000 0.000000 0.000000 0.000000 1.000000
0.998888 0.007801 0.046498 0.000000 -0.004766 0.997873 -0.065019 11.653700 -0.046906 0.064725 0.996800 0.000000 0.000000 0.000000 0.000000 1.000000
0.998899 0.007708 0.046269 0.000000 -0.004700 0.997889 -0.064770 11.653700 -0.046671 0.064481 0.996827 0.000000 0.000000 0.000000 0.000000 1.000000
0.998919 0.007401 0.045893 0.000000 -0.004437 0.997918 -0.064338 11.653700 -0.046274 0.064065 0.996872 0.000000 0.000000 0.000000 0.000000 1.000000
0.998926 0.007215 0.045778 -0.000000 -0.004286 0.997956 -0.063767 11.653700 -0.046144 0.063502 0.996914 -0.000000 0.000000 0.000000 0.000000 1.000000
0.998897 0.007457 0.046356 0.000000 -0.004524 0.997999 -0.063067 11.653700 -0.046733 0.062787 0.996932 -0.000000 0.000000 0.000000 0.000000 1.000000
0.998852 0.007923 0.047249 0.000000 -0.004964 0.998038 -0.062417 11.653700 -0.047651 0.062111 0.996931 0.000000 0.000000 0.000000 0.000000 1.000000
0.998756 0.009088 0.049028 0.000000 -0.006031 0.998048 -0.062154 11.653700 -0.049497 0.061781 0.996862 -0.000000 0.000000 0.000000 0.000000 1.000000
0.998461 0.011604 0.054224 0.000000 -0.008186 0.997990 -0.062842 11.653700 -0.054844 0.062302 0.996549 0.000000 0.000000 0.000000 0.000000 1.000000
0.998087 0.014377 0.060123 0.000000 -0.010533 0.997909 -0.063767 11.653700 -0.060914 0.063012 0.996152 -0.000000 0.000000 0.000000 0.000000 1.000000
0.997600 0.017096 0.067102 0.000000 -0.012711 0.997789 -0.065237 11.653700 -0.068069 0.064227 0.995611 0.000000 0.000000 0.000000 0.000000 1.000000
0.996750 0.020323 0.077956 0.000000 -0.014956 0.997517 -0.068816 11.653700 -0.079161 0.067426 0.994579 0.000000 0.000000 0.000000 0.000000 1.000000
0.995942 0.022111 0.087244 0.000000 -0.015895 0.997328 -0.071310 11.653700 -0.088588 0.069634 0.993631 0.000000 0.000000 0.000000 0.000000 1.000000
0.995873 0.020181 0.088490 0.000000 -0.014104 0.997533 -0.068763 11.653700 -0.089659 0.067231 0.993701 0.000000 0.000000 0.000000 0.000000 1.000000
0.996237 0.015599 0.085252 0.000000 -0.010168 0.997913 -0.063769 11.653700 -0.086068 0.062662 0.994317 0.000000 0.000000 0.000000 0.000000 1.000000
0.997251 0.005220 0.073913 0.000000 -0.001100 0.998448 -0.055676 11.653700 -0.074089 0.055442 0.995709 0.000000 0.000000 0.000000 0.000000 1.000000
0.998556 -0.007774 0.053160 0.000000 0.010511 0.998623 -0.051404 11.653700 -0.052687 0.051889 0.997262 -0.000000 0.000000 0.000000 0.000000 1.000000
0.999307 -0.021006 0.030742 0.000000 0.022478 0.998578 -0.048332 11.653700 -0.029683 0.048989 0.998358 0.000000 0.000000 0.000000 0.000000 1.000000
0.999433 -0.031750 0.011169 0.000000 0.032229 0.998437 -0.045657 11.653700 -0.009702 0.045991 0.998895 0.000000 0.000000 0.000000 0.000000 1.000000
0.999528 -0.029737 0.007705 0.000000 0.030036 0.998659 -0.042175 11.653700 -0.006441 0.042386 0.999081 0.000000 0.000000 0.000000 0.000000 1.000000
0.999541 -0.028569 0.010083 0.000000 0.028934 0.998850 -0.038231 11.653700 -0.008979 0.038505 0.999218 0.000000 0.000000 0.000000 0.000000 1.000000
0.999566 -0.025515 0.014746 0.000000 0.026021 0.999042 -0.035198 11.653700 -0.013834 0.035566 0.999272 0.000000 0.000000 0.000000 0.000000 1.000000
0.999613 -0.018636 0.020630 -0.000000 0.019338 0.999222 -0.034358 11.653700 -0.019973 0.034744 0.999197 0.000000 0.000000 0.000000 0.000000 1.000000
0.999509 -0.006162 0.030731 0.000000 0.007262 0.999332 -0.035823 11.653700 -0.030490 0.036028 0.998886 0.000000 0.000000 0.000000 0.000000 1.000000
0.998589 0.017714 0.050067 0.000000 -0.015660 0.999031 -0.041140 11.653700 -0.050748 0.040298 0.997898 0.000000 0.000000 0.000000 0.000000 1.000000
0.996548 0.043203 0.070886 0.000000 -0.039781 0.998006 -0.048996 11.653700 -0.072862 0.046007 0.996280 0.000000 0.000000 0.000000 0.000000 1.000000
0.994237 0.061943 0.087498 0.000000 -0.057012 0.996700 -0.057778 11.653700 -0.090788 0.052457 0.994488 -0.000000 0.000000 0.000000 0.000000 1.000000
0.992176 0.074737 0.100010 0.000000 -0.068392 0.995510 -0.065440 11.653700 -0.104452 0.058088 0.992832 0.000000 0.000000 0.000000 0.000000 1.000000
0.992794 0.067739 0.098849 0.000000 -0.061560 0.996031 -0.064284 11.653700 -0.102811 0.057736 0.993024 0.000000 0.000000 0.000000 0.000000 1.000000
0.993706 0.057686 0.096023 0.000000 -0.052020 0.996811 -0.060505 11.653700 -0.099207 0.055129 0.993539 0.000000 0.000000 0.000000 0.000000 1.000000
0.994521 0.047970 0.092883 0.000000 -0.042853 0.997492 -0.056328 11.653700 -0.095352 0.052039 0.994082 0.000000 0.000000 0.000000 0.000000 1.000000
0.995316 0.038482 0.088681 0.000000 -0.033697 0.997927 -0.054834 11.653700 -0.090607 0.051589 0.994550 0.000000 0.000000 0.000000 0.000000 1.000000
0.996105 0.027650 0.083723 -0.000000 -0.023149 0.998259 -0.054259 11.653700 -0.085078 0.052110 0.995011 -0.000000 0.000000 0.000000 0.000000 1.000000
0.997021 0.014040 0.075846 0.000000 -0.010194 0.998654 -0.050857 11.653700 -0.076458 0.049932 0.995822 0.000000 0.000000 0.000000 0.000000 1.000000
0.998135 -0.005029 0.060840 -0.000000 0.007991 0.998789 -0.048543 11.653700 -0.060522 0.048939 0.996966 0.000000 0.000000 0.000000 0.000000 1.000000
0.998999 -0.016847 0.041437 -0.000000 0.018845 0.998655 -0.048307 11.653700 -0.040567 0.049040 0.997973 0.000000 0.000000 0.000000 0.000000 1.000000
0.999402 -0.027160 0.021408 0.000000 0.028177 0.998416 -0.048693 11.653700 -0.020052 0.049267 0.998584 0.000000 0.000000 0.000000 0.000000 1.000000
0.999378 -0.034957 0.004544 -0.000000 0.035136 0.998212 -0.048358 11.653700 -0.002845 0.048487 0.998820 0.000000 0.000000 0.000000 0.000000 1.000000
0.999544 -0.029806 0.004773 0.000000 0.029982 0.998656 -0.042265 11.653700 -0.003507 0.042389 0.999095 0.000000 0.000000 0.000000 0.000000 1.000000
0.999598 -0.027370 0.007361 0.000000 0.027631 0.998890 -0.038156 11.653700 -0.006309 0.038344 0.999245 0.000000 0.000000 0.000000 0.000000 1.000000
0.999689 -0.020817 0.013752 0.000000 0.021300 0.999125 -0.035997 11.653700 -0.012991 0.036279 0.999257 0.000000 0.000000 0.000000 0.000000 1.000000
0.999646 -0.004810 0.026183 0.000000 0.005765 0.999317 -0.036512 11.653700 -0.025989 0.036650 0.998990 0.000000 0.000000 0.000000 0.000000 1.000000
0.999035 0.015024 0.041276 0.000000 -0.013418 0.999153 -0.038912 11.653700 -0.041826 0.038320 0.998390 0.000000 0.000000 0.000000 0.000000 1.000000
0.997707 0.035330 0.057736 0.000000 -0.032824 0.998502 -0.043786 11.653700 -0.059196 0.041790 0.997371 0.000000 0.000000 0.000000 0.000000 1.000000
0.995106 0.056991 0.080716 -0.000000 -0.052311 0.996889 -0.058952 11.653700 -0.083825 0.054441 0.994992 0.000000 0.000000 0.000000 0.000000 1.000000
0.993060 0.066422 0.097054 0.000000 -0.059504 0.995590 -0.072518 11.653700 -0.101442 0.066240 0.992634 0.000000 0.000000 0.000000 0.000000 1.000000
0.992907 0.061893 0.101513 -0.000000 -0.054284 0.995623 -0.076074 11.653700 -0.105777 0.070024 0.991921 0.000000 0.000000 0.000000 0.000000 1.000000
0.993782 0.052773 0.098046 -0.000000 -0.045912 0.996422 -0.070966 11.653700 -0.101441 0.066023 0.992648 0.000000 0.000000 0.000000 0.000000 1.000000
0.994784 0.042955 0.092519 0.000000 -0.036999 0.997189 -0.065156 11.653700 -0.095057 0.061393 0.993577 0.000000 0.000000 0.000000 0.000000 1.000000
0.995787 0.034021 0.085152 0.000000 -0.028595 0.997530 -0.064155 11.653700 -0.087124 0.061450 0.994300 -0.000000 0.000000 0.000000 0.000000 1.000000
0.996743 0.023999 0.076995 0.000000 -0.019012 0.997713 -0.064866 11.653700 -0.078376 0.063191 0.994919 0.000000 0.000000 0.000000 0.000000 1.000000
0.997550 0.013793 0.068584 0.000000 -0.009380 0.997889 -0.064267 11.653700 -0.069326 0.063466 0.995573 0.000000 0.000000 0.000000 0.000000 1.000000
0.998175 0.005948 0.060090 0.000000 -0.002028 0.997877 -0.065091 11.653700 -0.060349 0.064850 0.996068 -0.000000 0.000000 0.000000 0.000000 1.000000
0.998640 -0.000604 0.052126 0.000000 0.004073 0.997780 -0.066471 11.653700 -0.051970 0.066593 0.996426 0.000000 0.000000 0.000000 0.000000 1.000000
0.998898 -0.002959 0.046834 0.000000 0.006182 0.997610 -0.068817 11.653700 -0.046518 0.069031 0.996529 0.000000 0.000000 0.000000 0.000000 1.000000
0.998990 -0.000831 0.044915 0.000000 0.003971 0.997548 -0.069869 11.653700 -0.044747 0.069977 0.996545 0.000000 0.000000 0.000000 0.000000 1.000000
0.998988 0.003045 0.044867 -0.000000 0.000112 0.997534 -0.070178 11.653700 -0.044970 0.070112 0.996525 -0.000000 0.000000 0.000000 0.000000 1.000000
0.999019 0.005637 0.043916 -0.000000 -0.002578 0.997586 -0.069396 11.653700 -0.044201 0.069215 0.996622 0.000000 0.000000 0.000000 0.000000 1.000000
0.999052 0.007938 0.042806 0.000000 -0.004996 0.997646 -0.068393 11.653700 -0.043248 0.068114 0.996740 0.000000 0.000000 0.000000 0.000000 1.000000
0.999076 0.010064 0.041787 0.000000 -0.007231 0.997700 -0.067400 11.653700 -0.042369 0.067036 0.996851 0.000000 0.000000 0.000000 0.000000 1.000000
0.999082 0.010953 0.041423 0.000000 -0.008158 0.997717 -0.067043 11.653700 -0.042063 0.066643 0.996890 0.000000 0.000000 0.000000 0.000000 1.000000
0.999090 0.011343 0.041112 0.000000 -0.008555 0.997692 -0.067359 11.653700 -0.041781 0.066946 0.996881 0.000000 0.000000 0.000000 0.000000 1.000000
0.999074 0.011708 0.041398 -0.000000 -0.008909 0.997702 -0.067164 11.653700 -0.042089 0.066733 0.996883 0.000000 0.000000 0.000000 0.000000 1.000000
0.999033 0.010830 0.042613 0.000000 -0.007949 0.997707 -0.067210 11.653700 -0.043243 0.066806 0.996828 -0.000000 0.000000 0.000000 0.000000 1.000000
0.998984 0.009724 0.043999 0.000000 -0.006747 0.997710 -0.067305 11.653700 -0.044553 0.066940 0.996762 0.000000 0.000000 0.000000 0.000000 1.000000
0.998933 0.008710 0.045350 0.000000 -0.005634 0.997702 -0.067521 11.653700 -0.045834 0.067193 0.996687 0.000000 0.000000 0.000000 0.000000 1.000000
0.998886 0.008256 0.046453 0.000000 -0.005066 0.997647 -0.068373 11.653700 -0.046908 0.068061 0.996578 0.000000 0.000000 0.000000 0.000000 1.000000</float_array><technique_common><accessor source="#mixamorig_Spine1-Matrix-animation-output-transform-array" count="70" stride="16"><param type="float4x4"/></accessor></technique_common></source><source id="mixamorig_Spine1-Interpolations"><Name_array id="mixamorig_Spine1-Interpolations-array" count="70">
 LINEAR LINEAR LINEAR LINEAR LINEAR LINEAR LINEAR LINEAR LINEAR LINEAR LINEAR
LINEAR LINEAR LINEAR LINEAR LINEAR LINEAR LINEAR LINEAR LINEAR LINEAR LINEAR LINEAR
LINEAR LINEAR LINEAR LINEAR LINEAR LINEAR LINEAR LINEAR LINEAR LINEAR LINEAR LINEAR
LINEAR LINEAR LINEAR LINEAR LINEAR LINEAR LINEAR LINEAR LINEAR LINEAR LINEAR LINEAR
LINEAR LINEAR LINEAR LINEAR LINEAR LINEAR LINEAR LINEAR LINEAR LINEAR LINEAR LINEAR
LINEAR LINEAR LINEAR LINEAR LINEAR LINEAR LINEAR LINEAR LINEAR LINEAR LINEAR</Name_array><technique_common><accessor source="#mixamorig_Spine1-Interpolations-array" count="70"><param type="name"/></accessor></technique_common></source><sampler id="mixamorig_Spine1-Matrix-animation-transform"><input semantic="INPUT" source="#mixamorig_Spine1-Matrix-animation-input"/><input semantic="OUTPUT" source="#mixamorig_Spine1-Matrix-animation-output-transform"/><input semantic="INTERPOLATION" source="#mixamorig_Spine1-Interpolations"/></sampler><channel source="#mixamorig_Spine1-Matrix-animation-transform" target="mixamorig_Spine1/matrix"/><source id="mixamorig_Spine2-Matrix-animation-input"><float_array id="mixamorig_Spine2-Matrix-animation-input-array" count="70">

0.000000 0.033333 0.066667 0.100000 0.133333 0.166667 0.200000 0.233333 0.266667 0.300000 0.333333 0.366667 0.400000 0.433333 0.466667 0.500000
0.533333 0.566667 0.600000 0.633333 0.666667 0.700000 0.733333 0.766667 0.800000 0.833333 0.866667 0.900000 0.933333 0.966667 1.000000 1.033333
1.066667 1.100000 1.133333 1.166667 1.200000 1.233333 1.266667 1.300000 1.333333 1.366667 1.400000 1.433333 1.466667 1.500000 1.533333 1.566667
1.600000 1.633333 1.666667 1.700000 1.733333 1.766667 1.800000 1.833333 1.866667 1.900000 1.933333 1.966667 2.000000 2.033333 2.066667 2.100000
