<?xml version="1.0" encoding="utf-8"?>
<COLLADA xmlns="http://www.collada.org/2005/11/COLLADASchema" version="1.4.1">
  <asset>
    <contributor>
      <author>Mixamo</author>
      <authoring_tool>COLLADA Mixamo exporter</authoring_tool>
      <comments/>
    </contributor>
    <created>2018-01-13T00:36:35Z</created>
    <modified>2018-01-13T00:36:35Z</modified>
    <revision/>
    <title/>
    <unit meter="0.010000"/>
    <up_axis>Y_UP</up_axis>
  </asset>
  <library_animations>
    <animation>
      <source id="mixamorig_Hips-Matrix-animation-input">
        <float_array id="mixamorig_Hips-Matrix-animation-input-array" count="36">

0.000000 0.033333 0.066667 0.100000 0.133333 0.166667 0.200000 0.233333 0.266667 0.300000 0.333333 0.366667 0.400000 0.433333 0.466667 0.500000
0.533333 0.566667 0.600000 0.633333 0.666667 0.700000 0.733333 0.766667 0.800000 0.833333 0.866667 0.900000 0.933333 0.966667 1.000000 1.033333
1.066667 1.100000 1.133333 1.166667</float_array>
        <technique_common>
          <accessor source="#mixamorig_Hips-Matrix-animation-input-array" count="36">
            <param name="TIME" type="float"/>
          </accessor>
        </technique_common>
      </source>
      <source id="mixamorig_Hips-Matrix-animation-output-transform">
        <float_array id="mixamorig_Hips-Matrix-animation-output-transform-array" count="576">

0.899078 -0.053628 -0.434492 0.296750 -0.030153 0.982527 -0.183664 91.806793 0.436749 0.178229 0.881751 -0.890567 0.000000 0.000000 0.000000 1.000000
0.880677 -0.065041 -0.469230 0.396787 -0.028526 0.981451 -0.189580 91.518814 0.472857 0.180344 0.862486 -1.328414 0.000000 0.000000 0.000000 1.000000
0.858687 -0.076146 -0.506812 0.585397 -0.028933 0.980121 -0.196279 91.082420 0.511683 0.183205 0.839414 -1.601791 0.000000 0.000000 0.000000 1.000000
0.831089 -0.088315 -0.549082 0.896806 -0.031551 0.978233 -0.205095 90.585342 0.555243 0.187776 0.810213 -1.806097 0.000000 0.000000 0.000000 1.000000
0.805239 -0.100490 -0.584374 1.266005 -0.033988 0.976092 -0.214684 90.100311 0.591976 0.192734 0.782572 -1.823907 0.000000 0.000000 0.000000 1.000000
0.792141 -0.108903 -0.600543 1.497423 -0.034167 0.974497 -0.221783 89.688728 0.609381 0.196202 0.768219 -1.653174 0.000000 0.000000 0.000000 1.000000
0.802662 -0.112952 -0.585642 1.516552 -0.028008 0.973683 -0.226180 89.416306 0.595777 0.197948 0.778374 -1.374750 0.000000 0.000000 0.000000 1.000000
0.843137 -0.110830 -0.526153 1.333336 -0.016249 0.972828 -0.230958 89.379639 0.537453 0.203279 0.818426 -0.947145 0.000000 0.000000 0.000000 1.000000
0.903506 -0.101309 -0.416429 1.001771 0.001785 0.972540 -0.232729 89.537933 0.428571 0.209529 0.878877 -0.390226 0.000000 0.000000 0.000000 1.000000
0.965658 -0.081493 -0.246706 0.550110 0.023764 0.973260 -0.228472 89.826683 0.258728 0.214763 0.941773 0.276441 0.000000 0.000000 0.000000 1.000000
0.998564 -0.047250 -0.025250 0.076422 0.040709 0.975604 -0.215729 90.081337 0.034828 0.214391 0.976127 1.065173 0.000000 0.000000 0.000000 1.000000
0.975679 -0.008140 0.219052 -0.297183 0.052479 0.978924 -0.197369 90.292938 -0.212829 0.204065 0.955543 2.000206 0.000000 0.000000 0.000000 1.000000
0.893114 0.026898 0.449025 -0.534458 0.057922 0.983024 -0.174092 90.381424 -0.446086 0.181492 0.876395 3.018975 0.000000 0.000000 0.000000 1.000000
0.773052 0.047848 0.632535 -0.752775 0.059778 0.987219 -0.147735 90.259369 -0.631519 0.152019 0.760311 3.993963 0.000000 0.000000 0.000000 1.000000
0.657205 0.053899 0.751782 -0.894849 0.058555 0.990774 -0.122222 89.890404 -0.751434 0.124346 0.647985 4.761563 0.000000 0.000000 0.000000 1.000000
0.584827 0.047467 0.809768 -0.926010 0.058947 0.993160 -0.100790 89.460579 -0.809013 0.106679 0.578029 5.280194 0.000000 0.000000 0.000000 1.000000
0.552789 0.047056 0.831992 -1.100582 0.063712 0.993096 -0.098499 89.202614 -0.830882 0.107457 0.545974 5.850036 0.000000 0.000000 0.000000 1.000000
0.528589 0.048448 0.847494 -1.301545 0.068777 0.992644 -0.099643 88.979362 -0.846087 0.110958 0.521368 6.428946 0.000000 0.000000 0.000000 1.000000
0.506606 0.052154 0.860599 -1.494532 0.072124 0.992106 -0.102581 88.795898 -0.859156 0.114038 0.498845 6.999311 0.000000 0.000000 0.000000 1.000000
0.495632 0.066177 0.866008 -1.636182 0.069555 0.990866 -0.115526 88.813065 -0.865743 0.117493 0.486502 7.521085 0.000000 0.000000 0.000000 1.000000
0.515412 0.076789 0.853495 -1.498281 0.067146 0.989296 -0.129556 88.902542 -0.854308 0.124083 0.504739 7.720352 0.000000 0.000000 0.000000 1.000000
0.547427 0.084631 0.832563 -1.256091 0.064757 0.987606 -0.142970 89.034325 -0.834344 0.132180 0.535162 7.762753 0.000000 0.000000 0.000000 1.000000
0.609784 0.082860 0.788224 -0.772002 0.063781 0.986164 -0.153011 89.305382 -0.789997 0.143577 0.596062 7.343323 0.000000 0.000000 0.000000 1.000000
0.687281 0.074311 0.722581 -0.260361 0.061956 0.985132 -0.160241 89.671646 -0.723745 0.154899 0.672458 6.682916 0.000000 0.000000 0.000000 1.000000
0.770931 0.063259 0.633769 0.255908 0.055891 0.984498 -0.166255 90.122749 -0.634461 0.163593 0.755444 5.986928 0.000000 0.000000 0.000000 1.000000
0.851842 0.053124 0.521098 0.761158 0.043971 0.984080 -0.172202 90.640976 -0.521950 0.169602 0.835944 5.345512 0.000000 0.000000 0.000000 1.000000
0.919981 0.043703 0.389519 1.182374 0.028217 0.983802 -0.177023 91.171204 -0.390946 0.173849 0.903846 4.735631 0.000000 0.000000 0.000000 1.000000
0.965915 0.034954 0.256489 1.344666 0.012684 0.983260 -0.181765 91.510956 -0.258549 0.178822 0.949302 4.084735 0.000000 0.000000 0.000000 1.000000
0.992436 0.026010 0.119977 1.455897 -0.003644 0.983108 -0.182989 91.812088 -0.122710 0.181168 0.975767 3.425000 0.000000 0.000000 0.000000 1.000000
0.999757 0.016611 -0.014504 1.526917 -0.018955 0.983434 -0.180275 92.066948 0.011270 0.180506 0.983509 2.746900 0.000000 0.000000 0.000000 1.000000
0.992019 0.003646 -0.126032 1.400499 -0.026192 0.983735 -0.177708 92.087784 0.123334 0.179590 0.975979 1.973794 0.000000 0.000000 0.000000 1.000000
0.976576 -0.006538 -0.215072 1.220396 -0.031878 0.984112 -0.174666 92.125122 0.212796 0.177430 0.960852 1.219666 0.000000 0.000000 0.000000 1.000000
0.955605 -0.016325 -0.294198 1.015990 -0.036009 0.984510 -0.171591 92.150261 0.292442 0.174567 0.940215 0.502343 0.000000 0.000000 0.000000 1.000000
0.935754 -0.027656 -0.351568 0.743760 -0.035470 0.984484 -0.171854 92.097885 0.350865 0.173283 0.920253 -0.049943 0.000000 0.000000 0.000000 1.000000
0.916403 -0.041314 -0.398119 0.435403 -0.032151 0.983847 -0.176102 91.983170 0.398964 0.174181 0.900272 -0.509954 0.000000 0.000000 0.000000 1.000000
0.899078 -0.053628 -0.434492 0.296745 -0.030153 0.982527 -0.183664 91.806747 0.436749 0.178229 0.881751 -0.890569 0.000000 0.000000 0.000000 1.000000</float_array>
        <technique_common>
          <accessor source="#mixamorig_Hips-Matrix-animation-output-transform-array" count="36" stride="16">
            <param type="float4x4"/>
          </accessor>
        </technique_common>
      </source>
      <source id="mixamorig_Hips-Interpolations">
        <Name_array id="mixamorig_Hips-Interpolations-array" count="36">
 LINEAR LINEAR LINEAR LINEAR LINEAR LINEAR LINEAR LINEAR LINEAR LINEAR LINEAR
LINEAR LINEAR LINEAR LINEAR LINEAR LINEAR LINEAR LINEAR LINEAR LINEAR LINEAR LINEAR
LINEAR LINEAR LINEAR LINEAR LINEAR LINEAR LINEAR LINEAR LINEAR LINEAR LINEAR LINEAR
LINEAR</Name_array>
        <technique_common>
          <accessor source="#mixamorig_Hips-Interpolations-array" count="36">
            <param type="name"/>
          </accessor>
        </technique_common>
      </source>
      <sampler id="mixamorig_Hips-Matrix-animation-transform">
        <input semantic="INPUT" source="#mixamorig_Hips-Matrix-animation-input"/>
        <input semantic="OUTPUT" source="#mixamorig_Hips-Matrix-animation-output-transform"/>
        <input semantic="INTERPOLATION" source="#mixamorig_Hips-Interpolations"/>
      </sampler>
      <channel source="#mixamorig_Hips-Matrix-animation-transform" target="mixamorig_Hips/matrix"/>
      <source id="mixamorig_Spine-Matrix-animation-input">
        <float_array id="mixamorig_Spine-Matrix-animation-input-array" count="36">

0.000000 0.033333 0.066667 0.100000 0.133333 0.166667 0.200000 0.233333 0.266667 0.300000 0.333333 0.366667 0.400000 0.433333 0.466667 0.500000
0.533333 0.566667 0.600000 0.633333 0.666667 0.700000 0.733333 0.766667 0.800000 0.833333 0.866667 0.900000 0.933333 0.966667 1.000000 1.033333
1.066667 1.100000 1.133333 1.166667</float_array>
        <technique_common>
          <accessor source="#mixamorig_Spine-Matrix-animation-input-array" count="36">
            <param name="TIME" type="float"/>
          </accessor>
        </technique_common>
      </source>
      <source id="mixamorig_Spine-Matrix-animation-output-transform">
        <float_array id="mixamorig_Spine-Matrix-animation-output-transform-array" count="576">

0.999963 0.008171 -0.002657 -0.000000 -0.008248 0.999507 -0.030306 9.923500 0.002408 0.030327 0.999537 -1.227300 0.000000 0.000000 0.000000 1.000000
0.999914 0.012631 -0.003585 -0.000000 -0.012739 0.999414 -0.031776 9.923500 0.003181 0.031819 0.999489 -1.227300 0.000000 0.000000 0.000000 1.000000
0.999865 0.015524 -0.005424 -0.000000 -0.015696 0.999322 -0.033309 9.923500 0.004903 0.033390 0.999430 -1.227300 0.000000 0.000000 0.000000 1.000000
0.999807 0.016627 -0.010475 -0.000000 -0.016984 0.999246 -0.034925 9.923500 0.009887 0.035096 0.999335 -1.227300 0.000000 0.000000 0.000000 1.000000
0.999678 0.017049 -0.018807 -0.000000 -0.017711 0.999209 -0.035615 9.923500 0.018185 0.035936 0.999189 -1.227300 0.000000 0.000000 0.000000 1.000000
0.999427 0.017724 -0.028852 0.000000 -0.018747 0.999191 -0.035571 9.923500 0.028198 0.036092 0.998951 -1.227300 0.000000 0.000000 0.000000 1.000000
0.999086 0.019019 -0.038289 0.000000 -0.020402 0.999141 -0.036060 9.923500 0.037571 0.036808 0.998616 -1.227300 0.000000 0.000000 0.000000 1.000000
0.998803 0.018130 -0.045426 0.000000 -0.019734 0.999189 -0.035109 9.923500 0.044753 0.035964 0.998351 -1.227300 0.000000 0.000000 0.000000 1.000000
0.998731 0.014552 -0.048217 0.000000 -0.016218 0.999278 -0.034350 9.923500 0.047683 0.035088 0.998246 -1.227300 0.000000 0.000000 0.000000 1.000000
0.998922 0.006132 -0.046010 -0.000000 -0.007707 0.999387 -0.034137 9.923500 0.045773 0.034455 0.998357 -1.227300 0.000000 0.000000 0.000000 1.000000
0.999092 -0.006870 -0.042051 0.000000 0.005473 0.999433 -0.033231 9.923500 0.042256 0.032971 0.998563 -1.227300 0.000000 0.000000 0.000000 1.000000
0.999120 -0.022223 -0.035561 0.000000 0.021104 0.999279 -0.031561 9.923500 0.036236 0.030782 0.998869 -1.227300 0.000000 0.000000 0.000000 1.000000
0.998990 -0.036485 -0.026225 -0.000000 0.035717 0.998936 -0.029163 9.923500 0.027261 0.028197 0.999231 -1.227300 0.000000 0.000000 0.000000 1.000000
0.998923 -0.044151 -0.014267 -0.000000 0.043756 0.998680 -0.026899 9.923500 0.015436 0.026246 0.999536 -1.227300 0.000000 0.000000 0.000000 1.000000
0.998930 -0.046252 -0.000488 0.000000 0.046224 0.998598 -0.025801 9.923500 0.001680 0.025751 0.999667 -1.227300 0.000000 0.000000 0.000000 1.000000
0.998912 -0.044905 0.012572 0.000000 0.045221 0.998638 -0.026017 9.923500 -0.011387 0.026557 0.999582 -1.227300 0.000000 0.000000 0.000000 1.000000
0.998949 -0.040432 0.021586 -0.000000 0.041014 0.998788 -0.027222 9.923500 -0.020459 0.028079 0.999396 -1.227300 0.000000 0.000000 0.000000 1.000000
0.998931 -0.035371 0.029771 -0.000000 0.036226 0.998932 -0.028679 9.923500 -0.028725 0.029727 0.999145 -1.227300 0.000000 0.000000 0.000000 1.000000
0.998843 -0.030637 0.037062 0.000000 0.031761 0.999041 -0.030125 9.923500 -0.036103 0.031267 0.998859 -1.227300 0.000000 0.000000 0.000000 1.000000
0.998811 -0.027966 0.039930 0.000000 0.029216 0.999090 -0.031075 9.923500 -0.039025 0.032205 0.998719 -1.227300 0.000000 0.000000 0.000000 1.000000
0.998880 -0.023919 0.040829 0.000000 0.025248 0.999157 -0.032370 9.923500 -0.040020 0.033365 0.998642 -1.227300 0.000000 0.000000 0.000000 1.000000
0.998978 -0.019473 0.040790 -0.000000 0.020855 0.999214 -0.033716 9.923500 -0.040101 0.034532 0.998599 -1.227300 0.000000 0.000000 0.000000 1.000000
0.999171 -0.014419 0.038066 -0.000000 0.015751 0.999265 -0.034940 9.923500 -0.037534 0.035511 0.998664 -1.227300 0.000000 0.000000 0.000000 1.000000
0.999404 -0.010887 0.032770 0.000000 0.012020 0.999330 -0.034578 9.923500 -0.032372 0.034951 0.998865 -1.227300 0.000000 0.000000 0.000000 1.000000
0.999622 -0.008567 0.026116 -0.000000 0.009450 0.999381 -0.033873 9.923500 -0.025809 0.034107 0.999085 -1.227300 0.000000 0.000000 0.000000 1.000000
0.999775 -0.007831 0.019702 0.000000 0.008482 0.999412 -0.033207 9.923500 -0.019430 0.033367 0.999254 -1.227300 0.000000 0.000000 0.000000 1.000000
0.999861 -0.008252 0.014506 -0.000000 0.008718 0.999438 -0.032374 9.923500 -0.014231 0.032496 0.999371 -1.227300 0.000000 0.000000 0.000000 1.000000
0.999909 -0.007641 0.011118 -0.000000 0.007985 0.999482 -0.031190 9.923500 -0.010874 0.031276 0.999452 -1.227300 0.000000 0.000000 0.000000 1.000000
0.999944 -0.006805 0.008083 0.000000 0.007044 0.999527 -0.029944 9.923500 -0.007875 0.029999 0.999519 -1.227300 0.000000 0.000000 0.000000 1.000000
0.999971 -0.005543 0.005248 -0.000000 0.005692 0.999568 -0.028820 9.923500 -0.005086 0.028849 0.999571 -1.227300 0.000000 0.000000 0.000000 1.000000
0.999992 -0.002116 0.003356 0.000000 0.002211 0.999594 -0.028392 9.923500 -0.003295 0.028399 0.999591 -1.227300 0.000000 0.000000 0.000000 1.000000
0.999997 -0.001491 0.001840 -0.000000 0.001543 0.999592 -0.028529 9.923500 -0.001797 0.028532 0.999591 -1.227300 0.000000 0.000000 0.000000 1.000000
0.999999 -0.001077 0.000441 0.000000 0.001090 0.999585 -0.028776 9.923500 -0.000410 0.028777 0.999586 -1.227300 0.000000 0.000000 0.000000 1.000000
0.999999 0.001082 -0.000750 -0.000000 -0.001103 0.999579 -0.029003 9.923500 0.000718 0.029004 0.999579 -1.227300 0.000000 0.000000 0.000000 1.000000
0.999987 0.004913 -0.001684 0.000000 -0.004961 0.999540 -0.029936 9.923500 0.001536 0.029943 0.999550 -1.227300 0.000000 0.000000 0.000000 1.000000
0.999963 0.008172 -0.002657 -0.000000 -0.008248 0.999507 -0.030306 9.923500 0.002408 0.030327 0.999537 -1.227300 0.000000 0.000000 0.000000 1.000000</float_array>
        <technique_common>
          <accessor source="#mixamorig_Spine-Matrix-animation-output-transform-array" count="36" stride="16">
            <param type="float4x4"/>
          </accessor>
        </technique_common>
      </source>
      <source id="mixamorig_Spine-Interpolations">
        <Name_array id="mixamorig_Spine-Interpolations-array" count="36">
 LINEAR LINEAR LINEAR LINEAR LINEAR LINEAR LINEAR LINEAR LINEAR LINEAR LINEAR
LINEAR LINEAR LINEAR LINEAR LINEAR LINEAR LINEAR LINEAR LINEAR LINEAR LINEAR LINEAR
LINEAR LINEAR LINEAR LINEAR LINEAR LINEAR LINEAR LINEAR LINEAR LINEAR LINEAR LINEAR
LINEAR</Name_array>
        <technique_common>
          <accessor source="#mixamorig_Spine-Interpolations-array" count="36">
            <param type="name"/>
          </accessor>
        </technique_common>
      </source>
      <sampler id="mixamorig_Spine-Matrix-animation-transform">
        <input semantic="INPUT" source="#mixamorig_Spine-Matrix-animation-input"/>
        <input semantic="OUTPUT" source="#mixamorig_Spine-Matrix-animation-output-transform"/>
        <input semantic="INTERPOLATION" source="#mixamorig_Spine-Interpolations"/>
      </sampler>
      <channel source="#mixamorig_Spine-Matrix-animation-transform" target="mixamorig_Spine/matrix"/>
      <source id="mixamorig_Spine1-Matrix-animation-input">
        <float_array id="mixamorig_Spine1-Matrix-animation-input-array" count="36">

0.000000 0.033333 0.066667 0.100000 0.133333 0.166667 0.200000 0.233333 0.266667 0.300000 0.333333 0.366667 0.400000 0.433333 0.466667 0.500000
0.533333 0.566667 0.600000 0.633333 0.666667 0.700000 0.733333 0.766667 0.800000 0.833333 0.866667 0.900000 0.933333 0.966667 1.000000 1.033333
1.066667 1.100000 1.133333 1.166667</float_array>
        <technique_common>
          <accessor source="#mixamorig_Spine1-Matrix-animation-input-array" count="36">
            <param name="TIME" type="float"/>
          </accessor>
        </technique_common>
      </source>
      <source id="mixamorig_Spine1-Matrix-animation-output-transform">
        <float_array id="mixamorig_Spine1-Matrix-animation-output-transform-array" count="576">

0.999996 -0.001130 -0.002412 -0.000100 0.000984 0.998209 -0.059813 11.645400 0.002475 0.059810 0.998207 -1.422300 0.000000 0.000000 0.000000 1.000000
0.999995 -0.000984 -0.002975 -0.000100 0.000798 0.998074 -0.062028 11.645400 0.003030 0.062025 0.998070 -1.422300 0.000000 0.000000 0.000000 1.000000
0.999986 -0.001332 -0.005077 -0.000100 0.000995 0.997835 -0.065766 11.645400 0.005154 0.065760 0.997822 -1.422300 0.000000 0.000000 0.000000 1.000000
0.999903 -0.002609 -0.013699 -0.000100 0.001648 0.997567 -0.069702 11.645400 0.013847 0.069672 0.997474 -1.422300 0.000000 0.000000 0.000000 1.000000
0.999580 -0.004493 -0.028641 -0.000100 0.002421 0.997403 -0.071984 11.645400 0.028890 0.071884 0.996994 -1.422300 0.000000 0.000000 0.000000 1.000000
0.998883 -0.005476 -0.046942 -0.000100 0.002025 0.997311 -0.073251 11.645400 0.047217 0.073075 0.996208 -1.422300 0.000000 0.000000 0.000000 1.000000
0.997889 -0.006183 -0.064650 -0.000100 0.001386 0.997258 -0.073986 11.645400 0.064930 0.073740 0.995162 -1.422300 0.000000 0.000000 0.000000 1.000000
0.996867 -0.007816 -0.078703 -0.000100 0.002048 0.997323 -0.073100 11.645400 0.079063 0.072709 0.994214 -1.422300 0.000000 0.000000 0.000000 1.000000
0.996309 -0.010207 -0.085231 -0.000100 0.004101 0.997431 -0.071514 11.645400 0.085742 0.070900 0.993791 -1.422300 0.000000 0.000000 0.000000 1.000000
0.996450 -0.014598 -0.082912 -0.000100 0.008808 0.997524 -0.069775 11.645400 0.083726 0.068797 0.994111 -1.422300 0.000000 0.000000 0.000000 1.000000
0.996829 -0.021322 -0.076669 -0.000100 0.016146 0.997589 -0.067501 11.645400 0.077924 0.066049 0.994769 -1.422300 0.000000 0.000000 0.000000 1.000000
0.997422 -0.028990 -0.065648 -0.000100 0.024753 0.997612 -0.064473 11.645400 0.067360 0.062681 0.995758 -1.422300 0.000000 0.000000 0.000000 1.000000
0.998262 -0.034389 -0.047854 -0.000100 0.031451 0.997652 -0.060839 11.645400 0.049834 0.059228 0.997000 -1.422300 0.000000 0.000000 0.000000 1.000000
0.999151 -0.035265 -0.021285 -0.000100 0.033977 0.997733 -0.058093 11.645400 0.023285 0.057320 0.998084 -1.422300 0.000000 0.000000 0.000000 1.000000
0.999405 -0.032542 0.011397 -0.000100 0.033147 0.997784 -0.057699 11.645400 -0.009494 0.058042 0.998269 -1.422300 0.000000 0.000000 0.000000 1.000000
0.998707 -0.027531 0.042729 -0.000100 0.030052 0.997774 -0.059529 11.645400 -0.040995 0.060737 0.997312 -1.422300 0.000000 0.000000 0.000000 1.000000
0.997910 -0.019340 0.061659 -0.000100 0.023190 0.997785 -0.062348 11.645400 -0.060317 0.063648 0.996148 -1.422300 0.000000 0.000000 0.000000 1.000000
0.996892 -0.010505 0.078076 -0.000100 0.015648 0.997726 -0.065553 11.645400 -0.077210 0.066571 0.994790 -1.422300 0.000000 0.000000 0.000000 1.000000
0.995726 -0.002017 0.092335 -0.000100 0.008400 0.997596 -0.068792 11.645400 -0.091974 0.069274 0.993349 -1.422300 0.000000 0.000000 0.000000 1.000000
0.995349 0.003974 0.096253 -0.000100 0.002880 0.997474 -0.070970 11.645400 -0.096292 0.070917 0.992824 -1.422300 0.000000 0.000000 0.000000 1.000000
0.995442 0.007786 0.095053 -0.000100 -0.000924 0.997403 -0.072023 11.645400 -0.095367 0.071607 0.992863 -1.422300 0.000000 0.000000 0.000000 1.000000
0.995717 0.010930 0.091808 -0.000100 -0.004237 0.997339 -0.072787 11.645400 -0.092359 0.072086 0.993113 -1.422300 0.000000 0.000000 0.000000 1.000000
0.996428 0.012929 0.083455 -0.000100 -0.006801 0.997287 -0.073296 11.645400 -0.084176 0.072466 0.993812 -1.422300 0.000000 0.000000 0.000000 1.000000
0.997394 0.013222 0.070926 -0.000100 -0.008062 0.997332 -0.072546 11.645400 -0.071696 0.071786 0.994840 -1.422300 0.000000 0.000000 0.000000 1.000000
0.998355 0.012093 0.056037 -0.000100 -0.008095 0.997442 -0.071028 11.645400 -0.056753 0.070457 0.995899 -1.422300 0.000000 0.000000 0.000000 1.000000
0.999087 0.010372 0.041444 -0.000100 -0.007491 0.997583 -0.069075 11.645400 -0.042060 0.068702 0.996750 -1.422300 0.000000 0.000000 0.000000 1.000000
0.999539 0.008957 0.029026 -0.000100 -0.006996 0.997732 -0.066948 11.645400 -0.029560 0.066714 0.997334 -1.422300 0.000000 0.000000 0.000000 1.000000
0.999735 0.008386 0.021446 -0.000100 -0.006980 0.997874 -0.064804 11.645400 -0.021944 0.064637 0.997668 -1.422300 0.000000 0.000000 0.000000 1.000000
0.999858 0.008002 0.014810 -0.000100 -0.007059 0.998010 -0.062660 11.645400 -0.015282 0.062547 0.997925 -1.422300 0.000000 0.000000 0.000000 1.000000
0.999931 0.007773 0.008785 -0.000100 -0.007227 0.998135 -0.060619 11.645400 -0.009239 0.060551 0.998122 -1.422300 0.000000 0.000000 0.000000 1.000000
0.999950 0.008190 0.005714 -0.000100 -0.007838 0.998220 -0.059125 11.645400 -0.006188 0.059078 0.998234 -1.422300 0.000000 0.000000 0.000000 1.000000
0.999972 0.006781 0.003193 -0.000100 -0.006581 0.998231 -0.059093 11.645400 -0.003588 0.059071 0.998247 -1.422300 0.000000 0.000000 0.000000 1.000000
0.999988 0.004880 0.000939 -0.000100 -0.004816 0.998227 -0.059328 11.645400 -0.001227 0.059323 0.998238 -1.422300 0.000000 0.000000 0.000000 1.000000
0.999997 0.002357 -0.000537 -0.000100 -0.002384 0.998231 -0.059401 11.645400 0.000396 0.059402 0.998234 -1.422300 0.000000 0.000000 0.000000 1.000000
0.999999 0.000357 -0.001453 -0.000100 -0.000443 0.998223 -0.059584 11.645400 0.001429 0.059584 0.998222 -1.422300 0.000000 0.000000 0.000000 1.000000
0.999996 -0.001130 -0.002412 -0.000100 0.000984 0.998209 -0.059813 11.645400 0.002476 0.059810 0.998207 -1.422300 0.000000 0.000000 0.000000 1.000000</float_array>
        <technique_common>
          <accessor source="#mixamorig_Spine1-Matrix-animation-output-transform-array" count="36" stride="16">
            <param type="float4x4"/>
          </accessor>
        </technique_common>
      </source>
      <source id="mixamorig_Spine1-Interpolations">
        <Name_array id="mixamorig_Spine1-Interpolations-array" count="36">
 LINEAR LINEAR LINEAR LINEAR LINEAR LINEAR LINEAR LINEAR LINEAR LINEAR LINEAR
LINEAR LINEAR LINEAR LINEAR LINEAR LINEAR LINEAR LINEAR LINEAR LINEAR LINEAR LINEAR
LINEAR LINEAR LINEAR LINEAR LINEAR LINEAR LINEAR LINEAR LINEAR LINEAR LINEAR LINEAR
LINEAR</Name_array>
        <technique_common>
          <accessor source="#mixamorig_Spine1-Interpolations-array" count="36">
            <param type="name"/>
          </accessor>
        </technique_common>
      </source>
      <sampler id="mixamorig_Spine1-Matrix-animation-transform">
        <input semantic="INPUT" source="#mixamorig_Spine1-Matrix-animation-input"/>
        <input semantic="OUTPUT" source="#mixamorig_Spine1-Matrix-animation-output-transform"/>
        <input semantic="INTERPOLATION" source="#mixamorig_Spine1-Interpolations"/>
      </sampler>
      <channel source="#mixamorig_Spine1-Matrix-animation-transform" target="mixamorig_Spine1/matrix"/>
      <source id="mixamorig_Spine2-Matrix-animation-input">
        <float_array id="mixamorig_Spine2-Matrix-animation-input-array" count="36">

0.000000 0.033333 0.066667 0.100000 0.133333 0.166667 0.200000 0.233333 0.266667 0.300000 0.333333 0.366667 0.400000 0.433333 0.466667 0.500000
0.533333 0.566667 0.600000 0.633333 0.666667 0.700000 0.733333 0.766667 0.800000 0.833333 0.866667 0.900000 0.933333 0.966667 1.000000 1.033333
1.066667 1.100000 1.133333 1.166667</float_array>
        <technique_common>
          <accessor source="#mixamorig_Spine2-Matrix-animation-input-array" count="36">
            <param name="TIME" type="float"/>
          </accessor>
        </technique_common>
      </source>
      <source id="mixamorig_Spine2-Matrix-animation-output-transform">
        <float_array id="mixamorig_Spine2-Matrix-animation-output-transform-array" count="576">

0.999996 -0.001169 -0.002545 0.000100 0.001015 0.998211 -0.059786 13.360200 0.002610 0.059783 0.998208 -1.626500 0.000000 0.000000 0.000000 1.000000
0.999994 -0.001030 -0.003227 0.000100 0.000828 0.998076 -0.062003 13.360200 0.003285 0.062000 0.998071 -1.626500 0.000000 0.000000 0.000000 1.000000
0.999984 -0.001357 -0.005418 0.000100 0.000998 0.997838 -0.065722 13.360200 0.005496 0.065715 0.997823 -1.626500 0.000000 0.000000 0.000000 1.000000
0.999897 -0.002648 -0.014085 0.000100 0.001661 0.997571 -0.069637 13.360200 0.014235 0.069606 0.997473 -1.626500 0.000000 0.000000 0.000000 1.000000
0.999567 -0.004548 -0.029063 0.000100 0.002448 0.997410 -0.071888 13.360200 0.029314 0.071786 0.996989 -1.626500 0.000000 0.000000 0.000000 1.000000
0.998860 -0.005583 -0.047408 0.000100 0.002109 0.997329 -0.073009 13.360200 0.047689 0.072826 0.996204 -1.626500 0.000000 0.000000 0.000000 1.000000
0.997853 -0.006359 -0.065182 0.000100 0.001561 0.997301 -0.073399 13.360200 0.065473 0.073140 0.995170 -1.626500 0.000000 0.000000 0.000000 1.000000
0.996827 -0.008104 -0.079191 0.000100 0.002374 0.997389 -0.072183 13.360200 0.079569 0.071766 0.994243 -1.626500 0.000000 0.000000 0.000000 1.000000
0.996269 -0.010546 -0.085653 0.000100 0.004494 0.997498 -0.070546 13.360200 0.086183 0.069898 0.993824 -1.626500 0.000000 0.000000 0.000000 1.000000
0.996423 -0.014844 -0.083194 0.000100 0.009090 0.997567 -0.069118 13.360200 0.084018 0.068115 0.994133 -1.626500 0.000000 0.000000 0.000000 1.000000
0.996819 -0.021494 -0.076744 0.000100 0.016340 0.997608 -0.067173 13.360200 0.078005 0.065706 0.994785 -1.626500 0.000000 0.000000 0.000000 1.000000
0.997429 -0.029115 -0.065475 0.000100 0.024889 0.997611 -0.064445 13.360200 0.067195 0.062649 0.995771 -1.626500 0.000000 0.000000 0.000000 1.000000
0.998279 -0.034495 -0.047426 0.000100 0.031575 0.997639 -0.060988 13.360200 0.049418 0.059386 0.997011 -1.626500 0.000000 0.000000 0.000000 1.000000
0.999162 -0.035330 -0.020655 0.000100 0.034075 0.997722 -0.058226 13.360200 0.022665 0.057474 0.998090 -1.626500 0.000000 0.000000 0.000000 1.000000
0.999396 -0.032541 0.012164 0.000100 0.033191 0.997784 -0.057658 13.360200 -0.010261 0.058027 0.998262 -1.626500 0.000000 0.000000 0.000000 1.000000
0.998674 -0.027409 0.043579 0.000100 0.029971 0.997793 -0.059254 13.360200 -0.041859 0.060482 0.997291 -1.626500 0.000000 0.000000 0.000000 1.000000
0.997864 -0.019072 0.062474 0.000100 0.022949 0.997816 -0.061941 13.360200 -0.061156 0.063242 0.996123 -1.626500 0.000000 0.000000 0.000000 1.000000
0.996837 -0.010090 0.078834 0.000100 0.015243 0.997766 -0.065038 13.360200 -0.078002 0.066034 0.994764 -1.626500 0.000000 0.000000 0.000000 1.000000
0.995662 -0.001471 0.093031 0.000100 0.007846 0.997641 -0.068193 13.360200 -0.092711 0.068627 0.993325 -1.626500 0.000000 0.000000 0.000000 1.000000
0.995288 0.004583 0.096859 0.000100 0.002257 0.997517 -0.070391 13.360200 -0.096941 0.070278 0.992806 -1.626500 0.000000 0.000000 0.000000 1.000000
0.995386 0.008322 0.095591 0.000100 -0.001473 0.997440 -0.071494 13.360200 -0.095941 0.071023 0.992850 -1.626500 0.000000 0.000000 0.000000 1.000000
0.995668 0.011358 0.092285 0.000100 -0.004674 0.997371 -0.072319 13.360200 -0.092864 0.071575 0.993103 -1.626500 0.000000 0.000000 0.000000 1.000000
0.996388 0.013204 0.083888 0.000100 -0.007077 0.997313 -0.072912 13.360200 -0.084626 0.072055 0.993804 -1.626500 0.000000 0.000000 0.000000 1.000000
0.997365 0.013455 0.071290 0.000100 -0.008292 0.997354 -0.072227 13.360200 -0.072074 0.071446 0.994837 -1.626500 0.000000 0.000000 0.000000 1.000000
0.998336 0.012293 0.056339 0.000100 -0.008288 0.997458 -0.070769 13.360200 -0.057066 0.070184 0.995900 -1.626500 0.000000 0.000000 0.000000 1.000000
0.999074 0.010516 0.041716 0.000100 -0.007624 0.997596 -0.068881 13.360200 -0.042340 0.068499 0.996752 -1.626500 0.000000 0.000000 0.000000 1.000000
0.999530 0.009056 0.029282 0.000100 -0.007083 0.997741 -0.066804 13.360200 -0.029820 0.066566 0.997336 -1.626500 0.000000 0.000000 0.000000 1.000000
0.999729 0.008461 0.021698 0.000100 -0.007041 0.997881 -0.064683 13.360200 -0.022200 0.064513 0.997670 -1.626500 0.000000 0.000000 0.000000 1.000000
0.999854 0.008056 0.015062 0.000100 -0.007099 0.998016 -0.062558 13.360200 -0.015536 0.062442 0.997928 -1.626500 0.000000 0.000000 0.000000 1.000000
0.999929 0.007808 0.009031 0.000100 -0.007247 0.998140 -0.060535 13.360200 -0.009487 0.060465 0.998125 -1.626500 0.000000 0.000000 0.000000 1.000000
0.999949 0.008208 0.005930 0.000100 -0.007843 0.998223 -0.059063 13.360200 -0.006404 0.059013 0.998237 -1.626500 0.000000 0.000000 0.000000 1.000000
0.999971 0.006794 0.003399 0.000100 -0.006582 0.998234 -0.059033 13.360200 -0.003794 0.059009 0.998250 -1.626500 0.000000 0.000000 0.000000 1.000000
0.999987 0.004889 0.001124 0.000100 -0.004814 0.998230 -0.059269 13.360200 -0.001412 0.059263 0.998241 -1.626500 0.000000 0.000000 0.000000 1.000000
0.999997 0.002351 -0.000438 0.000100 -0.002372 0.998234 -0.059356 13.360200 0.000298 0.059357 0.998237 -1.626500 0.000000 0.000000 0.000000 1.000000
0.999999 0.000332 -0.001489 0.000100 -0.000420 0.998225 -0.059556 13.360200 0.001466 0.059556 0.998224 -1.626500 0.000000 0.000000 0.000000 1.000000
0.999996 -0.001169 -0.002545 0.000100 0.001015 0.998211 -0.059786 13.360200 0.002610 0.059783 0.998208 -1.626500 0.000000 0.000000 0.000000 1.000000</float_array>
        <technique_common>
          <accessor source="#mixamorig_Spine2-Matrix-animation-output-transform-array" count="36" stride="16">
            <param type="float4x4"/>
          </accessor>
        </technique_common>
      </source>
      <source id="mixamorig_Spine2-Interpolations">
        <Name_array id="mixamorig_Spine2-Interpolations-array" count="36">
 LINEAR LINEAR LINEAR LINEAR LINEAR LINEAR LINEAR LINEAR LINEAR LINEAR LINEAR
LINEAR LINEAR LINEAR LINEAR LINEAR LINEAR LINEAR LINEAR LINEAR LINEAR LINEAR LINEAR
LINEAR LINEAR LINEAR LINEAR LINEAR LINEAR LINEAR LINEAR LINEAR LINEAR LINEAR LINEAR
LINEAR</Name_array>
        <technique_common>
          <accessor source="#mixamorig_Spine2-Interpolations-array" count="36">
            <param type="name"/>
          </accessor>
        </technique_common>
      </source>
      <sampler id="mixamorig_Spine2-Matrix-animation-transform">
        <input semantic="INPUT" source="#mixamorig_Spine2-Matrix-animation-input"/>
        <input semantic="OUTPUT" source="#mixamorig_Spine2-Matrix-animation-output-transform"/>
        <input semantic="INTERPOLATION" source="#mixamorig_Spine2-Interpolations"/>
      </sampler>
      <channel source="#mixamorig_Spine2-Matrix-animation-transform" target="mixamorig_Spine2/matrix"/>
      <source id="mixamorig_Neck-Matrix-animation-input">
        <float_array id="mixamorig_Neck-Matrix-animation-input-array" count="36">

0.000000 0.033333 0.066667 0.100000 0.133333 0.166667 0.200000 0.233333 0.266667 0.300000 0.333333 0.366667 0.400000 0.433333 0.466667 0.500000
0.533333 0.566667 0.600000 0.633333 0.666667 0.700000 0.733333 0.766667 0.800000 0.833333 0.866667 0.900000 0.933333 0.966667 1.000000 1.033333
1.066667 1.100000 1.133333 1.166667</float_array>
        <technique_common>
          <accessor source="#mixamorig_Neck-Matrix-animation-input-array" count="36">
            <param name="TIME" type="float"/>
          </accessor>
        </technique_common>
      </source>
      <source id="mixamorig_Neck-Matrix-animation-output-transform">
        <float_array id="mixamorig_Neck-Matrix-animation-output-transform-array" count="576">

0.993136 0.097718 0.064275 -0.000000 -0.085213 0.980933 -0.174668 15.032500 -0.080117 0.167993 0.982527 0.792900 0.000000 0.000000 0.000000 1.000000
0.992803 0.099582 0.066526 0.000000 -0.086833 0.981124 -0.172787 15.032500 -0.082477 0.165767 0.982710 0.792900 0.000000 0.000000 0.000000 1.000000
0.992224 0.102924 0.069988 0.000000 -0.089823 0.981378 -0.169790 15.032500 -0.086160 0.162183 0.982992 0.792900 0.000000 0.000000 0.000000 1.000000
0.991247 0.107886 0.076091 -0.000000 -0.094163 0.981740 -0.165289 15.032500 -0.092533 0.156677 0.983306 0.792900 0.000000 0.000000 0.000000 1.000000
0.990266 0.111999 0.082639 0.000000 -0.097635 0.982104 -0.161057 15.032500 -0.099198 0.151421 0.983479 0.792900 0.000000 0.000000 0.000000 1.000000
0.989753 0.113132 0.087121 0.000000 -0.098414 0.982548 -0.157841 15.032500 -0.103458 0.147650 0.983614 0.792900 0.000000 0.000000 0.000000 1.000000
0.990085 0.110191 0.087115 -0.000000 -0.095638 0.983038 -0.156494 15.032500 -0.102882 0.146611 0.983830 0.792900 0.000000 0.000000 0.000000 1.000000
0.991537 0.101423 0.081047 0.000000 -0.087737 0.983611 -0.157516 15.032500 -0.095694 0.149072 0.984185 0.792900 0.000000 0.000000 0.000000 1.000000
0.993529 0.090051 0.069212 -0.000000 -0.077996 0.983937 -0.160573 15.032500 -0.082560 0.154136 0.984594 0.792900 0.000000 0.000000 0.000000 1.000000
0.995369 0.080054 0.053212 0.000000 -0.070351 0.983907 -0.164252 15.032500 -0.065505 0.159747 0.984982 0.792900 0.000000 0.000000 0.000000 1.000000
0.996786 0.072626 0.033817 0.000000 -0.066030 0.983815 -0.166578 15.032500 -0.045368 0.163810 0.985448 0.792900 0.000000 0.000000 0.000000 1.000000
0.997518 0.069143 0.013284 -0.000000 -0.065911 0.983384 -0.169150 15.032500 -0.024758 0.167855 0.985501 0.792900 0.000000 0.000000 0.000000 1.000000
0.997586 0.069025 -0.007571 0.000000 -0.069288 0.982293 -0.174070 15.032500 -0.004579 0.174174 0.984704 0.792900 0.000000 0.000000 0.000000 1.000000
0.997072 0.071069 -0.028218 -0.000000 -0.075027 0.980515 -0.181553 15.032500 0.014766 0.183138 0.982976 0.792900 0.000000 0.000000 0.000000 1.000000
0.996239 0.075059 -0.043294 0.000000 -0.081942 0.978539 -0.189070 15.032500 0.028173 0.191906 0.981009 0.792900 0.000000 0.000000 0.000000 1.000000
0.995506 0.080766 -0.049452 -0.000000 -0.088909 0.976902 -0.194313 15.032500 0.032616 0.197837 0.979692 0.792900 0.000000 0.000000 0.000000 1.000000
0.995341 0.083107 -0.048880 0.000000 -0.091116 0.976554 -0.195036 15.032500 0.031525 0.198581 0.979577 0.792900 0.000000 0.000000 0.000000 1.000000
0.995291 0.084763 -0.047018 0.000000 -0.092367 0.976461 -0.194917 15.032500 0.029389 0.198342 0.979692 0.792900 0.000000 0.000000 0.000000 1.000000
0.995335 0.085446 -0.044804 -0.000000 -0.092591 0.976490 -0.194664 15.032500 0.027117 0.197904 0.979846 0.792900 0.000000 0.000000 0.000000 1.000000
0.995850 0.081167 -0.041155 0.000000 -0.087653 0.977090 -0.193937 15.032500 0.024471 0.196740 0.980150 0.792900 0.000000 0.000000 0.000000 1.000000
0.996399 0.075885 -0.037824 0.000000 -0.081862 0.977176 -0.196026 15.032500 0.022086 0.198417 0.979869 0.792900 0.000000 0.000000 0.000000 1.000000
0.996894 0.070944 -0.034201 -0.000000 -0.076351 0.977082 -0.198701 15.032500 0.019321 0.200695 0.979463 0.792900 0.000000 0.000000 0.000000 1.000000
0.997221 0.068668 -0.028912 -0.000000 -0.073102 0.976739 -0.201587 15.032500 0.014397 0.203141 0.979044 0.792900 0.000000 0.000000 0.000000 1.000000
0.997329 0.069503 -0.022435 -0.000000 -0.072613 0.976583 -0.202517 15.032500 0.007834 0.203605 0.979022 0.792900 0.000000 0.000000 0.000000 1.000000
0.997261 0.072484 -0.014710 0.000000 -0.073961 0.976725 -0.201339 15.032500 -0.000226 0.201875 0.979411 0.792900 0.000000 0.000000 0.000000 1.000000
0.997139 0.075388 -0.005553 0.000000 -0.074978 0.977022 -0.199515 15.032500 -0.009616 0.199361 0.979879 0.792900 0.000000 0.000000 0.000000 1.000000
0.996986 0.077473 0.004123 0.000000 -0.075131 0.977369 -0.197749 15.032500 -0.019350 0.196844 0.980244 0.792900 0.000000 0.000000 0.000000 1.000000
0.996807 0.078637 0.013869 0.000000 -0.074415 0.977814 -0.195813 15.032500 -0.028959 0.194156 0.980543 0.792900 0.000000 0.000000 0.000000 1.000000
0.996548 0.079590 0.023619 0.000000 -0.073537 0.978277 -0.193820 15.032500 -0.038532 0.191414 0.980753 0.792900 0.000000 0.000000 0.000000 1.000000
0.996198 0.080543 0.033200 0.000000 -0.072745 0.978758 -0.191680 15.032500 -0.047933 0.188536 0.980896 0.792900 0.000000 0.000000 0.000000 1.000000
0.995771 0.081782 0.041863 0.000000 -0.072492 0.979325 -0.188857 15.032500 -0.056443 0.185024 0.981112 0.792900 0.000000 0.000000 0.000000 1.000000
0.995335 0.083295 0.048685 0.000000 -0.072852 0.979703 -0.186748 15.032500 -0.063252 0.182330 0.981201 0.792900 0.000000 0.000000 0.000000 1.000000
0.994860 0.085231 0.054684 0.000000 -0.073813 0.980034 -0.184623 15.032500 -0.069327 0.179638 0.981287 0.792900 0.000000 0.000000 0.000000 1.000000
0.994309 0.089096 0.058400 -0.000000 -0.077170 0.980322 -0.181696 15.032500 -0.073440 0.176155 0.981619 0.792900 0.000000 0.000000 0.000000 1.000000
0.993694 0.093848 0.061365 0.000000 -0.081626 0.980647 -0.177954 15.032500 -0.076878 0.171823 0.982124 0.792900 0.000000 0.000000 0.000000 1.000000
0.993136 0.097718 0.064275 -0.000000 -0.085213 0.980933 -0.174668 15.032500 -0.080118 0.167992 0.982527 0.792900 0.000000 0.000000 0.000000 1.000000</float_array>
        <technique_common>
          <accessor source="#mixamorig_Neck-Matrix-animation-output-transform-array" count="36" stride="16">
            <param type="float4x4"/>
          </accessor>
        </technique_common>
      </source>
      <source id="mixamorig_Neck-Interpolations">
        <Name_array id="mixamorig_Neck-Interpolations-array" count="36">
 LINEAR LINEAR LINEAR LINEAR LINEAR LINEAR LINEAR LINEAR LINEAR LINEAR LINEAR
LINEAR LINEAR LINEAR LINEAR LINEAR LINEAR LINEAR LINEAR LINEAR LINEAR LINEAR LINEAR
LINEAR LINEAR LINEAR LINEAR LINEAR LINEAR LINEAR LINEAR LINEAR LINEAR LINEAR LINEAR
LINEAR</Name_array>
        <technique_common>
          <accessor source="#mixamorig_Neck-Interpolations-array" count="36">
            <param type="name"/>
          </accessor>
        </technique_common>
      </source>
      <sampler id="mixamorig_Neck-Matrix-animation-transform">
        <input semantic="INPUT" source="#mixamorig_Neck-Matrix-animation-input"/>
        <input semantic="OUTPUT" source="#mixamorig_Neck-Matrix-animation-output-transform"/>
        <input semantic="INTERPOLATION" source="#mixamorig_Neck-Interpolations"/>
      </sampler>
      <channel source="#mixamorig_Neck-Matrix-animation-transform" target="mixamorig_Neck/matrix"/>
      <source id="mixamorig_Head-Matrix-animation-input">
        <float_array id="mixamorig_Head-Matrix-animation-input-array" count="36">

0.000000 0.033333 0.066667 0.100000 0.133333 0.166667 0.200000 0.233333 0.266667 0.300000 0.333333 0.366667 0.400000 0.433333 0.466667 0.500000
0.533333 0.566667 0.600000 0.633333 0.666667 0.700000 0.733333 0.766667 0.800000 0.833333 0.866667 0.900000 0.933333 0.966667 1.000000 1.033333
1.066667 1.100000 1.133333 1.166667</float_array>
        <technique_common>
          <accessor source="#mixamorig_Head-Matrix-animation-input-array" count="36">
            <param name="TIME" type="float"/>
          </accessor>
        </technique_common>
      </source>
      <source id="mixamorig_Head-Matrix-animation-output-transform">
        <float_array id="mixamorig_Head-Matrix-animation-output-transform-array" count="576">

0.945595 0.108822 0.306608 0.000000 -0.102608 0.994057 -0.036366 10.321800 -0.308743 0.002927 0.951141 3.142400 0.000000 0.000000 0.000000 1.000000
0.942208 0.109099 0.316766 0.000000 -0.105869 0.994001 -0.027446 10.321800 -0.317860 -0.007676 0.948107 3.142400 0.000000 0.000000 0.000000 1.000000
0.935667 0.113511 0.334129 0.000000 -0.115147 0.993236 -0.014976 10.321800 -0.333569 -0.024462 0.942408 3.142400 0.000000 0.000000 0.000000 1.000000
0.922507 0.125437 0.365029 0.000000 -0.132787 0.991132 -0.005005 10.321800 -0.362420 -0.043854 0.930983 3.142400 0.000000 0.000000 0.000000 1.000000
0.905538 0.142153 0.399742 -0.000000 -0.155502 0.987835 0.000973 10.321800 -0.394741 -0.063041 0.916627 3.142400 0.000000 0.000000 0.000000 1.000000
0.890749 0.157154 0.426460 0.000000 -0.176290 0.984323 0.005487 10.321800 -0.418912 -0.080068 0.904490 3.142400 0.000000 0.000000 0.000000 1.000000
