<?xml version="1.0" encoding="utf-8"?>
<COLLADA xmlns="http://www.collada.org/2005/11/COLLADASchema" version="1.4.1">
  <asset><contributor><author>Mixamo</author><authoring_tool>COLLADA Mixamo exporter</authoring_tool><comments></comments></contributor><created>2018-01-01T14:21:56Z</created><modified>2018-01-01T14:21:56Z</modified><revision></revision><title></title><unit meter="0.010000"/><up_axis>Y_UP</up_axis></asset>
  <library_animations>
    <animation id="mixamorig_Hips-anim" name="mixamorig_Hips"><source id="mixamorig_Hips-Matrix-animation-input"><float_array id="mixamorig_Hips-Matrix-animation-input-array" count="34">

0.000000 0.033333 0.066667 0.100000 0.133333 0.166667 0.200000 0.233333 0.266667 0.300000 0.333333 0.366667 0.400000 0.433333 0.466667 0.500000
0.533333 0.566667 0.600000 0.633333 0.666667 0.700000 0.733333 0.766667 0.800000 0.833333 0.866667 0.900000 0.933333 0.966667 1.000000 1.033333
1.066667 1.100000</float_array><technique_common><accessor source="#mixamorig_Hips-Matrix-animation-input-array" count="34"><param name="TIME" type="float"/></accessor></technique_common></source><source id="mixamorig_Hips-Matrix-animation-output-transform"><float_array id="mixamorig_Hips-Matrix-animation-output-transform-array" count="544">

0.917352 -0.070018 -0.391872 0.366325 -0.005766 0.981969 -0.188953 92.709534 0.398036 0.175596 0.900407 -0.800592 0.000000 0.000000 0.000000 1.000000
0.922979 -0.077031 -0.377062 0.224412 -0.002394 0.978595 -0.205782 92.507004 0.384843 0.190835 0.903038 -0.701851 0.000000 0.000000 0.000000 1.000000
0.941137 -0.076204 -0.329324 0.242366 0.001448 0.975157 -0.221510 92.299316 0.338023 0.207994 0.917867 -0.599658 0.000000 0.000000 0.000000 1.000000
0.970911 -0.062948 -0.231017 0.071738 0.009412 0.974111 -0.225873 92.166740 0.239255 0.217129 0.946368 -0.356874 0.000000 0.000000 0.000000 1.000000
0.996738 -0.036451 -0.072000 -0.350798 0.019690 0.975061 -0.221060 92.116219 0.078262 0.218921 0.972599 0.114892 0.000000 0.000000 0.000000 1.000000
0.991304 -0.003154 0.131557 -0.854905 0.031000 0.977175 -0.210160 92.081642 -0.127891 0.212411 0.968775 0.849410 0.000000 0.000000 0.000000 1.000000
0.937266 0.026938 0.347571 -1.221696 0.044675 0.979508 -0.196388 92.042015 -0.345739 0.199596 0.916857 1.798743 0.000000 0.000000 0.000000 1.000000
0.840258 0.048003 0.540057 -1.374774 0.058075 0.982374 -0.177676 91.966354 -0.539067 0.180657 0.822660 2.813123 0.000000 0.000000 0.000000 1.000000
0.726694 0.057171 0.684578 -1.362312 0.067089 0.985861 -0.153548 91.866829 -0.683678 0.157510 0.712584 3.684553 0.000000 0.000000 0.000000 1.000000
0.627623 0.053756 0.776659 -1.319054 0.072132 0.989307 -0.126765 91.704102 -0.775169 0.135583 0.617034 4.294591 0.000000 0.000000 0.000000 1.000000
0.563025 0.042186 0.825362 -1.281853 0.076608 0.991732 -0.102948 91.480751 -0.822881 0.121192 0.555138 4.631009 0.000000 0.000000 0.000000 1.000000
0.531813 0.032128 0.846252 -1.317091 0.082041 0.992625 -0.089243 91.239136 -0.842879 0.116887 0.525255 4.813464 0.000000 0.000000 0.000000 1.000000
0.521294 0.031432 0.852798 -1.430436 0.085577 0.992359 -0.088887 91.054062 -0.849076 0.119316 0.514621 4.980665 0.000000 0.000000 0.000000 1.000000
0.516547 0.033777 0.855593 -1.555103 0.087982 0.991839 -0.092273 90.893143 -0.851727 0.122940 0.509359 5.139410 0.000000 0.000000 0.000000 1.000000
0.519713 0.041619 0.853326 -1.658277 0.086323 0.991143 -0.100915 90.796463 -0.849968 0.126108 0.511518 5.271127 0.000000 0.000000 0.000000 1.000000
0.533065 0.050954 0.844539 -1.643828 0.082359 0.990319 -0.111734 90.741898 -0.842057 0.129117 0.523708 5.324367 0.000000 0.000000 0.000000 1.000000
0.563284 0.058217 0.824210 -1.384181 0.079113 0.989132 -0.123934 90.754684 -0.822467 0.135016 0.552557 5.207512 0.000000 0.000000 0.000000 1.000000
0.615337 0.058836 0.786066 -0.837800 0.078084 0.987756 -0.135057 90.884163 -0.784388 0.144485 0.603208 4.868752 0.000000 0.000000 0.000000 1.000000
0.685267 0.051977 0.726435 -0.113624 0.077316 0.986621 -0.143528 91.150055 -0.724176 0.154520 0.672080 4.389573 0.000000 0.000000 0.000000 1.000000
0.764749 0.040593 0.643049 0.684656 0.073879 0.985907 -0.150097 91.571198 -0.640079 0.162294 0.750972 3.917972 0.000000 0.000000 0.000000 1.000000
0.837992 0.028860 0.544919 1.490316 0.066943 0.985621 -0.155146 92.028122 -0.541561 0.166489 0.824010 3.459071 0.000000 0.000000 0.000000 1.000000
0.903827 0.017813 0.427527 2.258764 0.056621 0.985369 -0.160757 92.508682 -0.424136 0.169504 0.889594 3.056094 0.000000 0.000000 0.000000 1.000000
0.954512 0.008957 0.298037 2.888371 0.042639 0.985175 -0.166169 92.972969 -0.295107 0.171318 0.939980 2.676078 0.000000 0.000000 0.000000 1.000000
0.986354 0.003160 0.164610 3.275559 0.025279 0.985053 -0.170386 93.394730 -0.162688 0.172222 0.971531 2.300835 0.000000 0.000000 0.000000 1.000000
0.999333 -0.000564 0.036514 3.412105 0.006834 0.985108 -0.171802 93.704758 -0.035874 0.171937 0.984455 1.865967 0.000000 0.000000 0.000000 1.000000
0.996868 -0.005787 -0.078868 3.333644 -0.007672 0.985535 -0.169296 93.802879 0.078707 0.169371 0.982405 1.339639 0.000000 0.000000 0.000000 1.000000
0.983799 -0.014158 -0.178716 3.119068 -0.015626 0.986311 -0.164155 93.663864 0.178594 0.164288 0.970110 0.718098 0.000000 0.000000 0.000000 1.000000
0.964728 -0.023417 -0.262207 2.838230 -0.019185 0.987134 -0.158742 93.422455 0.262550 0.158173 0.951866 0.045578 0.000000 0.000000 0.000000 1.000000
0.943979 -0.029652 -0.328671 2.538827 -0.022492 0.987858 -0.153721 93.229065 0.329239 0.152502 0.931850 -0.616249 0.000000 0.000000 0.000000 1.000000
0.926077 -0.031730 -0.375997 2.218080 -0.026819 0.988403 -0.149465 93.173225 0.376379 0.148501 0.914487 -1.136042 0.000000 0.000000 0.000000 1.000000
0.915377 -0.035466 -0.401033 1.807264 -0.027251 0.988369 -0.149611 93.139786 0.401675 0.147879 0.903764 -1.366647 0.000000 0.000000 0.000000 1.000000
0.912645 -0.045228 -0.406244 1.283530 -0.021314 0.987242 -0.157796 93.036232 0.408198 0.152671 0.900037 -1.268780 0.000000 0.000000 0.000000 1.000000
0.914274 -0.059441 -0.400712 0.702326 -0.011443 0.984992 -0.172220 92.879166 0.404935 0.162041 0.899873 -0.973647 0.000000 0.000000 0.000000 1.000000
0.917352 -0.070018 -0.391872 0.366330 -0.005766 0.981969 -0.188953 92.709526 0.398036 0.175596 0.900407 -0.800592 0.000000 0.000000 0.000000 1.000000</float_array><technique_common><accessor source="#mixamorig_Hips-Matrix-animation-output-transform-array" count="34" stride="16"><param type="float4x4"/></accessor></technique_common></source><source id="mixamorig_Hips-Interpolations"><Name_array id="mixamorig_Hips-Interpolations-array" count="34">
 LINEAR LINEAR LINEAR LINEAR LINEAR LINEAR LINEAR LINEAR LINEAR LINEAR LINEAR
LINEAR LINEAR LINEAR LINEAR LINEAR LINEAR LINEAR LINEAR LINEAR LINEAR LINEAR LINEAR
LINEAR LINEAR LINEAR LINEAR LINEAR LINEAR LINEAR LINEAR LINEAR LINEAR LINEAR</Name_array><technique_common><accessor source="#mixamorig_Hips-Interpolations-array" count="34"><param type="name"/></accessor></technique_common></source><sampler id="mixamorig_Hips-Matrix-animation-transform"><input semantic="INPUT" source="#mixamorig_Hips-Matrix-animation-input"/><input semantic="OUTPUT" source="#mixamorig_Hips-Matrix-animation-output-transform"/><input semantic="INTERPOLATION" source="#mixamorig_Hips-Interpolations"/></sampler><channel source="#mixamorig_Hips-Matrix-animation-transform" target="mixamorig_Hips/matrix"/><source id="mixamorig_Spine-Matrix-animation-input"><float_array id="mixamorig_Spine-Matrix-animation-input-array" count="34">

0.000000 0.033333 0.066667 0.100000 0.133333 0.166667 0.200000 0.233333 0.266667 0.300000 0.333333 0.366667 0.400000 0.433333 0.466667 0.500000
0.533333 0.566667 0.600000 0.633333 0.666667 0.700000 0.733333 0.766667 0.800000 0.833333 0.866667 0.900000 0.933333 0.966667 1.000000 1.033333
1.066667 1.100000</float_array><technique_common><accessor source="#mixamorig_Spine-Matrix-animation-input-array" count="34"><param name="TIME" type="float"/></accessor></technique_common></source><source id="mixamorig_Spine-Matrix-animation-output-transform"><float_array id="mixamorig_Spine-Matrix-animation-output-transform-array" count="544">

0.999868 0.009019 -0.013541 0.000000 -0.009379 0.999597 -0.026786 9.923500 0.013294 0.026910 0.999549 -1.227300 0.000000 0.000000 0.000000 1.000000
0.999846 0.007214 -0.015982 0.000000 -0.007639 0.999615 -0.026665 9.923500 0.015784 0.026783 0.999517 -1.227300 0.000000 0.000000 0.000000 1.000000
0.999760 0.002310 -0.021789 0.000000 -0.002895 0.999635 -0.026879 9.923500 0.021719 0.026936 0.999401 -1.227300 0.000000 0.000000 0.000000 1.000000
0.999585 -0.004889 -0.028400 0.000000 0.004100 0.999605 -0.027789 9.923500 0.028525 0.027661 0.999210 -1.227300 0.000000 0.000000 0.000000 1.000000
0.999371 -0.014555 -0.032351 0.000000 0.013664 0.999526 -0.027601 9.923500 0.032737 0.027142 0.999095 -1.227300 0.000000 0.000000 0.000000 1.000000
0.999140 -0.024733 -0.033278 -0.000000 0.023848 0.999358 -0.026746 9.923500 0.033918 0.025929 0.999088 -1.227300 0.000000 0.000000 0.000000 1.000000
0.998932 -0.033948 -0.031351 0.000000 0.033193 0.999154 -0.024278 9.923500 0.032148 0.023212 0.999214 -1.227300 0.000000 0.000000 0.000000 1.000000
0.998766 -0.042247 -0.026118 -0.000000 0.041695 0.998902 -0.021346 9.923500 0.026991 0.020230 0.999431 -1.227300 0.000000 0.000000 0.000000 1.000000
0.998672 -0.048274 -0.018006 -0.000000 0.047921 0.998659 -0.019579 9.923500 0.018927 0.018690 0.999646 -1.227300 0.000000 0.000000 0.000000 1.000000
0.998737 -0.049527 -0.008466 0.000000 0.049351 0.998583 -0.019924 9.923500 0.009441 0.019481 0.999766 -1.227300 0.000000 0.000000 0.000000 1.000000
0.998944 -0.045931 0.001392 0.000000 0.045951 0.998696 -0.022263 9.923500 -0.000368 0.022303 0.999751 -1.227300 0.000000 0.000000 0.000000 1.000000
0.999148 -0.039899 0.010554 0.000000 0.040158 0.998866 -0.025594 9.923500 -0.009521 0.025996 0.999617 -1.227300 0.000000 0.000000 0.000000 1.000000
0.999247 -0.034965 0.016807 0.000000 0.035437 0.998962 -0.028620 9.923500 -0.015789 0.029194 0.999449 -1.227300 0.000000 0.000000 0.000000 1.000000
0.999294 -0.030677 0.021708 -0.000000 0.031350 0.999016 -0.031368 9.923500 -0.020725 0.032026 0.999272 -1.227300 0.000000 0.000000 0.000000 1.000000
0.999329 -0.028618 0.022844 -0.000000 0.029361 0.999028 -0.032882 9.923500 -0.021881 0.033531 0.999198 -1.227300 0.000000 0.000000 0.000000 1.000000
0.999377 -0.027576 0.022011 0.000000 0.028302 0.999042 -0.033369 9.923500 -0.021070 0.033971 0.999201 -1.227300 0.000000 0.000000 0.000000 1.000000
0.999457 -0.026062 0.020172 -0.000000 0.026725 0.999087 -0.033344 9.923500 -0.019285 0.033865 0.999240 -1.227300 0.000000 0.000000 0.000000 1.000000
0.999587 -0.022730 0.017612 -0.000000 0.023310 0.999167 -0.033496 9.923500 -0.016836 0.033893 0.999284 -1.227300 0.000000 0.000000 0.000000 1.000000
0.999744 -0.017863 0.013900 0.000000 0.018327 0.999253 -0.034022 9.923500 -0.013282 0.034268 0.999324 -1.227300 0.000000 0.000000 0.000000 1.000000
0.999867 -0.013839 0.008618 -0.000000 0.014127 0.999311 -0.034321 9.923500 -0.008137 0.034438 0.999374 -1.227300 0.000000 0.000000 0.000000 1.000000
0.999941 -0.010371 0.003085 0.000000 0.010471 0.999354 -0.034380 9.923500 -0.002727 0.034411 0.999404 -1.227300 0.000000 0.000000 0.000000 1.000000
0.999959 -0.008837 -0.002116 0.000000 0.008761 0.999396 -0.033623 9.923500 0.002411 0.033603 0.999432 -1.227300 0.000000 0.000000 0.000000 1.000000
0.999942 -0.008965 -0.006009 0.000000 0.008764 0.999428 -0.032667 9.923500 0.006298 0.032612 0.999448 -1.227300 0.000000 0.000000 0.000000 1.000000
0.999914 -0.010048 -0.008458 0.000000 0.009773 0.999439 -0.032032 9.923500 0.008775 0.031947 0.999451 -1.227300 0.000000 0.000000 0.000000 1.000000
0.999897 -0.010514 -0.009792 0.000000 0.010198 0.999441 -0.031834 9.923500 0.010121 0.031731 0.999445 -1.227300 0.000000 0.000000 0.000000 1.000000
0.999919 -0.007173 -0.010502 0.000000 0.006833 0.999465 -0.031985 9.923500 0.010726 0.031910 0.999433 -1.227300 0.000000 0.000000 0.000000 1.000000
0.999938 -0.000005 -0.011179 0.000000 -0.000354 0.999484 -0.032130 9.923500 0.011174 0.032132 0.999421 -1.227300 0.000000 0.000000 0.000000 1.000000
0.999901 0.007459 -0.011972 0.000000 -0.007838 0.999461 -0.031879 9.923500 0.011728 0.031970 0.999420 -1.227300 0.000000 0.000000 0.000000 1.000000
0.999847 0.012029 -0.012690 -0.000000 -0.012422 0.999430 -0.031393 9.923500 0.012305 0.031546 0.999427 -1.227300 0.000000 0.000000 0.000000 1.000000
0.999826 0.013175 -0.013207 0.000000 -0.013583 0.999419 -0.031264 9.923500 0.012787 0.031438 0.999424 -1.227300 0.000000 0.000000 0.000000 1.000000
0.999822 0.013085 -0.013598 0.000000 -0.013501 0.999429 -0.030974 9.923500 0.013185 0.031152 0.999428 -1.227300 0.000000 0.000000 0.000000 1.000000
0.999838 0.012085 -0.013320 0.000000 -0.012475 0.999483 -0.029622 9.923500 0.012955 0.029783 0.999472 -1.227300 0.000000 0.000000 0.000000 1.000000
0.999861 0.010695 -0.012799 -0.000000 -0.011049 0.999549 -0.027924 9.923500 0.012495 0.028061 0.999528 -1.227300 0.000000 0.000000 0.000000 1.000000
0.999868 0.009019 -0.013540 0.000000 -0.009379 0.999597 -0.026786 9.923500 0.013293 0.026910 0.999549 -1.227300 0.000000 0.000000 0.000000 1.000000</float_array><technique_common><accessor source="#mixamorig_Spine-Matrix-animation-output-transform-array" count="34" stride="16"><param type="float4x4"/></accessor></technique_common></source><source id="mixamorig_Spine-Interpolations"><Name_array id="mixamorig_Spine-Interpolations-array" count="34">
 LINEAR LINEAR LINEAR LINEAR LINEAR LINEAR LINEAR LINEAR LINEAR LINEAR LINEAR
LINEAR LINEAR LINEAR LINEAR LINEAR LINEAR LINEAR LINEAR LINEAR LINEAR LINEAR LINEAR
LINEAR LINEAR LINEAR LINEAR LINEAR LINEAR LINEAR LINEAR LINEAR LINEAR LINEAR</Name_array><technique_common><accessor source="#mixamorig_Spine-Interpolations-array" count="34"><param type="name"/></accessor></technique_common></source><sampler id="mixamorig_Spine-Matrix-animation-transform"><input semantic="INPUT" source="#mixamorig_Spine-Matrix-animation-input"/><input semantic="OUTPUT" source="#mixamorig_Spine-Matrix-animation-output-transform"/><input semantic="INTERPOLATION" source="#mixamorig_Spine-Interpolations"/></sampler><channel source="#mixamorig_Spine-Matrix-animation-transform" target="mixamorig_Spine/matrix"/><source id="mixamorig_Spine1-Matrix-animation-input"><float_array id="mixamorig_Spine1-Matrix-animation-input-array" count="34">

0.000000 0.033333 0.066667 0.100000 0.133333 0.166667 0.200000 0.233333 0.266667 0.300000 0.333333 0.366667 0.400000 0.433333 0.466667 0.500000
0.533333 0.566667 0.600000 0.633333 0.666667 0.700000 0.733333 0.766667 0.800000 0.833333 0.866667 0.900000 0.933333 0.966667 1.000000 1.033333
1.066667 1.100000</float_array><technique_common><accessor source="#mixamorig_Spine1-Matrix-animation-input-array" count="34"><param name="TIME" type="float"/></accessor></technique_common></source><source id="mixamorig_Spine1-Matrix-animation-output-transform"><float_array id="mixamorig_Spine1-Matrix-animation-output-transform-array" count="544">

0.999708 -0.006887 -0.023165 -0.000100 0.005628 0.998528 -0.053946 11.645400 0.023502 0.053800 0.998275 -1.422300 0.000000 0.000000 0.000000 1.000000
0.999557 -0.009764 -0.028124 -0.000100 0.008245 0.998527 -0.053618 11.645400 0.028606 0.053362 0.998165 -1.422300 0.000000 0.000000 0.000000 1.000000
0.999090 -0.013169 -0.040580 -0.000100 0.010945 0.998452 -0.054536 11.645400 0.041235 0.054043 0.997687 -1.422300 0.000000 0.000000 0.000000 1.000000
0.998350 -0.017221 -0.054785 -0.000100 0.014149 0.998333 -0.055960 11.645400 0.055657 0.055093 0.996929 -1.422300 0.000000 0.000000 0.000000 1.000000
0.997777 -0.021429 -0.063097 -0.000100 0.017924 0.998292 -0.055605 11.645400 0.064181 0.054351 0.996457 -1.422300 0.000000 0.000000 0.000000 1.000000
0.997605 -0.025484 -0.064299 -0.000100 0.022043 0.998316 -0.053666 11.645400 0.065558 0.052120 0.996487 -1.422300 0.000000 0.000000 0.000000 1.000000
0.997743 -0.029200 -0.060466 -0.000100 0.026187 0.998404 -0.050032 11.645400 0.061830 0.048335 0.996916 -1.422300 0.000000 0.000000 0.000000 1.000000
0.998189 -0.031981 -0.050948 -0.000100 0.029622 0.998483 -0.046407 11.645400 0.052355 0.044814 0.997623 -1.422300 0.000000 0.000000 0.000000 1.000000
0.998898 -0.032606 -0.033754 -0.000100 0.031074 0.998504 -0.044980 11.645400 0.035170 0.043882 0.998417 -1.422300 0.000000 0.000000 0.000000 1.000000
0.999487 -0.030347 -0.010250 -0.000100 0.029833 0.998450 -0.046974 11.645400 0.011659 0.046644 0.998844 -1.422300 0.000000 0.000000 0.000000 1.000000
0.999572 -0.025320 0.014674 -0.000100 0.026053 0.998303 -0.052088 11.645400 -0.013330 0.052448 0.998535 -1.422300 0.000000 0.000000 0.000000 1.000000
0.999176 -0.018826 0.035949 -0.000100 0.020915 0.998059 -0.058654 11.645400 -0.034775 0.059357 0.997631 -1.422300 0.000000 0.000000 0.000000 1.000000
0.998733 -0.013173 0.048569 -0.000100 0.016294 0.997789 -0.064437 11.645400 -0.047613 0.065147 0.996739 -1.422300 0.000000 0.000000 0.000000 1.000000
0.998293 -0.008093 0.057839 -0.000100 0.012121 0.997499 -0.069628 11.645400 -0.057130 0.070211 0.995895 -1.422300 0.000000 0.000000 0.000000 1.000000
0.998230 -0.005371 0.059222 -0.000100 0.009659 0.997332 -0.072361 11.645400 -0.058675 0.072805 0.995619 -1.422300 0.000000 0.000000 0.000000 1.000000
0.998422 -0.004364 0.055990 -0.000100 0.008451 0.997298 -0.072971 11.645400 -0.055520 0.073329 0.995761 -1.422300 0.000000 0.000000 0.000000 1.000000
0.998764 -0.003786 0.049560 -0.000100 0.007373 0.997349 -0.072389 11.645400 -0.049155 0.072665 0.996144 -1.422300 0.000000 0.000000 0.000000 1.000000
0.999140 -0.002443 0.041402 -0.000100 0.005418 0.997398 -0.071885 11.645400 -0.041119 0.072048 0.996553 -1.422300 0.000000 0.000000 0.000000 1.000000
0.999482 -0.000705 0.032170 -0.000100 0.003015 0.997413 -0.071823 11.645400 -0.032036 0.071883 0.996898 -1.422300 0.000000 0.000000 0.000000 1.000000
0.999774 -0.000115 0.021249 -0.000100 0.001629 0.997458 -0.071241 11.645400 -0.021186 0.071259 0.997233 -1.422300 0.000000 0.000000 0.000000 1.000000
0.999950 0.000093 0.009999 -0.000100 0.000610 0.997524 -0.070318 11.645400 -0.009981 0.070321 0.997474 -1.422300 0.000000 0.000000 0.000000 1.000000
0.999999 -0.000496 -0.001195 -0.000100 0.000414 0.997665 -0.068301 11.645400 0.001226 0.068300 0.997664 -1.422300 0.000000 0.000000 0.000000 1.000000
0.999944 -0.000764 -0.010525 -0.000100 0.000066 0.997803 -0.066245 11.645400 0.010552 0.066241 0.997748 -1.422300 0.000000 0.000000 0.000000 1.000000
0.999852 -0.000425 -0.017205 -0.000100 -0.000692 0.997893 -0.064880 11.645400 0.017196 0.064882 0.997745 -1.422300 0.000000 0.000000 0.000000 1.000000
0.999778 0.000372 -0.021079 -0.000100 -0.001729 0.997924 -0.064387 11.645400 0.021011 0.064409 0.997702 -1.422300 0.000000 0.000000 0.000000 1.000000
0.999740 0.002316 -0.022698 -0.000100 -0.003774 0.997917 -0.064404 11.645400 0.022502 0.064473 0.997666 -1.422300 0.000000 0.000000 0.000000 1.000000
0.999718 0.005351 -0.023116 -0.000100 -0.006827 0.997911 -0.064245 11.645400 0.022724 0.064385 0.997666 -1.422300 0.000000 0.000000 0.000000 1.000000
0.999696 0.008245 -0.023254 -0.000100 -0.009705 0.997943 -0.063369 11.645400 0.022684 0.063576 0.997719 -1.422300 0.000000 0.000000 0.000000 1.000000
0.999684 0.009232 -0.023385 -0.000100 -0.010672 0.998004 -0.062240 11.645400 0.022764 0.062470 0.997787 -1.422300 0.000000 0.000000 0.000000 1.000000
0.999685 0.008005 -0.023783 -0.000100 -0.009466 0.998034 -0.061957 11.645400 0.023240 0.062162 0.997795 -1.422300 0.000000 0.000000 0.000000 1.000000
0.999695 0.005250 -0.024131 -0.000100 -0.006726 0.998082 -0.061536 11.645400 0.023761 0.061679 0.997813 -1.422300 0.000000 0.000000 0.000000 1.000000
0.999730 0.001204 -0.023194 -0.000100 -0.002571 0.998253 -0.059026 11.645400 0.023083 0.059070 0.997987 -1.422300 0.000000 0.000000 0.000000 1.000000
0.999757 -0.003324 -0.021808 -0.000100 0.002103 0.998440 -0.055804 11.645400 0.021960 0.055744 0.998204 -1.422300 0.000000 0.000000 0.000000 1.000000
0.999708 -0.006887 -0.023165 -0.000100 0.005628 0.998528 -0.053946 11.645400 0.023502 0.053800 0.998275 -1.422300 0.000000 0.000000 0.000000 1.000000</float_array><technique_common><accessor source="#mixamorig_Spine1-Matrix-animation-output-transform-array" count="34" stride="16"><param type="float4x4"/></accessor></technique_common></source><source id="mixamorig_Spine1-Interpolations"><Name_array id="mixamorig_Spine1-Interpolations-array" count="34">
 LINEAR LINEAR LINEAR LINEAR LINEAR LINEAR LINEAR LINEAR LINEAR LINEAR LINEAR
LINEAR LINEAR LINEAR LINEAR LINEAR LINEAR LINEAR LINEAR LINEAR LINEAR LINEAR LINEAR
LINEAR LINEAR LINEAR LINEAR LINEAR LINEAR LINEAR LINEAR LINEAR LINEAR LINEAR</Name_array><technique_common><accessor source="#mixamorig_Spine1-Interpolations-array" count="34"><param type="name"/></accessor></technique_common></source><sampler id="mixamorig_Spine1-Matrix-animation-transform"><input semantic="INPUT" source="#mixamorig_Spine1-Matrix-animation-input"/><input semantic="OUTPUT" source="#mixamorig_Spine1-Matrix-animation-output-transform"/><input semantic="INTERPOLATION" source="#mixamorig_Spine1-Interpolations"/></sampler><channel source="#mixamorig_Spine1-Matrix-animation-transform" target="mixamorig_Spine1/matrix"/><source id="mixamorig_Spine2-Matrix-animation-input"><float_array id="mixamorig_Spine2-Matrix-animation-input-array" count="34">

0.000000 0.033333 0.066667 0.100000 0.133333 0.166667 0.200000 0.233333 0.266667 0.300000 0.333333 0.366667 0.400000 0.433333 0.466667 0.500000
0.533333 0.566667 0.600000 0.633333 0.666667 0.700000 0.733333 0.766667 0.800000 0.833333 0.866667 0.900000 0.933333 0.966667 1.000000 1.033333
1.066667 1.100000</float_array><technique_common><accessor source="#mixamorig_Spine2-Matrix-animation-input-array" count="34"><param name="TIME" type="float"/></accessor></technique_common></source><source id="mixamorig_Spine2-Matrix-animation-output-transform"><float_array id="mixamorig_Spine2-Matrix-animation-output-transform-array" count="544">

0.999704 -0.006893 -0.023344 0.000100 0.005628 0.998534 -0.053828 13.360200 0.023680 0.053680 0.998277 -1.626500 0.000000 0.000000 0.000000 1.000000
0.999552 -0.009770 -0.028292 0.000100 0.008245 0.998534 -0.053501 13.360200 0.028774 0.053244 0.998167 -1.626500 0.000000 0.000000 0.000000 1.000000
0.999084 -0.013176 -0.040705 0.000100 0.010949 0.998456 -0.054465 13.360200 0.041360 0.053970 0.997686 -1.626500 0.000000 0.000000 0.000000 1.000000
0.998344 -0.017221 -0.054881 0.000100 0.014145 0.998333 -0.055951 13.360200 0.055753 0.055082 0.996924 -1.626500 0.000000 0.000000 0.000000 1.000000
0.997777 -0.021449 -0.063095 0.000100 0.017937 0.998286 -0.055710 13.360200 0.064181 0.054455 0.996451 -1.626500 0.000000 0.000000 0.000000 1.000000
0.997613 -0.025533 -0.064165 0.000100 0.022085 0.998302 -0.053894 13.360200 0.065433 0.052348 0.996483 -1.626500 0.000000 0.000000 0.000000 1.000000
0.997756 -0.029304 -0.060195 0.000100 0.026285 0.998386 -0.050336 13.360200 0.061573 0.048641 0.996917 -1.626500 0.000000 0.000000 0.000000 1.000000
0.998205 -0.032123 -0.050544 0.000100 0.029766 0.998465 -0.046711 13.360200 0.051967 0.045122 0.997629 -1.626500 0.000000 0.000000 0.000000 1.000000
0.998912 -0.032723 -0.033238 0.000100 0.031206 0.998491 -0.045187 13.360200 0.034666 0.044100 0.998425 -1.626500 0.000000 0.000000 0.000000 1.000000
0.999492 -0.030367 -0.009662 0.000100 0.029880 0.998447 -0.047013 13.360200 0.011075 0.046700 0.998848 -1.626500 0.000000 0.000000 0.000000 1.000000
0.999565 -0.025210 0.015276 0.000100 0.025973 0.998312 -0.051951 13.360200 -0.013941 0.052325 0.998533 -1.626500 0.000000 0.000000 0.000000 1.000000
0.999160 -0.018607 0.036523 0.000100 0.020721 0.998079 -0.058388 13.360200 -0.035366 0.059096 0.997626 -1.626500 0.000000 0.000000 0.000000 1.000000
0.998711 -0.012900 0.049101 0.000100 0.016041 0.997814 -0.064116 13.360200 -0.048166 0.064821 0.996734 -1.626500 0.000000 0.000000 0.000000 1.000000
0.998267 -0.007787 0.058329 0.000100 0.011829 0.997528 -0.069273 13.360200 -0.057645 0.069843 0.995891 -1.626500 0.000000 0.000000 0.000000 1.000000
0.998204 -0.005070 0.059685 0.000100 0.009372 0.997360 -0.072011 13.360200 -0.059162 0.072441 0.995616 -1.626500 0.000000 0.000000 0.000000 1.000000
0.998398 -0.004091 0.056432 0.000100 0.008193 0.997324 -0.072645 13.360200 -0.055983 0.072991 0.995760 -1.626500 0.000000 0.000000 0.000000 1.000000
0.998744 -0.003560 0.049972 0.000100 0.007163 0.997371 -0.072108 13.360200 -0.049584 0.072376 0.996144 -1.626500 0.000000 0.000000 0.000000 1.000000
0.999125 -0.002273 0.041771 0.000100 0.005265 0.997415 -0.071661 13.360200 -0.041501 0.071819 0.996554 -1.626500 0.000000 0.000000 0.000000 1.000000
0.999472 -0.000590 0.032493 0.000100 0.002918 0.997425 -0.071657 13.360200 -0.032367 0.071714 0.996900 -1.626500 0.000000 0.000000 0.000000 1.000000
0.999768 -0.000043 0.021528 0.000100 0.001575 0.997466 -0.071127 13.360200 -0.021470 0.071144 0.997235 -1.626500 0.000000 0.000000 0.000000 1.000000
0.999948 0.000128 0.010238 0.000100 0.000592 0.997529 -0.070253 13.360200 -0.010222 0.070256 0.997477 -1.626500 0.000000 0.000000 0.000000 1.000000
0.999999 -0.000480 -0.000977 0.000100 0.000412 0.997666 -0.068276 13.360200 0.001008 0.068276 0.997666 -1.626500 0.000000 0.000000 0.000000 1.000000
0.999947 -0.000757 -0.010305 0.000100 0.000073 0.997803 -0.066258 13.360200 0.010333 0.066253 0.997749 -1.626500 0.000000 0.000000 0.000000 1.000000
0.999856 -0.000422 -0.016973 0.000100 -0.000681 0.997890 -0.064925 13.360200 0.016965 0.064927 0.997746 -1.626500 0.000000 0.000000 0.000000 1.000000
0.999783 0.000374 -0.020844 0.000100 -0.001718 0.997919 -0.064459 13.360200 0.020777 0.064480 0.997703 -1.626500 0.000000 0.000000 0.000000 1.000000
0.999744 0.002320 -0.022522 0.000100 -0.003767 0.997914 -0.064454 13.360200 0.022326 0.064522 0.997666 -1.626500 0.000000 0.000000 0.000000 1.000000
0.999720 0.005354 -0.023029 0.000100 -0.006824 0.997911 -0.064237 13.360200 0.022637 0.064376 0.997669 -1.626500 0.000000 0.000000 0.000000 1.000000
0.999695 0.008247 -0.023262 0.000100 -0.009705 0.997947 -0.063312 13.360200 0.022692 0.063519 0.997723 -1.626500 0.000000 0.000000 0.000000 1.000000
0.999682 0.009232 -0.023480 0.000100 -0.010676 0.998009 -0.062157 13.360200 0.022860 0.062388 0.997790 -1.626500 0.000000 0.000000 0.000000 1.000000
0.999682 0.008004 -0.023911 0.000100 -0.009471 0.998040 -0.061864 13.360200 0.023369 0.062071 0.997798 -1.626500 0.000000 0.000000 0.000000 1.000000
0.999691 0.005248 -0.024286 0.000100 -0.006732 0.998088 -0.061437 13.360200 0.023917 0.061581 0.997815 -1.626500 0.000000 0.000000 0.000000 1.000000
0.999726 0.001200 -0.023368 0.000100 -0.002576 0.998259 -0.058927 13.360200 0.023257 0.058971 0.997989 -1.626500 0.000000 0.000000 0.000000 1.000000
0.999753 -0.003331 -0.021994 0.000100 0.002101 0.998445 -0.055706 13.360200 0.022145 0.055646 0.998205 -1.626500 0.000000 0.000000 0.000000 1.000000
0.999704 -0.006893 -0.023344 0.000100 0.005628 0.998534 -0.053828 13.360200 0.023680 0.053680 0.998277 -1.626500 0.000000 0.000000 0.000000 1.000000</float_array><technique_common><accessor source="#mixamorig_Spine2-Matrix-animation-output-transform-array" count="34" stride="16"><param type="float4x4"/></accessor></technique_common></source><source id="mixamorig_Spine2-Interpolations"><Name_array id="mixamorig_Spine2-Interpolations-array" count="34">
 LINEAR LINEAR LINEAR LINEAR LINEAR LINEAR LINEAR LINEAR LINEAR LINEAR LINEAR
LINEAR LINEAR LINEAR LINEAR LINEAR LINEAR LINEAR LINEAR LINEAR LINEAR LINEAR LINEAR
LINEAR LINEAR LINEAR LINEAR LINEAR LINEAR LINEAR LINEAR LINEAR LINEAR LINEAR</Name_array><technique_common><accessor source="#mixamorig_Spine2-Interpolations-array" count="34"><param type="name"/></accessor></technique_common></source><sampler id="mixamorig_Spine2-Matrix-animation-transform"><input semantic="INPUT" source="#mixamorig_Spine2-Matrix-animation-input"/><input semantic="OUTPUT" source="#mixamorig_Spine2-Matrix-animation-output-transform"/><input semantic="INTERPOLATION" source="#mixamorig_Spine2-Interpolations"/></sampler><channel source="#mixamorig_Spine2-Matrix-animation-transform" target="mixamorig_Spine2/matrix"/><source id="mixamorig_Neck-Matrix-animation-input"><float_array id="mixamorig_Neck-Matrix-animation-input-array" count="34">

0.000000 0.033333 0.066667 0.100000 0.133333 0.166667 0.200000 0.233333 0.266667 0.300000 0.333333 0.366667 0.400000 0.433333 0.466667 0.500000
0.533333 0.566667 0.600000 0.633333 0.666667 0.700000 0.733333 0.766667 0.800000 0.833333 0.866667 0.900000 0.933333 0.966667 1.000000 1.033333
1.066667 1.100000</float_array><technique_common><accessor source="#mixamorig_Neck-Matrix-animation-input-array" count="34"><param name="TIME" type="float"/></accessor></technique_common></source><source id="mixamorig_Neck-Matrix-animation-output-transform"><float_array id="mixamorig_Neck-Matrix-animation-output-transform-array" count="544">

0.993564 0.097470 0.057709 0.000000 -0.085337 0.979121 -0.184500 15.032500 -0.074487 0.178388 0.981137 0.792900 0.000000 0.000000 0.000000 1.000000
0.993266 0.099908 0.058658 -0.000000 -0.087943 0.979789 -0.179664 15.032500 -0.075422 0.173296 0.981978 0.792900 0.000000 0.000000 0.000000 1.000000
0.993332 0.099097 0.058924 0.000000 -0.087357 0.980460 -0.176256 15.032500 -0.075239 0.169933 0.982579 0.792900 0.000000 0.000000 0.000000 1.000000
0.994132 0.093783 0.053907 0.000000 -0.083078 0.981102 -0.174749 15.032500 -0.069277 0.169245 0.983136 0.792900 0.000000 0.000000 0.000000 1.000000
0.995637 0.084126 0.040361 0.000000 -0.075862 0.981680 -0.174782 15.032500 -0.054325 0.170957 0.983780 0.792900 0.000000 0.000000 0.000000 1.000000
0.997082 0.073770 0.019646 -0.000000 -0.069226 0.982188 -0.174682 15.032500 -0.032183 0.172812 0.984429 0.792900 0.000000 0.000000 0.000000 1.000000
0.997827 0.065717 -0.004721 0.000000 -0.065524 0.982293 -0.175517 15.032500 -0.006897 0.175445 0.984465 0.792900 0.000000 0.000000 0.000000 1.000000
0.997641 0.062312 -0.028796 0.000000 -0.066482 0.981536 -0.179354 15.032500 0.017088 0.180845 0.983363 0.792900 0.000000 0.000000 0.000000 1.000000
0.996766 0.063738 -0.048935 0.000000 -0.071803 0.979867 -0.186291 15.032500 0.036076 0.189203 0.981275 0.792900 0.000000 0.000000 0.000000 1.000000
0.995747 0.067648 -0.062550 -0.000000 -0.078639 0.977764 -0.194408 15.032500 0.048007 0.198500 0.978924 0.792900 0.000000 0.000000 0.000000 1.000000
0.995096 0.071013 -0.068853 0.000000 -0.083572 0.975971 -0.201239 15.032500 0.052908 0.206007 0.977119 0.792900 0.000000 0.000000 0.000000 1.000000
0.994959 0.072514 -0.069272 0.000000 -0.085334 0.975038 -0.204986 15.032500 0.052678 0.209864 0.976310 0.792900 0.000000 0.000000 0.000000 1.000000
0.995190 0.072360 -0.066029 0.000000 -0.084525 0.975007 -0.205467 15.032500 0.049512 0.210060 0.976434 0.792900 0.000000 0.000000 0.000000 1.000000
0.995504 0.071518 -0.062108 0.000000 -0.082870 0.975165 -0.205391 15.032500 0.045876 0.209614 0.976707 0.792900 0.000000 0.000000 0.000000 1.000000
0.995909 0.068902 -0.058462 0.000000 -0.079561 0.975351 -0.205816 15.032500 0.042840 0.209626 0.976843 0.792900 0.000000 0.000000 0.000000 1.000000
0.996353 0.065124 -0.055134 0.000000 -0.075239 0.975305 -0.207652 15.032500 0.040249 0.211043 0.976648 0.792900 0.000000 0.000000 0.000000 1.000000
0.996825 0.061407 -0.050678 0.000000 -0.070760 0.975064 -0.210338 15.032500 0.036498 0.213257 0.976314 0.792900 0.000000 0.000000 0.000000 1.000000
0.997305 0.058634 -0.044099 0.000000 -0.066729 0.974759 -0.213056 15.032500 0.030494 0.215425 0.976044 0.792900 0.000000 0.000000 0.000000 1.000000
0.997738 0.057083 -0.035492 -0.000000 -0.063403 0.974572 -0.214916 15.032500 0.022321 0.216681 0.975987 0.792900 0.000000 0.000000 0.000000 1.000000
0.998049 0.057061 -0.025356 0.000000 -0.061188 0.974694 -0.215008 15.032500 0.012446 0.216140 0.976283 0.792900 0.000000 0.000000 0.000000 1.000000
0.998239 0.057445 -0.014775 -0.000000 -0.059279 0.974902 -0.214596 15.032500 0.002077 0.215094 0.976591 0.792900 0.000000 0.000000 0.000000 1.000000
0.998286 0.058410 -0.003508 -0.000000 -0.057811 0.975219 -0.213554 15.032500 -0.009052 0.213391 0.976925 0.792900 0.000000 0.000000 0.000000 1.000000
0.998199 0.059468 0.007881 -0.000000 -0.056434 0.975477 -0.212745 15.032500 -0.020339 0.211918 0.977076 0.792900 0.000000 0.000000 0.000000 1.000000
0.997948 0.061191 0.018868 0.000000 -0.055814 0.975656 -0.212088 15.032500 -0.031387 0.210599 0.977068 0.792900 0.000000 0.000000 0.000000 1.000000
0.997510 0.064372 0.028807 0.000000 -0.056868 0.975770 -0.211279 15.032500 -0.041710 0.209115 0.977001 0.792900 0.000000 0.000000 0.000000 1.000000
0.996929 0.068818 0.037385 0.000000 -0.059476 0.975832 -0.210270 15.032500 -0.050952 0.207401 0.976928 0.792900 0.000000 0.000000 0.000000 1.000000
0.996318 0.073251 0.044556 0.000000 -0.062404 0.975917 -0.209026 15.032500 -0.058794 0.205475 0.976895 0.792900 0.000000 0.000000 0.000000 1.000000
0.995796 0.076474 0.050428 0.000000 -0.064443 0.976075 -0.207664 15.032500 -0.065102 0.203542 0.976899 0.792900 0.000000 0.000000 0.000000 1.000000
0.995391 0.078551 0.055006 0.000000 -0.065624 0.976230 -0.206563 15.032500 -0.069925 0.202001 0.976886 0.792900 0.000000 0.000000 0.000000 1.000000
0.995063 0.080332 0.058275 -0.000000 -0.066744 0.976254 -0.206092 15.032500 -0.073447 0.201185 0.976796 0.792900 0.000000 0.000000 0.000000 1.000000
0.994751 0.083137 0.059661 -0.000000 -0.069367 0.976482 -0.204134 15.032500 -0.075229 0.198924 0.977123 0.792900 0.000000 0.000000 0.000000 1.000000
0.994366 0.088037 0.059048 0.000000 -0.074776 0.977355 -0.197955 15.032500 -0.075138 0.192424 0.978431 0.792900 0.000000 0.000000 0.000000 1.000000
0.993920 0.093691 0.057838 -0.000000 -0.081154 0.978374 -0.190261 15.032500 -0.074413 0.184410 0.980028 0.792900 0.000000 0.000000 0.000000 1.000000
0.993564 0.097470 0.057709 -0.000000 -0.085337 0.979121 -0.184500 15.032500 -0.074487 0.178388 0.981137 0.792900 0.000000 0.000000 0.000000 1.000000</float_array><technique_common><accessor source="#mixamorig_Neck-Matrix-animation-output-transform-array" count="34" stride="16"><param type="float4x4"/></accessor></technique_common></source><source id="mixamorig_Neck-Interpolations"><Name_array id="mixamorig_Neck-Interpolations-array" count="34">
 LINEAR LINEAR LINEAR LINEAR LINEAR LINEAR LINEAR LINEAR LINEAR LINEAR LINEAR
LINEAR LINEAR LINEAR LINEAR LINEAR LINEAR LINEAR LINEAR LINEAR LINEAR LINEAR LINEAR
LINEAR LINEAR LINEAR LINEAR LINEAR LINEAR LINEAR LINEAR LINEAR LINEAR LINEAR</Name_array><technique_common><accessor source="#mixamorig_Neck-Interpolations-array" count="34"><param type="name"/></accessor></technique_common></source><sampler id="mixamorig_Neck-Matrix-animation-transform"><input semantic="INPUT" source="#mixamorig_Neck-Matrix-animation-input"/><input semantic="OUTPUT" source="#mixamorig_Neck-Matrix-animation-output-transform"/><input semantic="INTERPOLATION" source="#mixamorig_Neck-Interpolations"/></sampler><channel source="#mixamorig_Neck-Matrix-animation-transform" target="mixamorig_Neck/matrix"/><source id="mixamorig_Head-Matrix-animation-input"><float_array id="mixamorig_Head-Matrix-animation-input-array" count="34">

0.000000 0.033333 0.066667 0.100000 0.133333 0.166667 0.200000 0.233333 0.266667 0.300000 0.333333 0.366667 0.400000 0.433333 0.466667 0.500000
0.533333 0.566667 0.600000 0.633333 0.666667 0.700000 0.733333 0.766667 0.800000 0.833333 0.866667 0.900000 0.933333 0.966667 1.000000 1.033333
1.066667 1.100000</float_array><technique_common><accessor source="#mixamorig_Head-Matrix-animation-input-array" count="34"><param name="TIME" type="float"/></accessor></technique_common></source><source id="mixamorig_Head-Matrix-animation-output-transform"><float_array id="mixamorig_Head-Matrix-animation-output-transform-array" count="544">

0.940797 0.151575 0.303193 -0.000000 -0.144838 0.988444 -0.044723 10.321800 -0.306469 -0.001838 0.951879 3.142400 0.000000 0.000000 0.000000 1.000000
0.939534 0.151767 0.306989 0.000000 -0.151151 0.988171 -0.025931 10.321800 -0.307293 -0.022039 0.951360 3.142400 0.000000 0.000000 0.000000 1.000000
0.939297 0.151538 0.307828 -0.000000 -0.154295 0.987903 -0.015515 10.321800 -0.306455 -0.032923 0.951315 3.142400 0.000000 0.000000 0.000000 1.000000
0.946461 0.147712 0.287040 0.000000 -0.152654 0.988266 -0.005216 10.321800 -0.284442 -0.038881 0.957904 3.142400 0.000000 0.000000 0.000000 1.000000
0.965484 0.133135 0.223864 0.000000 -0.138917 0.990251 0.010207 10.321800 -0.220323 -0.040954 0.974567 3.142400 0.000000 0.000000 0.000000 1.000000
0.988161 0.103311 0.113423 0.000000 -0.107709 0.993623 0.033337 10.321800 -0.109256 -0.045159 0.992987 3.142400 0.000000 0.000000 0.000000 1.000000
0.997774 0.058104 -0.032713 0.000000 -0.056330 0.997016 0.052780 10.321800 0.035682 -0.050820 0.998070 3.142400 0.000000 0.000000 0.000000 1.000000
0.982388 0.002318 -0.186837 0.000000 0.007256 0.998695 0.050545 10.321800 0.186710 -0.051011 0.981090 3.142400 0.000000 0.000000 0.000000 1.000000
0.947166 -0.051980 -0.316503 -0.000000 0.061926 0.997850 0.021441 10.321800 0.314708 -0.039907 0.948349 3.142400 0.000000 0.000000 0.000000 1.000000
0.911091 -0.091864 -0.401837 0.000000 0.091141 0.995617 -0.020964 10.321800 0.402002 -0.017524 0.915471 3.142400 0.000000 0.000000 0.000000 1.000000
0.890595 -0.110387 -0.441197 0.000000 0.095042 0.993851 -0.056809 10.321800 0.444755 0.008662 0.895610 3.142400 0.000000 0.000000 0.000000 1.000000
0.887500 -0.112262 -0.446925 0.000000 0.087784 0.993298 -0.075183 10.321800 0.452370 0.027492 0.891407 3.142400 0.000000 0.000000 0.000000 1.000000
0.894638 -0.110941 -0.432798 0.000000 0.085263 0.993272 -0.078363 10.321800 0.438580 0.033204 0.898079 3.142400 0.000000 0.000000 0.000000 1.000000
0.903473 -0.109458 -0.414433 0.000000 0.084141 0.993324 -0.078921 10.321800 0.420305 0.036432 0.906651 3.142400 0.000000 0.000000 0.000000 1.000000
0.911788 -0.110935 -0.395395 0.000000 0.085638 0.993018 -0.081127 10.321800 0.401634 0.040110 0.914922 3.142400 0.000000 0.000000 0.000000 1.000000
0.919912 -0.110625 -0.376197 0.000000 0.084070 0.992712 -0.086344 10.321800 0.383007 0.047802 0.922508 3.142400 0.000000 0.000000 0.000000 1.000000
0.930161 -0.108436 -0.350773 0.000000 0.080925 0.992446 -0.092205 10.321800 0.358122 0.057379 0.931910 3.142400 0.000000 0.000000 0.000000 1.000000
0.943327 -0.105460 -0.314662 0.000000 0.078310 0.992125 -0.097748 10.321800 0.322493 0.067567 0.944157 3.142400 0.000000 0.000000 0.000000 1.000000
0.958440 -0.099907 -0.267228 0.000000 0.074653 0.991869 -0.103072 10.321800 0.275353 0.078839 0.958105 3.142400 0.000000 0.000000 0.000000 1.000000
0.974527 -0.084154 -0.207884 -0.000000 0.062972 0.992317 -0.106501 10.321800 0.215249 0.090697 0.972338 3.142400 0.000000 0.000000 0.000000 1.000000
0.987537 -0.063250 -0.144118 0.000000 0.047482 0.992759 -0.110339 10.321800 0.150053 0.102121 0.983390 3.142400 0.000000 0.000000 0.000000 1.000000
0.996895 -0.031500 -0.072172 -0.000000 0.023208 0.993327 -0.112974 10.321800 0.075249 0.110948 0.990973 3.142400 0.000000 0.000000 0.000000 1.000000
0.999996 0.002494 0.001389 0.000000 -0.002311 0.992925 -0.118722 10.321800 -0.001675 0.118718 0.992927 3.142400 0.000000 0.000000 0.000000 1.000000
0.996895 0.034373 0.070846 0.000000 -0.025028 0.991354 -0.128807 10.321800 -0.074661 0.126634 0.989136 3.142400 0.000000 0.000000 0.000000 1.000000
0.989313 0.063250 0.131373 0.000000 -0.044516 0.989017 -0.140937 10.321800 -0.138845 0.133583 0.981263 3.142400 0.000000 0.000000 0.000000 1.000000
0.979180 0.089785 0.182058 0.000000 -0.062230 0.986452 -0.151789 10.321800 -0.193220 0.137299 0.971501 3.142400 0.000000 0.000000 0.000000 1.000000
0.967935 0.113793 0.223947 0.000000 -0.078676 0.983987 -0.159937 10.321800 -0.238561 0.137190 0.961389 3.142400 0.000000 0.000000 0.000000 1.000000
