<?xml version="1.0" encoding="utf-8"?>
<COLLADA xmlns="http://www.collada.org/2005/11/COLLADASchema" version="1.4.1">
  <asset><contributor><author>Mixamo</author><authoring_tool>COLLADA Mixamo exporter</authoring_tool><comments></comments></contributor><created>2018-01-13T15:13:41Z</created><modified>2018-01-13T15:13:41Z</modified><revision></revision><title></title><unit meter="0.010000"/><up_axis>Y_UP</up_axis></asset>
  <library_animations>
    <animation id="mixamorig_Hips-anim" name="mixamorig_Hips"><source id="mixamorig_Hips-Matrix-animation-input"><float_array id="mixamorig_Hips-Matrix-animation-input-array" count="66">

0.000000 0.033333 0.066667 0.100000 0.133333 0.166667 0.200000 0.233333 0.266667 0.300000 0.333333 0.366667 0.400000 0.433333 0.466667 0.500000
0.533333 0.566667 0.600000 0.633333 0.666667 0.700000 0.733333 0.766667 0.800000 0.833333 0.866667 0.900000 0.933333 0.966667 1.000000 1.033333
1.066667 1.100000 1.133333 1.166667 1.200000 1.233333 1.266667 1.300000 1.333333 1.366667 1.400000 1.433333 1.466667 1.500000 1.533333 1.566667
1.600000 1.633333 1.666667 1.700000 1.733333 1.766667 1.800000 1.833333 1.866667 1.900000 1.933333 1.966667 2.000000 2.033333 2.066667 2.100000
2.133333 2.166667</float_array><technique_common><accessor source="#mixamorig_Hips-Matrix-animation-input-array" count="66"><param name="TIME" type="float"/></accessor></technique_common></source><source id="mixamorig_Hips-Matrix-animation-output-transform"><float_array id="mixamorig_Hips-Matrix-animation-output-transform-array" count="1056">

0.798268 -0.001089 -0.602301 -0.126763 0.033342 0.998545 0.042385 90.256744 0.601379 -0.053917 0.797143 -0.008487 0.000000 0.000000 0.000000 1.000000
0.802934 0.000994 -0.596067 -0.506899 0.032319 0.998455 0.045200 89.980255 0.595191 -0.055557 0.801661 0.034153 0.000000 0.000000 0.000000 1.000000
0.807550 0.003054 -0.589791 -0.887035 0.031279 0.998358 0.047998 89.703766 0.588969 -0.057209 0.806128 0.076793 0.000000 0.000000 0.000000 1.000000
0.814749 0.004306 -0.579798 -1.303036 0.029323 0.998387 0.048619 89.426109 0.579072 -0.056614 0.813308 0.155626 0.000000 0.000000 0.000000 1.000000
0.827368 0.003891 -0.561647 -1.805408 0.025179 0.998714 0.044011 89.158020 0.561096 -0.050554 0.826206 0.319331 0.000000 0.000000 0.000000 1.000000
0.844022 0.002920 -0.536301 -2.356203 0.019371 0.999167 0.035926 88.863602 0.535959 -0.040711 0.843262 0.536486 0.000000 0.000000 0.000000 1.000000
0.867379 0.002274 -0.497643 -2.931237 0.011409 0.999636 0.024453 88.432228 0.497518 -0.026888 0.867037 0.803307 0.000000 0.000000 0.000000 1.000000
0.897736 0.001712 -0.440531 -3.598327 0.002253 0.999962 0.008478 87.710281 0.440529 -0.008604 0.897697 0.981732 0.000000 0.000000 0.000000 1.000000
0.918908 0.003943 -0.394453 -4.269527 -0.005853 0.999976 -0.003639 86.956581 0.394429 0.005652 0.918909 1.372613 0.000000 0.000000 0.000000 1.000000
0.927428 0.007946 -0.373918 -4.929746 -0.011182 0.999916 -0.006485 86.242889 0.373835 0.010195 0.927439 2.093906 0.000000 0.000000 0.000000 1.000000
0.932750 0.012252 -0.360316 -5.595586 -0.015658 0.999856 -0.006535 85.525955 0.360184 0.011738 0.932807 2.896809 0.000000 0.000000 0.000000 1.000000
0.934839 0.016602 -0.354685 -6.232820 -0.019441 0.999801 -0.004444 84.844490 0.354540 0.011050 0.934975 3.850718 0.000000 0.000000 0.000000 1.000000
0.933485 0.020879 -0.358009 -6.807218 -0.022704 0.999742 -0.000893 84.237213 0.357898 0.008962 0.933718 5.025032 0.000000 0.000000 0.000000 1.000000
0.900563 0.026248 -0.433932 -6.927376 -0.020869 0.999635 0.017156 84.170105 0.434224 -0.006395 0.900782 7.910856 0.000000 0.000000 0.000000 1.000000
0.847293 0.040990 -0.529542 -7.028138 -0.022240 0.998881 0.041735 84.486778 0.530661 -0.023584 0.847256 11.705839 0.000000 0.000000 0.000000 1.000000
0.765320 0.072891 -0.639509 -7.151459 -0.035215 0.996821 0.071475 85.282310 0.642686 -0.032181 0.765453 16.153889 0.000000 0.000000 0.000000 1.000000
0.666715 0.108143 -0.737426 -7.152978 -0.049094 0.993641 0.101330 86.187241 0.743694 -0.031355 0.667784 20.685930 0.000000 0.000000 0.000000 1.000000
0.559019 0.138415 -0.817520 -6.881873 -0.064049 0.990230 0.123860 87.184708 0.826677 -0.016878 0.562423 25.096832 0.000000 0.000000 0.000000 1.000000
0.453152 0.160818 -0.876807 -6.354528 -0.071095 0.986979 0.144281 88.051407 0.888594 -0.003045 0.458685 29.411221 0.000000 0.000000 0.000000 1.000000
0.394291 0.168544 -0.903398 -5.110341 -0.070264 0.985689 0.153230 88.076180 0.916296 0.003059 0.400491 33.385880 0.000000 0.000000 0.000000 1.000000
0.377473 0.168091 -0.910637 -3.237852 -0.071895 0.985739 0.152152 87.023193 0.923226 0.008037 0.384174 37.236347 0.000000 0.000000 0.000000 1.000000
0.386024 0.158875 -0.908705 -1.152518 -0.078995 0.987133 0.139029 85.118469 0.919100 0.018115 0.393607 40.621014 0.000000 0.000000 0.000000 1.000000
0.403142 0.142109 -0.904036 0.650780 -0.083362 0.989465 0.118363 83.170609 0.911333 0.027645 0.410741 43.271023 0.000000 0.000000 0.000000 1.000000
0.425967 0.129114 -0.895479 1.942271 -0.084626 0.991112 0.102647 81.796501 0.900772 0.032056 0.433107 45.468521 0.000000 0.000000 0.000000 1.000000
0.455407 0.128214 -0.881003 2.677488 -0.087676 0.991224 0.098933 81.146523 0.885956 0.032189 0.462652 47.349575 0.000000 0.000000 0.000000 1.000000
0.484879 0.130836 -0.864740 2.964695 -0.090866 0.990932 0.098979 80.948273 0.869848 0.030583 0.492370 48.755703 0.000000 0.000000 0.000000 1.000000
0.509310 0.124202 -0.851573 3.036187 -0.091283 0.991745 0.090051 81.070015 0.855728 0.031870 0.516443 49.626194 0.000000 0.000000 0.000000 1.000000
0.533386 0.109195 -0.838794 3.052210 -0.091096 0.993281 0.071379 81.416313 0.840952 0.038338 0.539749 49.953941 0.000000 0.000000 0.000000 1.000000
0.562485 0.096791 -0.821122 3.053004 -0.094385 0.994149 0.052531 81.871758 0.821402 0.047954 0.568330 49.765793 0.000000 0.000000 0.000000 1.000000
0.593243 0.092268 -0.799719 2.987684 -0.101141 0.994081 0.039665 82.300812 0.798645 0.057354 0.599063 49.058167 0.000000 0.000000 0.000000 1.000000
0.618562 0.091794 -0.780355 2.799171 -0.107902 0.993667 0.031356 82.654945 0.778292 0.064806 0.624550 47.870373 0.000000 0.000000 0.000000 1.000000
0.636370 0.090877 -0.766012 2.480570 -0.111206 0.993471 0.025476 82.974861 0.763326 0.068973 0.642321 46.314690 0.000000 0.000000 0.000000 1.000000
0.648601 0.088646 -0.755949 2.044421 -0.109678 0.993714 0.022424 83.244865 0.753185 0.068366 0.654247 44.458038 0.000000 0.000000 0.000000 1.000000
0.656865 0.085705 -0.749121 1.513651 -0.103633 0.994352 0.022891 83.584122 0.746852 0.062597 0.662037 42.435261 0.000000 0.000000 0.000000 1.000000
0.663073 0.082043 -0.744045 0.876204 -0.093289 0.995283 0.026609 83.950493 0.742719 0.051768 0.667600 40.178989 0.000000 0.000000 0.000000 1.000000
0.671799 0.076078 -0.736816 0.106099 -0.077792 0.996457 0.031959 84.278778 0.736637 0.035848 0.675337 37.588490 0.000000 0.000000 0.000000 1.000000
0.688301 0.064804 -0.722525 -0.809919 -0.056313 0.997769 0.035845 84.592575 0.723237 0.016016 0.690415 34.686954 0.000000 0.000000 0.000000 1.000000
0.714214 0.045207 -0.698466 -1.844628 -0.027965 0.998958 0.036061 84.974388 0.699368 -0.006223 0.714735 31.561951 0.000000 0.000000 0.000000 1.000000
0.752204 0.018623 -0.658667 -2.880679 0.008160 0.999261 0.037572 85.073502 0.658880 -0.033636 0.751496 28.219526 0.000000 0.000000 0.000000 1.000000
0.777352 -0.002148 -0.629063 -3.494754 0.034792 0.998610 0.039584 85.460663 0.628104 -0.052657 0.776346 25.497646 0.000000 0.000000 0.000000 1.000000
0.784059 -0.008361 -0.620630 -3.488308 0.040863 0.998435 0.038173 86.408905 0.619340 -0.055291 0.783174 23.763037 0.000000 0.000000 0.000000 1.000000
0.788441 -0.011691 -0.614999 -3.378532 0.043336 0.998391 0.036578 87.484100 0.613581 -0.055491 0.787679 22.187098 0.000000 0.000000 0.000000 1.000000
0.790599 -0.012975 -0.612197 -3.182748 0.042883 0.998494 0.034218 88.628448 0.610831 -0.053305 0.789964 20.745617 0.000000 0.000000 0.000000 1.000000
0.790558 -0.013102 -0.612248 -2.918278 0.040242 0.998722 0.030590 89.784142 0.611064 -0.048821 0.790074 19.414387 0.000000 0.000000 0.000000 1.000000
0.788298 -0.013009 -0.615156 -2.602447 0.036185 0.999026 0.025243 90.893349 0.614228 -0.042158 0.788001 18.169199 0.000000 0.000000 0.000000 1.000000
0.783773 -0.013679 -0.620896 -2.252575 0.031501 0.999346 0.017749 91.898277 0.620247 -0.033470 0.783692 16.985846 0.000000 0.000000 0.000000 1.000000
0.761522 -0.015278 -0.647959 -1.552268 0.017677 0.999840 -0.002799 92.588028 0.647898 -0.009323 0.761670 16.405296 0.000000 0.000000 0.000000 1.000000
0.728454 -0.018094 -0.684856 -0.605811 -0.000868 0.999626 -0.027334 92.928734 0.685095 0.020506 0.728165 16.213579 0.000000 0.000000 0.000000 1.000000
0.709120 -0.015659 -0.704914 0.307674 -0.015383 0.999172 -0.037671 92.604568 0.704920 0.037557 0.708292 15.837312 0.000000 0.000000 0.000000 1.000000
0.710344 -0.008789 -0.703800 1.059304 -0.018950 0.999321 -0.031605 91.985687 0.703599 0.035788 0.709695 15.108947 0.000000 0.000000 0.000000 1.000000
0.717797 -0.001184 -0.696251 1.697022 -0.019050 0.999591 -0.021339 91.299660 0.695992 0.028581 0.717481 14.248592 0.000000 0.000000 0.000000 1.000000
0.735238 0.004956 -0.677791 1.927044 -0.011996 0.999912 -0.005702 90.572708 0.677703 0.012323 0.735233 13.080393 0.000000 0.000000 0.000000 1.000000
0.748780 0.008766 -0.662761 1.937569 -0.006683 0.999962 0.005676 89.977982 0.662785 0.000179 0.748810 11.839332 0.000000 0.000000 0.000000 1.000000
0.756039 0.009166 -0.654463 1.876616 -0.002645 0.999937 0.010950 89.596809 0.654522 -0.006547 0.756015 10.471357 0.000000 0.000000 0.000000 1.000000
0.761137 0.006781 -0.648556 1.814218 0.001855 0.999918 0.012632 89.450363 0.648588 -0.010818 0.761062 8.923175 0.000000 0.000000 0.000000 1.000000
0.769390 0.003378 -0.638770 1.745022 0.007331 0.999873 0.014118 89.557274 0.638737 -0.015545 0.769268 7.270445 0.000000 0.000000 0.000000 1.000000
0.781546 -0.003270 -0.623839 1.626469 0.015607 0.999776 0.014312 89.933960 0.623652 -0.020922 0.781422 5.886166 0.000000 0.000000 0.000000 1.000000
0.794253 -0.010837 -0.607491 1.502352 0.024848 0.999584 0.014655 90.359528 0.607079 -0.026735 0.794191 4.502427 0.000000 0.000000 0.000000 1.000000
0.805730 -0.018091 -0.592006 1.371789 0.033636 0.999318 0.015241 90.771545 0.591327 -0.032192 0.805789 3.232307 0.000000 0.000000 0.000000 1.000000
0.814441 -0.023683 -0.579762 1.233901 0.040410 0.999056 0.015957 91.107597 0.578837 -0.036424 0.814629 2.188879 0.000000 0.000000 0.000000 1.000000
0.819530 -0.026596 -0.572418 1.086697 0.043450 0.998931 0.015795 91.352074 0.571386 -0.037817 0.819810 1.567429 0.000000 0.000000 0.000000 1.000000
0.821383 -0.026959 -0.569739 0.926994 0.043393 0.998941 0.015290 91.498497 0.568724 -0.037282 0.821683 1.281980 0.000000 0.000000 0.000000 1.000000
0.820366 -0.025155 -0.571285 0.752120 0.042207 0.998971 0.016622 91.498192 0.570279 -0.037749 0.820584 1.023722 0.000000 0.000000 0.000000 1.000000
0.815591 -0.020562 -0.578264 0.556130 0.040193 0.998968 0.021168 91.286018 0.577232 -0.040506 0.815575 0.698781 0.000000 0.000000 0.000000 1.000000
0.807791 -0.013698 -0.589310 0.344971 0.037096 0.998930 0.027631 90.927132 0.588301 -0.044181 0.807434 0.401032 0.000000 0.000000 0.000000 1.000000
0.799829 -0.006729 -0.600190 0.133811 0.034046 0.998836 0.034173 90.568237 0.599261 -0.047766 0.799127 0.103282 0.000000 0.000000 0.000000 1.000000</float_array><technique_common><accessor source="#mixamorig_Hips-Matrix-animation-output-transform-array" count="66" stride="16"><param type="float4x4"/></accessor></technique_common></source><source id="mixamorig_Hips-Interpolations"><Name_array id="mixamorig_Hips-Interpolations-array" count="66">
 LINEAR LINEAR LINEAR LINEAR LINEAR LINEAR LINEAR LINEAR LINEAR LINEAR LINEAR
LINEAR LINEAR LINEAR LINEAR LINEAR LINEAR LINEAR LINEAR LINEAR LINEAR LINEAR LINEAR
LINEAR LINEAR LINEAR LINEAR LINEAR LINEAR LINEAR LINEAR LINEAR LINEAR LINEAR LINEAR
LINEAR LINEAR LINEAR LINEAR LINEAR LINEAR LINEAR LINEAR LINEAR LINEAR LINEAR LINEAR
LINEAR LINEAR LINEAR LINEAR LINEAR LINEAR LINEAR LINEAR LINEAR LINEAR LINEAR LINEAR
LINEAR LINEAR LINEAR LINEAR LINEAR LINEAR LINEAR</Name_array><technique_common><accessor source="#mixamorig_Hips-Interpolations-array" count="66"><param type="name"/></accessor></technique_common></source><sampler id="mixamorig_Hips-Matrix-animation-transform"><input semantic="INPUT" source="#mixamorig_Hips-Matrix-animation-input"/><input semantic="OUTPUT" source="#mixamorig_Hips-Matrix-animation-output-transform"/><input semantic="INTERPOLATION" source="#mixamorig_Hips-Interpolations"/></sampler><channel source="#mixamorig_Hips-Matrix-animation-transform" target="mixamorig_Hips/matrix"/><source id="mixamorig_Spine-Matrix-animation-input"><float_array id="mixamorig_Spine-Matrix-animation-input-array" count="66">

0.000000 0.033333 0.066667 0.100000 0.133333 0.166667 0.200000 0.233333 0.266667 0.300000 0.333333 0.366667 0.400000 0.433333 0.466667 0.500000
0.533333 0.566667 0.600000 0.633333 0.666667 0.700000 0.733333 0.766667 0.800000 0.833333 0.866667 0.900000 0.933333 0.966667 1.000000 1.033333
1.066667 1.100000 1.133333 1.166667 1.200000 1.233333 1.266667 1.300000 1.333333 1.366667 1.400000 1.433333 1.466667 1.500000 1.533333 1.566667
1.600000 1.633333 1.666667 1.700000 1.733333 1.766667 1.800000 1.833333 1.866667 1.900000 1.933333 1.966667 2.000000 2.033333 2.066667 2.100000
2.133333 2.166667</float_array><technique_common><accessor source="#mixamorig_Spine-Matrix-animation-input-array" count="66"><param name="TIME" type="float"/></accessor></technique_common></source><source id="mixamorig_Spine-Matrix-animation-output-transform"><float_array id="mixamorig_Spine-Matrix-animation-output-transform-array" count="1056">

0.999828 -0.007593 0.016924 -0.000100 0.007303 0.999827 0.017113 9.856800 -0.017051 -0.016986 0.999710 -1.223200 0.000000 0.000000 0.000000 1.000000
0.999835 -0.006677 0.016893 -0.000100 0.006414 0.999858 0.015605 9.856800 -0.016995 -0.015494 0.999736 -1.223200 0.000000 0.000000 0.000000 1.000000
0.999841 -0.005762 0.016860 -0.000100 0.005524 0.999885 0.014097 9.856800 -0.016939 -0.014002 0.999758 -1.223200 0.000000 0.000000 0.000000 1.000000
0.999849 -0.005014 0.016656 -0.000100 0.004795 0.999901 0.013197 9.856800 -0.016721 -0.013115 0.999774 -1.223200 0.000000 0.000000 0.000000 1.000000
0.999860 -0.004755 0.016050 -0.000100 0.004532 0.999893 0.013904 9.856800 -0.016115 -0.013830 0.999775 -1.223200 0.000000 0.000000 0.000000 1.000000
0.999874 -0.004552 0.015218 -0.000100 0.004321 0.999876 0.015149 9.856800 -0.015286 -0.015081 0.999769 -1.223200 0.000000 0.000000 0.000000 1.000000
0.999892 -0.003534 0.014269 -0.000100 0.003317 0.999878 0.015245 9.856800 -0.014321 -0.015196 0.999782 -1.223200 0.000000 0.000000 0.000000 1.000000
0.999907 -0.002151 0.013475 -0.000100 0.001958 0.999895 0.014339 9.856800 -0.013505 -0.014311 0.999806 -1.223200 0.000000 0.000000 0.000000 1.000000
0.999886 0.001215 0.015081 -0.000100 -0.001384 0.999936 0.011189 9.856800 -0.015066 -0.011208 0.999824 -1.223200 0.000000 0.000000 0.000000 1.000000
0.999755 0.007671 0.020744 -0.000100 -0.007753 0.999962 0.003862 9.856800 -0.020714 -0.004022 0.999777 -1.223200 0.000000 0.000000 0.000000 1.000000
0.999503 0.015179 0.027646 -0.000100 -0.015042 0.999873 -0.005176 9.856800 -0.027721 0.004757 0.999604 -1.223200 0.000000 0.000000 0.000000 1.000000
0.999111 0.023595 0.034922 -0.000100 -0.023119 0.999635 -0.013960 9.856800 -0.035239 0.013140 0.999293 -1.223200 0.000000 0.000000 0.000000 1.000000
0.998592 0.032690 0.041777 -0.000100 -0.031854 0.999282 -0.020503 9.856800 -0.042418 0.019143 0.998917 -1.223200 0.000000 0.000000 0.000000 1.000000
0.997729 0.047049 0.048207 -0.000100 -0.046527 0.998846 -0.011883 9.856800 -0.048710 0.009613 0.998767 -1.223200 0.000000 0.000000 0.000000 1.000000
0.996971 0.060016 0.049475 -0.000100 -0.060483 0.998137 0.007995 9.856800 -0.048903 -0.010963 0.998743 -1.223200 0.000000 0.000000 0.000000 1.000000
0.997095 0.062354 0.043745 -0.000100 -0.063958 0.997293 0.036274 9.856800 -0.041364 -0.038967 0.998384 -1.223200 0.000000 0.000000 0.000000 1.000000
0.997495 0.061069 0.035684 -0.000100 -0.063216 0.996041 0.062503 9.856800 -0.031726 -0.064602 0.997407 -1.223200 0.000000 0.000000 0.000000 1.000000
0.998190 0.054496 0.025441 -0.000100 -0.056363 0.995232 0.079607 9.856800 -0.020981 -0.080896 0.996502 -1.223200 0.000000 0.000000 0.000000 1.000000
0.998755 0.047916 0.013876 -0.000100 -0.048978 0.994701 0.090398 9.856800 -0.009471 -0.090965 0.995809 -1.223200 0.000000 0.000000 0.000000 1.000000
0.998673 0.051467 0.002061 -0.000100 -0.051451 0.994855 0.087274 9.856800 0.002441 -0.087264 0.996182 -1.223200 0.000000 0.000000 0.000000 1.000000
0.998465 0.054798 -0.008109 -0.000100 -0.054032 0.995681 0.075501 9.856800 0.012211 -0.074947 0.997113 -1.223200 0.000000 0.000000 0.000000 1.000000
0.998142 0.059469 -0.013252 -0.000100 -0.058577 0.996491 0.059786 9.856800 0.016761 -0.058899 0.998123 -1.223200 0.000000 0.000000 0.000000 1.000000
0.997531 0.069155 -0.012203 -0.000100 -0.068569 0.996708 0.043261 9.856800 0.015155 -0.042318 0.998989 -1.223200 0.000000 0.000000 0.000000 1.000000
0.997147 0.075163 -0.007024 -0.000100 -0.074941 0.996802 0.027747 9.856800 0.009087 -0.027141 0.999590 -1.223200 0.000000 0.000000 0.000000 1.000000
0.997483 0.070886 0.001339 -0.000100 -0.070898 0.997371 0.014954 9.856800 -0.000275 -0.015012 0.999887 -1.223200 0.000000 0.000000 0.000000 1.000000
0.997950 0.062911 0.011756 -0.000100 -0.062981 0.997998 0.005746 9.856800 -0.011371 -0.006474 0.999914 -1.223200 0.000000 0.000000 0.000000 1.000000
0.997941 0.060459 0.021404 -0.000100 -0.060480 0.998169 0.000376 9.856800 -0.021342 -0.001669 0.999771 -1.223200 0.000000 0.000000 0.000000 1.000000
0.997617 0.063157 0.027774 -0.000100 -0.063097 0.998003 -0.003043 9.856800 -0.027911 0.001283 0.999610 -1.223200 0.000000 0.000000 0.000000 1.000000
0.997437 0.064547 0.030857 -0.000100 -0.064326 0.997896 -0.008125 9.856800 -0.031317 0.006120 0.999491 -1.223200 0.000000 0.000000 0.000000 1.000000
0.997559 0.061915 0.032279 -0.000100 -0.061451 0.997995 -0.015180 9.856800 -0.033154 0.013160 0.999364 -1.223200 0.000000 0.000000 0.000000 1.000000
0.997765 0.057982 0.033199 -0.000100 -0.057291 0.998128 -0.021388 9.856800 -0.034377 0.019438 0.999220 -1.223200 0.000000 0.000000 0.000000 1.000000
0.997919 0.055135 0.033439 -0.000100 -0.054306 0.998206 -0.025219 9.856800 -0.034769 0.023351 0.999123 -1.223200 0.000000 0.000000 0.000000 1.000000
0.998034 0.053301 0.032971 -0.000100 -0.052419 0.998258 -0.027088 9.856800 -0.034358 0.025306 0.999089 -1.223200 0.000000 0.000000 0.000000 1.000000
0.998233 0.050079 0.031976 -0.000100 -0.049222 0.998421 -0.027073 9.856800 -0.033281 0.025451 0.999122 -1.223200 0.000000 0.000000 0.000000 1.000000
0.998493 0.045400 0.030841 -0.000100 -0.044611 0.998671 -0.025823 9.856800 -0.031972 0.024409 0.999191 -1.223200 0.000000 0.000000 0.000000 1.000000
0.998748 0.040279 0.029672 -0.000100 -0.039573 0.998928 -0.023998 9.856800 -0.030607 0.022794 0.999272 -1.223200 0.000000 0.000000 0.000000 1.000000
0.998980 0.035144 0.028362 -0.000100 -0.034560 0.999186 -0.020823 9.856800 -0.029071 0.019822 0.999381 -1.223200 0.000000 0.000000 0.000000 1.000000
0.999155 0.031121 0.026858 -0.000100 -0.030718 0.999411 -0.015312 9.856800 -0.027319 0.014474 0.999522 -1.223200 0.000000 0.000000 0.000000 1.000000
0.999359 0.025792 0.024846 -0.000100 -0.025542 0.999620 -0.010331 9.856800 -0.025103 0.009690 0.999638 -1.223200 0.000000 0.000000 0.000000 1.000000
0.999512 0.020699 0.023411 -0.000100 -0.020556 0.999769 -0.006331 9.856800 -0.023537 0.005847 0.999706 -1.223200 0.000000 0.000000 0.000000 1.000000
0.999602 0.016275 0.023049 -0.000100 -0.016189 0.999861 -0.003904 9.856800 -0.023109 0.003530 0.999727 -1.223200 0.000000 0.000000 0.000000 1.000000
0.999669 0.011810 0.022859 -0.000100 -0.011765 0.999929 -0.002103 9.856800 -0.022883 0.001833 0.999736 -1.223200 0.000000 0.000000 0.000000 1.000000
0.999712 0.007437 0.022802 -0.000100 -0.007428 0.999972 -0.000479 9.856800 -0.022805 0.000310 0.999740 -1.223200 0.000000 0.000000 0.000000 1.000000
0.999734 0.003293 0.022831 -0.000100 -0.003326 0.999993 0.001414 9.856800 -0.022826 -0.001490 0.999738 -1.223200 0.000000 0.000000 0.000000 1.000000
0.999738 -0.000487 0.022892 -0.000100 0.000395 0.999992 0.004024 9.856800 -0.022894 -0.004014 0.999730 -1.223200 0.000000 0.000000 0.000000 1.000000
0.999730 -0.003766 0.022928 -0.000100 0.003588 0.999963 0.007795 9.856800 -0.022957 -0.007710 0.999707 -1.223200 0.000000 0.000000 0.000000 1.000000
0.999719 -0.004160 0.023329 -0.000100 0.003747 0.999836 0.017719 9.856800 -0.023398 -0.017626 0.999571 -1.223200 0.000000 0.000000 0.000000 1.000000
0.999712 -0.003195 0.023801 -0.000100 0.002487 0.999555 0.029717 9.856800 -0.023886 -0.029649 0.999275 -1.223200 0.000000 0.000000 0.000000 1.000000
0.999720 -0.004500 0.023223 -0.000100 0.003714 0.999423 0.033758 9.856800 -0.023361 -0.033663 0.999160 -1.223200 0.000000 0.000000 0.000000 1.000000
0.999748 -0.003015 0.022234 -0.000100 0.002428 0.999650 0.026355 9.856800 -0.022305 -0.026295 0.999405 -1.223200 0.000000 0.000000 0.000000 1.000000
0.999776 -0.000759 0.021155 -0.000100 0.000406 0.999861 0.016680 9.856800 -0.021164 -0.016667 0.999637 -1.223200 0.000000 0.000000 0.000000 1.000000
0.999794 0.002646 0.020147 -0.000100 -0.002789 0.999971 0.007080 9.856800 -0.020128 -0.007135 0.999772 -1.223200 0.000000 0.000000 0.000000 1.000000
0.999802 0.002923 0.019692 -0.000100 -0.003011 0.999986 0.004421 9.856800 -0.019679 -0.004480 0.999796 -1.223200 0.000000 0.000000 0.000000 1.000000
0.999793 0.001214 0.020315 -0.000100 -0.001354 0.999975 0.006883 9.856800 -0.020306 -0.006909 0.999770 -1.223200 0.000000 0.000000 0.000000 1.000000
0.999765 -0.001331 0.021651 -0.000100 0.001111 0.999948 0.010161 9.856800 -0.021664 -0.010134 0.999714 -1.223200 0.000000 0.000000 0.000000 1.000000
0.999733 -0.004590 0.022638 -0.000100 0.004319 0.999918 0.012017 9.856800 -0.022692 -0.011916 0.999671 -1.223200 0.000000 0.000000 0.000000 1.000000
0.999737 -0.005341 0.022316 -0.000100 0.005034 0.999892 0.013789 9.856800 -0.022388 -0.013673 0.999656 -1.223200 0.000000 0.000000 0.000000 1.000000
0.999745 -0.005740 0.021832 -0.000100 0.005401 0.999865 0.015532 9.856800 -0.021919 -0.015410 0.999641 -1.223200 0.000000 0.000000 0.000000 1.000000
0.999757 -0.005988 0.021215 -0.000100 0.005621 0.999834 0.017312 9.856800 -0.021315 -0.017188 0.999625 -1.223200 0.000000 0.000000 0.000000 1.000000
0.999770 -0.006288 0.020489 -0.000100 0.005895 0.999798 0.019192 9.856800 -0.020606 -0.019067 0.999606 -1.223200 0.000000 0.000000 0.000000 1.000000
0.999789 -0.006663 0.019442 -0.000100 0.006242 0.999746 0.021676 9.856800 -0.019582 -0.021550 0.999576 -1.223200 0.000000 0.000000 0.000000 1.000000
0.999810 -0.007008 0.018189 -0.000100 0.006565 0.999683 0.024302 9.856800 -0.018354 -0.024178 0.999539 -1.223200 0.000000 0.000000 0.000000 1.000000
0.999824 -0.007343 0.017250 -0.000100 0.006899 0.999646 0.025686 9.856800 -0.017433 -0.025562 0.999521 -1.223200 0.000000 0.000000 0.000000 1.000000
0.999828 -0.007678 0.016907 -0.000100 0.007255 0.999662 0.024954 9.856800 -0.017093 -0.024827 0.999546 -1.223200 0.000000 0.000000 0.000000 1.000000
0.999825 -0.008010 0.016882 -0.000100 0.007621 0.999707 0.022981 9.856800 -0.017061 -0.022849 0.999593 -1.223200 0.000000 0.000000 0.000000 1.000000
0.999823 -0.008342 0.016858 -0.000100 0.007987 0.999747 0.021009 9.856800 -0.017029 -0.020870 0.999637 -1.223200 0.000000 0.000000 0.000000 1.000000</float_array><technique_common><accessor source="#mixamorig_Spine-Matrix-animation-output-transform-array" count="66" stride="16"><param type="float4x4"/></accessor></technique_common></source><source id="mixamorig_Spine-Interpolations"><Name_array id="mixamorig_Spine-Interpolations-array" count="66">
 LINEAR LINEAR LINEAR LINEAR LINEAR LINEAR LINEAR LINEAR LINEAR LINEAR LINEAR
LINEAR LINEAR LINEAR LINEAR LINEAR LINEAR LINEAR LINEAR LINEAR LINEAR LINEAR LINEAR
LINEAR LINEAR LINEAR LINEAR LINEAR LINEAR LINEAR LINEAR LINEAR LINEAR LINEAR LINEAR
LINEAR LINEAR LINEAR LINEAR LINEAR LINEAR LINEAR LINEAR LINEAR LINEAR LINEAR LINEAR
LINEAR LINEAR LINEAR LINEAR LINEAR LINEAR LINEAR LINEAR LINEAR LINEAR LINEAR LINEAR
LINEAR LINEAR LINEAR LINEAR LINEAR LINEAR LINEAR</Name_array><technique_common><accessor source="#mixamorig_Spine-Interpolations-array" count="66"><param type="name"/></accessor></technique_common></source><sampler id="mixamorig_Spine-Matrix-animation-transform"><input semantic="INPUT" source="#mixamorig_Spine-Matrix-animation-input"/><input semantic="OUTPUT" source="#mixamorig_Spine-Matrix-animation-output-transform"/><input semantic="INTERPOLATION" source="#mixamorig_Spine-Interpolations"/></sampler><channel source="#mixamorig_Spine-Matrix-animation-transform" target="mixamorig_Spine/matrix"/><source id="mixamorig_Spine1-Matrix-animation-input"><float_array id="mixamorig_Spine1-Matrix-animation-input-array" count="66">

0.000000 0.033333 0.066667 0.100000 0.133333 0.166667 0.200000 0.233333 0.266667 0.300000 0.333333 0.366667 0.400000 0.433333 0.466667 0.500000
0.533333 0.566667 0.600000 0.633333 0.666667 0.700000 0.733333 0.766667 0.800000 0.833333 0.866667 0.900000 0.933333 0.966667 1.000000 1.033333
1.066667 1.100000 1.133333 1.166667 1.200000 1.233333 1.266667 1.300000 1.333333 1.366667 1.400000 1.433333 1.466667 1.500000 1.533333 1.566667
1.600000 1.633333 1.666667 1.700000 1.733333 1.766667 1.800000 1.833333 1.866667 1.900000 1.933333 1.966667 2.000000 2.033333 2.066667 2.100000
2.133333 2.166667</float_array><technique_common><accessor source="#mixamorig_Spine1-Matrix-animation-input-array" count="66"><param name="TIME" type="float"/></accessor></technique_common></source><source id="mixamorig_Spine1-Matrix-animation-output-transform"><float_array id="mixamorig_Spine1-Matrix-animation-output-transform-array" count="1056">

0.999291 -0.001450 0.037627 0.000000 0.006721 0.990083 -0.140319 11.653700 -0.037050 0.140473 0.989391 0.000000 0.000000 0.000000 0.000000 1.000000
0.999292 0.000145 0.037629 0.000000 0.005209 0.989832 -0.142147 11.653700 -0.037267 0.142243 0.989130 0.000000 0.000000 0.000000 0.000000 1.000000
0.999290 0.001741 0.037625 -0.000000 0.003697 0.989574 -0.143975 11.653700 -0.037483 0.144012 0.988866 0.000000 0.000000 0.000000 0.000000 1.000000
0.999303 0.002966 0.037214 0.000000 0.002466 0.989416 -0.145087 11.653700 -0.037250 0.145078 0.988719 -0.000000 0.000000 0.000000 0.000000 1.000000
0.999352 0.003228 0.035859 0.000000 0.001981 0.989533 -0.144290 11.653700 -0.035950 0.144267 0.988886 0.000000 0.000000 0.000000 0.000000 1.000000
0.999420 0.003141 0.033914 0.000000 0.001738 0.989737 -0.142891 11.653700 -0.034015 0.142867 0.989157 -0.000000 0.000000 0.000000 0.000000 1.000000
0.999499 0.003607 0.031431 0.000000 0.000926 0.989720 -0.143017 11.653700 -0.031624 0.142975 0.989221 0.000000 0.000000 0.000000 0.000000 1.000000
0.999570 0.003943 0.029064 -0.000000 0.000318 0.989407 -0.145169 11.653700 -0.029329 0.145116 0.988980 -0.000000 0.000000 0.000000 0.000000 1.000000
0.999462 0.007838 0.031833 0.000000 -0.003011 0.988843 -0.148932 11.653700 -0.032645 0.148756 0.988335 0.000000 0.000000 0.000000 0.000000 1.000000
0.998902 0.017551 0.043441 0.000000 -0.010591 0.987771 -0.155553 11.653700 -0.045640 0.154922 0.986872 0.000000 0.000000 0.000000 0.000000 1.000000
0.997899 0.029193 0.057832 0.000000 -0.019370 0.986327 -0.163656 11.653700 -0.061819 0.162192 0.984821 0.000000 0.000000 0.000000 0.000000 1.000000
0.996417 0.042548 0.073100 0.000000 -0.029477 0.984763 -0.171383 11.653700 -0.079278 0.168614 0.982489 0.000000 0.000000 0.000000 0.000000 1.000000
0.994523 0.057230 0.087454 0.000000 -0.041039 0.983386 -0.176829 11.653700 -0.096121 0.172272 0.980349 -0.000000 0.000000 0.000000 0.000000 1.000000
0.991554 0.082226 0.100301 0.000000 -0.064877 0.984093 -0.165387 11.653700 -0.112304 0.157483 0.981115 0.000000 0.000000 0.000000 0.000000 1.000000
0.988960 0.106558 0.102975 -0.000000 -0.091439 0.985665 -0.141788 11.653700 -0.116608 0.130806 0.984526 -0.000000 0.000000 0.000000 0.000000 1.000000
0.988867 0.115100 0.094307 0.000000 -0.105053 0.988870 -0.105354 11.653700 -0.105384 0.094274 0.989953 0.000000 0.000000 0.000000 0.000000 1.000000
0.990054 0.115357 0.080538 0.000000 -0.109789 0.991455 -0.070454 11.653700 -0.087977 0.060911 0.994258 0.000000 0.000000 0.000000 0.000000 1.000000
0.993273 0.099803 0.058715 -0.000000 -0.097134 0.994176 -0.046685 11.653700 -0.063032 0.040668 0.997183 0.000000 0.000000 0.000000 0.000000 1.000000
0.996199 0.080893 0.032300 0.000000 -0.079890 0.996314 -0.031227 11.653700 -0.034707 0.028528 0.998990 0.000000 0.000000 0.000000 0.000000 1.000000
0.997219 0.074419 0.003956 -0.000000 -0.074248 0.996687 -0.033198 11.653700 -0.006414 0.032812 0.999441 0.000000 0.000000 0.000000 0.000000 1.000000
0.997153 0.073225 -0.017985 -0.000000 -0.073927 0.996374 -0.042122 11.653700 0.014835 0.043332 0.998951 0.000000 0.000000 0.000000 0.000000 1.000000
0.996795 0.075008 -0.027826 -0.000000 -0.076403 0.995667 -0.053000 11.653700 0.023730 0.054956 0.998207 0.000000 0.000000 0.000000 0.000000 1.000000
0.996496 0.079323 -0.026540 0.000000 -0.080919 0.994549 -0.065757 11.653700 0.021179 0.067675 0.997483 -0.000000 0.000000 0.000000 0.000000 1.000000
0.996511 0.081615 -0.017440 0.000000 -0.082787 0.993114 -0.082894 11.653700 0.010555 0.084048 0.996406 0.000000 0.000000 0.000000 0.000000 1.000000
0.996918 0.078439 -0.001235 0.000000 -0.078145 0.991543 -0.103616 11.653700 -0.006903 0.103393 0.994617 0.000000 0.000000 0.000000 0.000000 1.000000
0.997027 0.074349 0.020237 0.000000 -0.071323 0.989864 -0.122812 11.653700 -0.029163 0.121004 0.992224 0.000000 0.000000 0.000000 0.000000 1.000000
0.996255 0.076410 0.040467 -0.000000 -0.070267 0.988209 -0.136038 11.653700 -0.050385 0.132685 0.989877 0.000000 0.000000 0.000000 0.000000 1.000000
0.995155 0.082491 0.053492 0.000000 -0.074014 0.986708 -0.144672 11.653700 -0.064716 0.140011 0.988033 0.000000 0.000000 0.000000 0.000000 1.000000
0.994656 0.084531 0.059284 -0.000000 -0.074610 0.985373 -0.153212 11.653700 -0.071368 0.147970 0.986413 -0.000000 0.000000 0.000000 0.000000 1.000000
0.994941 0.079455 0.061471 0.000000 -0.068560 0.984306 -0.162605 11.653700 -0.073426 0.157568 0.984775 0.000000 0.000000 0.000000 0.000000 1.000000
0.995508 0.071344 0.062237 -0.000000 -0.059835 0.983558 -0.170393 11.653700 -0.073370 0.165904 0.983409 0.000000 0.000000 0.000000 0.000000 1.000000
0.996016 0.064646 0.061428 0.000000 -0.052993 0.983080 -0.175345 11.653700 -0.071724 0.171391 0.982589 0.000000 0.000000 0.000000 0.000000 1.000000
0.996428 0.060099 0.059321 0.000000 -0.048674 0.982807 -0.178106 11.653700 -0.069005 0.174582 0.982222 0.000000 0.000000 0.000000 0.000000 1.000000
0.996814 0.055630 0.057153 0.000000 -0.044594 0.982856 -0.178898 11.653700 -0.066126 0.175779 0.982206 0.000000 0.000000 0.000000 0.000000 1.000000
0.997139 0.051091 0.055709 -0.000000 -0.040416 0.983155 -0.178250 11.653700 -0.063878 0.175489 0.982407 0.000000 0.000000 0.000000 0.000000 1.000000
0.997368 0.047558 0.054727 0.000000 -0.037181 0.983497 -0.177061 11.653700 -0.062245 0.174561 0.982677 0.000000 0.000000 0.000000 0.000000 1.000000
0.997519 0.045600 0.053631 0.000000 -0.035559 0.983896 -0.175167 11.653700 -0.060755 0.172825 0.983077 0.000000 0.000000 0.000000 0.000000 1.000000
0.997617 0.044963 0.052333 -0.000000 -0.035370 0.984526 -0.171634 11.653700 -0.059240 0.169374 0.983770 0.000000 0.000000 0.000000 0.000000 1.000000
0.997766 0.043022 0.051115 0.000000 -0.033802 0.984996 -0.169236 11.653700 -0.057629 0.167130 0.984249 0.000000 0.000000 0.000000 0.000000 1.000000
0.997947 0.039740 0.050228 0.000000 -0.030843 0.985488 -0.166921 11.653700 -0.056133 0.165029 0.984690 0.000000 0.000000 0.000000 0.000000 1.000000
0.998150 0.034919 0.049769 0.000000 -0.026282 0.985996 -0.164686 11.653700 -0.054823 0.163074 0.985090 0.000000 0.000000 0.000000 0.000000 1.000000
0.998338 0.029785 0.049346 0.000000 -0.021379 0.986417 -0.162865 11.653700 -0.053527 0.161539 0.985414 0.000000 0.000000 0.000000 0.000000 1.000000
0.998502 0.024425 0.048970 0.000000 -0.016242 0.986817 -0.161024 11.653700 -0.052257 0.159988 0.985735 0.000000 0.000000 0.000000 0.000000 1.000000
0.998637 0.018928 0.048643 0.000000 -0.010981 0.987260 -0.158733 11.653700 -0.051028 0.157983 0.986122 -0.000000 0.000000 0.000000 0.000000 1.000000
0.998740 0.013382 0.048358 -0.000000 -0.005704 0.987810 -0.155558 11.653700 -0.049851 0.155086 0.986642 -0.000000 0.000000 0.000000 0.000000 1.000000
0.998811 0.007875 0.048102 0.000000 -0.000519 0.988524 -0.151062 11.653700 -0.048740 0.150857 0.987353 0.000000 0.000000 0.000000 0.000000 1.000000
0.998830 0.001978 0.048328 0.000000 0.004774 0.990254 -0.139188 11.653700 -0.048133 0.139256 0.989086 0.000000 0.000000 0.000000 0.000000 1.000000
0.998820 -0.003953 0.048412 -0.000000 0.009953 0.992190 -0.124338 11.653700 -0.047543 0.124673 0.991058 -0.000000 0.000000 0.000000 0.000000 1.000000
0.998859 -0.008639 0.046963 0.000000 0.014109 0.992983 -0.117413 11.653700 -0.045619 0.117942 0.991972 0.000000 0.000000 0.000000 0.000000 1.000000
0.998992 -0.007469 0.044259 0.000000 0.012847 0.992383 -0.122518 11.653700 -0.043007 0.122963 0.991479 0.000000 0.000000 0.000000 0.000000 1.000000
0.999131 -0.004732 0.041406 -0.000000 0.010100 0.991409 -0.130406 11.653700 -0.040434 0.130711 0.990596 -0.000000 0.000000 0.000000 0.000000 1.000000
0.999235 0.000152 0.039110 0.000000 0.005339 0.990101 -0.140252 11.653700 -0.038744 0.140354 0.989343 -0.000000 0.000000 0.000000 0.000000 1.000000
0.999237 0.002848 0.038945 0.000000 0.002805 0.989527 -0.144322 11.653700 -0.038948 0.144322 0.988764 -0.000000 0.000000 0.000000 0.000000 1.000000
0.999131 0.003979 0.041489 0.000000 0.002023 0.989630 -0.143624 11.653700 -0.041630 0.143583 0.988762 0.000000 0.000000 0.000000 0.000000 1.000000
0.998947 0.004242 0.045673 -0.000000 0.002306 0.989811 -0.142371 11.653700 -0.045812 0.142326 0.988759 0.000000 0.000000 0.000000 0.000000 1.000000
0.998771 0.003573 0.049439 0.000000 0.003531 0.989736 -0.142866 11.653700 -0.049442 0.142865 0.988506 0.000000 0.000000 0.000000 0.000000 1.000000
0.998768 0.005067 0.049356 0.000000 0.002014 0.989814 -0.142354 11.653700 -0.049575 0.142278 0.988585 0.000000 0.000000 0.000000 0.000000 1.000000
0.998783 0.007001 0.048818 0.000000 -0.000010 0.989902 -0.141756 11.653700 -0.049317 0.141583 0.988697 0.000000 0.000000 0.000000 0.000000 1.000000
0.998817 0.008699 0.047846 0.000000 -0.001870 0.990016 -0.140945 11.653700 -0.048595 0.140689 0.988861 -0.000000 0.000000 0.000000 0.000000 1.000000
0.998875 0.009481 0.046465 -0.000000 -0.002896 0.990176 -0.139796 11.653700 -0.047334 0.139504 0.989090 -0.000000 0.000000 0.000000 0.000000 1.000000
0.998995 0.008621 0.043986 0.000000 -0.002486 0.990476 -0.137665 11.653700 -0.044754 0.137418 0.989502 0.000000 0.000000 0.000000 0.000000 1.000000
0.999148 0.006550 0.040749 0.000000 -0.000989 0.990842 -0.135021 11.653700 -0.041260 0.134865 0.990004 0.000000 0.000000 0.000000 0.000000 1.000000
0.999256 0.004314 0.038322 0.000000 0.000838 0.991062 -0.133401 11.653700 -0.038555 0.133334 0.990321 0.000000 0.000000 0.000000 0.000000 1.000000
0.999294 0.002184 0.037512 0.000000 0.002851 0.991024 -0.133651 11.653700 -0.037468 0.133663 0.990318 0.000000 0.000000 0.000000 0.000000 1.000000
0.999295 -0.000129 0.037530 0.000000 0.005195 0.990843 -0.134917 11.653700 -0.037169 0.135016 0.990146 0.000000 0.000000 0.000000 0.000000 1.000000
0.999292 -0.002442 0.037554 0.000000 0.007538 0.990655 -0.136183 11.653700 -0.036871 0.136369 0.989972 0.000000 0.000000 0.000000 0.000000 1.000000</float_array><technique_common><accessor source="#mixamorig_Spine1-Matrix-animation-output-transform-array" count="66" stride="16"><param type="float4x4"/></accessor></technique_common></source><source id="mixamorig_Spine1-Interpolations"><Name_array id="mixamorig_Spine1-Interpolations-array" count="66">
 LINEAR LINEAR LINEAR LINEAR LINEAR LINEAR LINEAR LINEAR LINEAR LINEAR LINEAR
LINEAR LINEAR LINEAR LINEAR LINEAR LINEAR LINEAR LINEAR LINEAR LINEAR LINEAR LINEAR
LINEAR LINEAR LINEAR LINEAR LINEAR LINEAR LINEAR LINEAR LINEAR LINEAR LINEAR LINEAR
LINEAR LINEAR LINEAR LINEAR LINEAR LINEAR LINEAR LINEAR LINEAR LINEAR LINEAR LINEAR
LINEAR LINEAR LINEAR LINEAR LINEAR LINEAR LINEAR LINEAR LINEAR LINEAR LINEAR LINEAR
LINEAR LINEAR LINEAR LINEAR LINEAR LINEAR LINEAR</Name_array><technique_common><accessor source="#mixamorig_Spine1-Interpolations-array" count="66"><param type="name"/></accessor></technique_common></source><sampler id="mixamorig_Spine1-Matrix-animation-transform"><input semantic="INPUT" source="#mixamorig_Spine1-Matrix-animation-input"/><input semantic="OUTPUT" source="#mixamorig_Spine1-Matrix-animation-output-transform"/><input semantic="INTERPOLATION" source="#mixamorig_Spine1-Interpolations"/></sampler><channel source="#mixamorig_Spine1-Matrix-animation-transform" target="mixamorig_Spine1/matrix"/><source id="mixamorig_Spine2-Matrix-animation-input"><float_array id="mixamorig_Spine2-Matrix-animation-input-array" count="66">

0.000000 0.033333 0.066667 0.100000 0.133333 0.166667 0.200000 0.233333 0.266667 0.300000 0.333333 0.366667 0.400000 0.433333 0.466667 0.500000
0.533333 0.566667 0.600000 0.633333 0.666667 0.700000 0.733333 0.766667 0.800000 0.833333 0.866667 0.900000 0.933333 0.966667 1.000000 1.033333
1.066667 1.100000 1.133333 1.166667 1.200000 1.233333 1.266667 1.300000 1.333333 1.366667 1.400000 1.433333 1.466667 1.500000 1.533333 1.566667
1.600000 1.633333 1.666667 1.700000 1.733333 1.766667 1.800000 1.833333 1.866667 1.900000 1.933333 1.966667 2.000000 2.033333 2.066667 2.100000
2.133333 2.166667</float_array><technique_common><accessor source="#mixamorig_Spine2-Matrix-animation-input-array" count="66"><param name="TIME" type="float"/></accessor></technique_common></source><source id="mixamorig_Spine2-Matrix-animation-output-transform"><float_array id="mixamorig_Spine2-Matrix-animation-output-transform-array" count="1056">

0.999247 -0.002711 0.038701 -0.000000 0.008093 0.990175 -0.139600 13.369100 -0.037942 0.139808 0.989451 0.000000 0.000000 0.000000 0.000000 1.000000
0.999248 -0.001132 0.038752 0.000000 0.006606 0.989926 -0.141434 13.369100 -0.038201 0.141584 0.989189 -0.000000 0.000000 0.000000 0.000000 1.000000
0.999247 0.000448 0.038797 0.000000 0.005119 0.989671 -0.143269 13.369100 -0.038461 0.143359 0.988923 -0.000000 0.000000 0.000000 0.000000 1.000000
0.999261 0.001678 0.038413 0.000000 0.003889 0.989513 -0.144392 13.369100 -0.038252 0.144435 0.988775 0.000000 0.000000 0.000000 0.000000 1.000000
0.999312 0.001994 0.037033 0.000000 0.003347 0.989628 -0.143617 13.369100 -0.036935 0.143642 0.988940 0.000000 0.000000 0.000000 0.000000 1.000000
0.999384 0.001989 0.035027 0.000000 0.003015 0.989826 -0.142249 13.369100 -0.034953 0.142267 0.989211 -0.000000 0.000000 0.000000 0.000000 1.000000
0.999470 0.002544 0.032440 0.000000 0.002103 0.989803 -0.142427 13.369100 -0.032472 0.142420 0.989274 0.000000 0.000000 0.000000 0.000000 1.000000
0.999547 0.003011 0.029935 0.000000 0.001350 0.989487 -0.144617 13.369100 -0.030055 0.144592 0.989035 0.000000 0.000000 0.000000 0.000000 1.000000
0.999441 0.006743 0.032732 0.000000 -0.001812 0.988924 -0.148413 13.369100 -0.033370 0.148271 0.988384 0.000000 0.000000 0.000000 0.000000 1.000000
0.998877 0.015760 0.044679 -0.000000 -0.008651 0.987870 -0.155042 13.369100 -0.046581 0.154482 0.986897 0.000000 0.000000 0.000000 0.000000 1.000000
0.997874 0.026533 0.059523 0.000000 -0.016499 0.986468 -0.163119 13.369100 -0.063046 0.161791 0.984809 -0.000000 0.000000 0.000000 0.000000 1.000000
0.996399 0.038978 0.075293 0.000000 -0.025623 0.984970 -0.170816 13.369100 -0.080819 0.168271 0.982422 -0.000000 0.000000 0.000000 0.000000 1.000000
