<?xml version="1.0" encoding="utf-8"?>
<COLLADA xmlns="http://www.collada.org/2005/11/COLLADASchema" version="1.4.1">
  <asset><contributor><author>Mixamo</author><authoring_tool>COLLADA Mixamo exporter</authoring_tool><comments></comments></contributor><created>2018-01-13T16:45:43Z</created><modified>2018-01-13T16:45:43Z</modified><revision></revision><title></title><unit meter="0.010000"/><up_axis>Y_UP</up_axis></asset>
  <library_animations>
    <animation id="mixamorig_Hips-anim" name="mixamorig_Hips"><source id="mixamorig_Hips-Matrix-animation-input"><float_array id="mixamorig_Hips-Matrix-animation-input-array" count="101">

0.000000 0.033333 0.066667 0.100000 0.133333 0.166667 0.200000 0.233333 0.266667 0.300000 0.333333 0.366667 0.400000 0.433333 0.466667 0.500000
0.533333 0.566667 0.600000 0.633333 0.666667 0.700000 0.733333 0.766667 0.800000 0.833333 0.866667 0.900000 0.933333 0.966667 1.000000 1.033333
1.066667 1.100000 1.133333 1.166667 1.200000 1.233333 1.266667 1.300000 1.333333 1.366667 1.400000 1.433333 1.466667 1.500000 1.533333 1.566667
1.600000 1.633333 1.666667 1.700000 1.733333 1.766667 1.800000 1.833333 1.866667 1.900000 1.933333 1.966667 2.000000 2.033333 2.066667 2.100000
2.133333 2.166667 2.200000 2.233333 2.266667 2.300000 2.333333 2.366667 2.400000 2.433333 2.466667 2.500000 2.533333 2.566667 2.600000 2.633333
2.666667 2.700000 2.733333 2.766667 2.800000 2.833333 2.866667 2.900000 2.933333 2.966667 3.000000 3.033333 3.066667 3.100000 3.133333 3.166667
3.200000 3.233333 3.266667 3.300000 3.333333</float_array><technique_common><accessor source="#mixamorig_Hips-Matrix-animation-input-array" count="101"><param name="TIME" type="float"/></accessor></technique_common></source><source id="mixamorig_Hips-Matrix-animation-output-transform"><float_array id="mixamorig_Hips-Matrix-animation-output-transform-array" count="1616">

0.592448 0.023473 -0.805266 8.837875 0.110248 0.987809 0.109905 89.750839 0.798029 -0.153892 0.582638 -7.214732 0.000000 0.000000 0.000000 1.000000
0.594565 0.025746 -0.803635 8.828121 0.108435 0.987789 0.111871 90.009995 0.796702 -0.153657 0.584513 -7.135445 0.000000 0.000000 0.000000 1.000000
0.596770 0.028109 -0.801920 8.809078 0.106636 0.987744 0.113979 90.269020 0.795295 -0.153533 0.586459 -7.072190 0.000000 0.000000 0.000000 1.000000
0.598919 0.030430 -0.800231 8.794681 0.104809 0.987704 0.116001 90.528107 0.793922 -0.153347 0.588365 -7.000919 0.000000 0.000000 0.000000 1.000000
0.600865 0.032577 -0.798686 8.798859 0.102912 0.987701 0.117709 90.787445 0.792698 -0.152922 0.590123 -6.897583 0.000000 0.000000 0.000000 1.000000
0.602465 0.034419 -0.797403 8.835546 0.100908 0.987768 0.118876 91.047203 0.791741 -0.152083 0.591622 -6.738134 0.000000 0.000000 0.000000 1.000000
0.602737 0.035109 -0.797167 8.992723 0.098418 0.988132 0.117933 91.336258 0.791847 -0.149538 0.592129 -6.350976 0.000000 0.000000 0.000000 1.000000
0.602178 0.034962 -0.797596 9.240977 0.095935 0.988633 0.115766 91.571060 0.792577 -0.146229 0.591979 -5.846079 0.000000 0.000000 0.000000 1.000000
0.601641 0.034348 -0.798027 9.554765 0.094730 0.988956 0.113984 91.501717 0.793129 -0.144175 0.591743 -5.445133 0.000000 0.000000 0.000000 1.000000
0.600036 0.033676 -0.799264 9.906418 0.095875 0.988885 0.113642 91.122086 0.794207 -0.144819 0.590138 -5.105002 0.000000 0.000000 0.000000 1.000000
0.598085 0.033120 -0.800748 10.256143 0.097802 0.988662 0.113942 90.661781 0.795443 -0.146462 0.588064 -4.783461 0.000000 0.000000 0.000000 1.000000
0.595479 0.033198 -0.802684 10.558356 0.101314 0.988066 0.116026 90.108368 0.796957 -0.150414 0.585009 -4.494050 0.000000 0.000000 0.000000 1.000000
0.594152 0.033091 -0.803672 10.590460 0.102518 0.987889 0.116467 90.079277 0.797793 -0.151589 0.583565 -4.392645 0.000000 0.000000 0.000000 1.000000
0.592836 0.033017 -0.804646 10.610577 0.103568 0.987736 0.116836 90.081161 0.798636 -0.152600 0.582146 -4.292037 0.000000 0.000000 0.000000 1.000000
0.591589 0.032933 -0.805566 10.615970 0.104493 0.987606 0.117113 90.111252 0.799439 -0.153458 0.580816 -4.202034 0.000000 0.000000 0.000000 1.000000
0.590474 0.032796 -0.806390 10.603903 0.105317 0.987499 0.117279 90.166817 0.800156 -0.154176 0.579638 -4.132442 0.000000 0.000000 0.000000 1.000000
0.589548 0.032560 -0.807077 10.571637 0.106067 0.987414 0.117314 90.245110 0.800739 -0.154767 0.578675 -4.093071 0.000000 0.000000 0.000000 1.000000
0.588874 0.032181 -0.807584 10.516437 0.106771 0.987352 0.117199 90.343346 0.801142 -0.155242 0.577990 -4.093728 0.000000 0.000000 0.000000 1.000000
0.589729 0.031096 -0.807003 10.311583 0.107020 0.987437 0.116255 90.628120 0.800479 -0.154924 0.578992 -4.307268 0.000000 0.000000 0.000000 1.000000
0.591280 0.029441 -0.805929 10.017711 0.106895 0.987655 0.114504 90.966827 0.799351 -0.153854 0.580834 -4.685575 0.000000 0.000000 0.000000 1.000000
0.591472 0.027351 -0.805861 9.779589 0.106606 0.987998 0.111778 90.988846 0.799247 -0.152023 0.581458 -5.154144 0.000000 0.000000 0.000000 1.000000
0.592975 0.025099 -0.804829 9.584898 0.105582 0.988461 0.108615 90.718018 0.798269 -0.149382 0.583483 -5.741926 0.000000 0.000000 0.000000 1.000000
0.595198 0.023708 -0.803229 9.403848 0.104717 0.988753 0.106780 90.362343 0.796727 -0.147667 0.586021 -6.331342 0.000000 0.000000 0.000000 1.000000
0.598596 0.024553 -0.800675 9.231587 0.104990 0.988503 0.108804 89.902634 0.794141 -0.149192 0.589136 -6.892566 0.000000 0.000000 0.000000 1.000000
0.602449 0.026505 -0.797717 9.070225 0.104990 0.988132 0.112123 89.504150 0.791222 -0.151301 0.592517 -7.361566 0.000000 0.000000 0.000000 1.000000
0.606386 0.029405 -0.794627 8.911882 0.102963 0.988000 0.115133 89.337830 0.788476 -0.151632 0.596081 -7.661959 0.000000 0.000000 0.000000 1.000000
0.609838 0.031860 -0.791885 8.781661 0.100844 0.987950 0.117409 89.367386 0.786084 -0.151458 0.599277 -7.800968 0.000000 0.000000 0.000000 1.000000
0.613501 0.031847 -0.789051 8.666770 0.099757 0.988057 0.117441 89.764038 0.783368 -0.150764 0.602997 -7.756128 0.000000 0.000000 0.000000 1.000000
0.613287 0.031048 -0.789250 8.672999 0.100563 0.988026 0.117010 90.076187 0.783432 -0.151130 0.602821 -7.540119 0.000000 0.000000 0.000000 1.000000
0.607975 0.030626 -0.793365 8.826617 0.103301 0.987710 0.117290 90.032333 0.787207 -0.153265 0.597340 -7.233412 0.000000 0.000000 0.000000 1.000000
0.602192 0.030236 -0.797778 8.998634 0.106159 0.987376 0.117555 89.957405 0.791262 -0.155482 0.591380 -6.911190 0.000000 0.000000 0.000000 1.000000
0.596010 0.029890 -0.802421 9.184596 0.109086 0.987029 0.117792 89.858353 0.795533 -0.157738 0.585018 -6.577196 0.000000 0.000000 0.000000 1.000000
0.589503 0.029594 -0.807224 9.380048 0.112035 0.986674 0.117990 89.742096 0.799959 -0.159993 0.578332 -6.235177 0.000000 0.000000 0.000000 1.000000
0.582748 0.029352 -0.812123 9.580536 0.114963 0.986320 0.118141 89.615570 0.804480 -0.162210 0.571401 -5.888875 0.000000 0.000000 0.000000 1.000000
0.575823 0.029167 -0.817054 9.781607 0.117830 0.985969 0.118239 89.485718 0.809039 -0.164358 0.564307 -5.542037 0.000000 0.000000 0.000000 1.000000
0.568810 0.029039 -0.821956 9.978806 0.120602 0.985629 0.118280 89.359474 0.813579 -0.166409 0.557134 -5.198407 0.000000 0.000000 0.000000 1.000000
0.561791 0.028965 -0.826772 10.167682 0.123248 0.985304 0.118265 89.243767 0.818047 -0.168339 0.549965 -4.861728 0.000000 0.000000 0.000000 1.000000
0.554852 0.028940 -0.831446 10.343778 0.125742 0.984997 0.118196 89.145538 0.822392 -0.170129 0.542888 -4.535747 0.000000 0.000000 0.000000 1.000000
0.548079 0.028958 -0.835925 10.502642 0.128062 0.984712 0.118077 89.071709 0.826565 -0.171766 0.535991 -4.224206 0.000000 0.000000 0.000000 1.000000
0.541560 0.029010 -0.840161 10.639818 0.130193 0.984452 0.117913 89.029236 0.830519 -0.173240 0.529363 -3.930852 0.000000 0.000000 0.000000 1.000000
0.536091 0.029344 -0.843650 10.559326 0.131940 0.984200 0.118074 89.290665 0.833785 -0.174610 0.523750 -3.797408 0.000000 0.000000 0.000000 1.000000
0.532887 0.029356 -0.845677 10.296041 0.132279 0.984221 0.117518 89.757736 0.835783 -0.174489 0.520596 -3.860952 0.000000 0.000000 0.000000 1.000000
0.531761 0.028566 -0.846413 10.026770 0.130758 0.984677 0.115381 90.190994 0.836739 -0.172031 0.519878 -4.006905 0.000000 0.000000 0.000000 1.000000
0.531744 0.027433 -0.846461 9.726898 0.128444 0.985301 0.112620 90.634262 0.837109 -0.168608 0.520404 -4.217708 0.000000 0.000000 0.000000 1.000000
0.532384 0.026065 -0.846102 9.436140 0.126335 0.985885 0.109863 90.963112 0.837022 -0.165382 0.521577 -4.485666 0.000000 0.000000 0.000000 1.000000
0.534113 0.024078 -0.845070 9.173716 0.124937 0.986371 0.107068 91.026070 0.836131 -0.162767 0.523825 -4.870575 0.000000 0.000000 0.000000 1.000000
0.537025 0.022130 -0.843276 8.931218 0.123884 0.986748 0.104789 90.908516 0.834420 -0.160742 0.527167 -5.330804 0.000000 0.000000 0.000000 1.000000
0.541957 0.021913 -0.840121 8.736808 0.123406 0.986749 0.105346 90.570488 0.831297 -0.160768 0.532071 -5.819495 0.000000 0.000000 0.000000 1.000000
0.549390 0.024346 -0.835211 8.574772 0.123676 0.986196 0.110100 90.150047 0.826362 -0.163784 0.538795 -6.280594 0.000000 0.000000 0.000000 1.000000
0.556759 0.027372 -0.830223 8.426632 0.123392 0.985643 0.115244 89.739128 0.821458 -0.166606 0.545389 -6.709110 0.000000 0.000000 0.000000 1.000000
0.561462 0.030927 -0.826925 8.315594 0.119726 0.985751 0.118158 89.458298 0.818796 -0.165346 0.549758 -7.002297 0.000000 0.000000 0.000000 1.000000
0.564643 0.031408 -0.824737 8.261716 0.117984 0.985941 0.118323 89.604027 0.816858 -0.164116 0.552999 -6.944436 0.000000 0.000000 0.000000 1.000000
0.567835 0.031553 -0.822537 8.204085 0.116446 0.986136 0.118217 89.807854 0.814864 -0.162909 0.556289 -6.851122 0.000000 0.000000 0.000000 1.000000
0.570326 0.031303 -0.820822 8.180868 0.115142 0.986361 0.117619 90.040939 0.813308 -0.161593 0.558943 -6.701057 0.000000 0.000000 0.000000 1.000000
0.571408 0.030592 -0.820096 8.230232 0.114115 0.986635 0.116315 90.274460 0.812694 -0.160048 0.560280 -6.472944 0.000000 0.000000 0.000000 1.000000
0.570150 0.029055 -0.821026 8.376058 0.113469 0.987011 0.113726 90.553200 0.813667 -0.158002 0.559448 -6.127465 0.000000 0.000000 0.000000 1.000000
0.567178 0.026823 -0.823159 8.593421 0.113160 0.987453 0.110147 90.875046 0.815785 -0.155621 0.557026 -5.687191 0.000000 0.000000 0.000000 1.000000
0.564121 0.024588 -0.825326 8.847282 0.113005 0.987852 0.106670 91.140816 0.817923 -0.153441 0.554489 -5.223659 0.000000 0.000000 0.000000 1.000000
0.562623 0.023058 -0.826392 9.102602 0.112837 0.988114 0.104391 91.251320 0.818977 -0.151981 0.553335 -4.808405 0.000000 0.000000 0.000000 1.000000
0.564171 0.022670 -0.825347 9.372058 0.112719 0.988149 0.104191 91.073494 0.817927 -0.151814 0.554930 -4.467725 0.000000 0.000000 0.000000 1.000000
0.567522 0.023138 -0.823033 9.664870 0.112676 0.988018 0.105472 90.678421 0.815612 -0.152594 0.558115 -4.170481 0.000000 0.000000 0.000000 1.000000
0.570245 0.024099 -0.821121 9.940812 0.112501 0.987861 0.107121 90.273132 0.813735 -0.153462 0.560611 -3.902054 0.000000 0.000000 0.000000 1.000000
0.570969 0.026165 -0.820554 10.178308 0.111624 0.987736 0.109167 89.893013 0.813348 -0.153925 0.561046 -3.688083 0.000000 0.000000 0.000000 1.000000
0.570661 0.028503 -0.820691 10.373090 0.111341 0.987483 0.111715 89.544449 0.813603 -0.155128 0.560345 -3.513952 0.000000 0.000000 0.000000 1.000000
0.568850 0.029012 -0.821930 10.446817 0.115134 0.986728 0.114511 89.438301 0.814343 -0.159771 0.557959 -3.364424 0.000000 0.000000 0.000000 1.000000
0.567664 0.027455 -0.822803 10.328772 0.115634 0.986877 0.112708 89.708481 0.815099 -0.159124 0.557039 -3.431051 0.000000 0.000000 0.000000 1.000000
0.566445 0.025729 -0.823698 10.196902 0.115863 0.987098 0.110510 90.025162 0.815914 -0.158034 0.556156 -3.498637 0.000000 0.000000 0.000000 1.000000
0.565264 0.023889 -0.824564 10.054829 0.115917 0.987362 0.108071 90.360954 0.816725 -0.156670 0.555351 -3.578413 0.000000 0.000000 0.000000 1.000000
0.564188 0.021993 -0.825353 9.906174 0.115896 0.987638 0.105541 90.688454 0.817472 -0.155200 0.554665 -3.681610 0.000000 0.000000 0.000000 1.000000
0.563287 0.020099 -0.826017 9.754560 0.115896 0.987899 0.103071 90.980255 0.818093 -0.153791 0.554142 -3.819457 0.000000 0.000000 0.000000 1.000000
0.562631 0.018266 -0.826506 9.603612 0.116015 0.988118 0.100813 91.208954 0.818527 -0.152608 0.553826 -4.003184 0.000000 0.000000 0.000000 1.000000
0.563220 0.015778 -0.826156 9.421476 0.116548 0.988306 0.098330 91.167976 0.818046 -0.151668 0.554794 -4.477908 0.000000 0.000000 0.000000 1.000000
0.564770 0.014811 -0.825115 9.251537 0.116849 0.988330 0.097721 90.942421 0.816934 -0.151604 0.556449 -5.047719 0.000000 0.000000 0.000000 1.000000
0.566527 0.016738 -0.823873 9.102149 0.116550 0.988116 0.100219 90.737442 0.815759 -0.152799 0.557844 -5.486199 0.000000 0.000000 0.000000 1.000000
0.568710 0.019598 -0.822305 8.925786 0.116161 0.987783 0.103880 90.501740 0.814295 -0.154597 0.559485 -5.964745 0.000000 0.000000 0.000000 1.000000
0.570927 0.022780 -0.820685 8.755091 0.115691 0.987408 0.107890 90.260712 0.812809 -0.156543 0.561102 -6.429770 0.000000 0.000000 0.000000 1.000000
0.572789 0.025679 -0.819300 8.622710 0.115148 0.987078 0.111440 90.039787 0.811575 -0.158173 0.562431 -6.827690 0.000000 0.000000 0.000000 1.000000
0.573911 0.027697 -0.818449 8.561289 0.114548 0.986887 0.113721 89.864372 0.810867 -0.159017 0.563213 -7.104918 0.000000 0.000000 0.000000 1.000000
0.573906 0.028238 -0.818434 8.603472 0.113907 0.986938 0.113926 89.759895 0.810961 -0.158608 0.563193 -7.207870 0.000000 0.000000 0.000000 1.000000
0.572742 0.027341 -0.819280 8.746099 0.113184 0.987233 0.112071 89.729179 0.811884 -0.156917 0.562335 -7.141013 0.000000 0.000000 0.000000 1.000000
0.570791 0.025583 -0.820697 8.954072 0.112360 0.987678 0.108934 89.748405 0.813371 -0.154392 0.560883 -6.962174 0.000000 0.000000 0.000000 1.000000
0.568270 0.023171 -0.822516 9.212134 0.111479 0.988219 0.104859 89.802956 0.815255 -0.151282 0.558992 -6.697811 0.000000 0.000000 0.000000 1.000000
0.565398 0.020314 -0.824568 9.505024 0.110586 0.988804 0.100189 89.878242 0.817371 -0.147832 0.556822 -6.374376 0.000000 0.000000 0.000000 1.000000
0.562396 0.017227 -0.826689 9.817482 0.109726 0.989386 0.095264 89.959671 0.819555 -0.144285 0.554536 -6.018327 0.000000 0.000000 0.000000 1.000000
0.559486 0.014129 -0.828720 10.134249 0.108942 0.989927 0.090426 90.032639 0.821649 -0.140875 0.552311 -5.656117 0.000000 0.000000 0.000000 1.000000
0.556893 0.011247 -0.830508 10.440065 0.108279 0.990392 0.086019 90.082550 0.823496 -0.137830 0.550325 -5.314203 0.000000 0.000000 0.000000 1.000000
0.554845 0.008814 -0.831907 10.719673 0.107781 0.990755 0.082383 90.094795 0.824942 -0.135374 0.548766 -5.019041 0.000000 0.000000 0.000000 1.000000
0.558781 0.009530 -0.829260 10.956211 0.110268 0.990202 0.085682 89.656898 0.821952 -0.139318 0.552255 -4.841149 0.000000 0.000000 0.000000 1.000000
0.563118 0.010691 -0.826308 11.090740 0.113726 0.989400 0.090303 89.372940 0.818514 -0.144824 0.555933 -4.685609 0.000000 0.000000 0.000000 1.000000
0.567303 0.011333 -0.823431 11.056448 0.115668 0.988896 0.093301 89.441116 0.815345 -0.148175 0.559693 -4.565474 0.000000 0.000000 0.000000 1.000000
0.570627 0.011634 -0.821127 10.945683 0.116955 0.988556 0.095282 89.660667 0.812838 -0.150405 0.562736 -4.482091 0.000000 0.000000 0.000000 1.000000
0.571379 0.011478 -0.820606 10.734823 0.117478 0.988461 0.095624 90.100266 0.812235 -0.151041 0.563437 -4.457479 0.000000 0.000000 0.000000 1.000000
0.572085 0.010839 -0.820123 10.464928 0.117379 0.988538 0.094944 90.589035 0.811752 -0.150581 0.564256 -4.500889 0.000000 0.000000 0.000000 1.000000
0.575328 0.009305 -0.817870 10.159588 0.116857 0.988742 0.093452 90.997513 0.809532 -0.149339 0.567763 -4.620565 0.000000 0.000000 0.000000 1.000000
0.579169 0.007921 -0.815169 9.847576 0.115602 0.989050 0.091745 91.270096 0.806970 -0.147371 0.571911 -4.841571 0.000000 0.000000 0.000000 1.000000
0.582232 0.007694 -0.812986 9.568142 0.112983 0.989487 0.090278 91.271454 0.805134 -0.144417 0.575242 -5.218805 0.000000 0.000000 0.000000 1.000000
0.585432 0.008286 -0.810679 9.313438 0.110191 0.989855 0.089691 91.111305 0.803198 -0.141838 0.578580 -5.671003 0.000000 0.000000 0.000000 1.000000
0.590053 0.010851 -0.807292 9.132349 0.109239 0.989642 0.093145 90.692780 0.799941 -0.143148 0.582755 -6.168943 0.000000 0.000000 0.000000 1.000000
0.591274 0.014884 -0.806333 9.025266 0.109423 0.989103 0.098496 90.366249 0.799013 -0.146470 0.583203 -6.534039 0.000000 0.000000 0.000000 1.000000
0.591860 0.019188 -0.805812 8.932059 0.109825 0.988474 0.104202 90.056969 0.798524 -0.150171 0.582931 -6.874228 0.000000 0.000000 0.000000 1.000000
0.592446 0.023486 -0.805268 8.838853 0.110227 0.987811 0.109905 89.747696 0.798034 -0.153875 0.582636 -7.214417 0.000000 0.000000 0.000000 1.000000</float_array><technique_common><accessor source="#mixamorig_Hips-Matrix-animation-output-transform-array" count="101" stride="16"><param type="float4x4"/></accessor></technique_common></source><source id="mixamorig_Hips-Interpolations"><Name_array id="mixamorig_Hips-Interpolations-array" count="101">
 LINEAR LINEAR LINEAR LINEAR LINEAR LINEAR LINEAR LINEAR LINEAR LINEAR LINEAR
LINEAR LINEAR LINEAR LINEAR LINEAR LINEAR LINEAR LINEAR LINEAR LINEAR LINEAR LINEAR
LINEAR LINEAR LINEAR LINEAR LINEAR LINEAR LINEAR LINEAR LINEAR LINEAR LINEAR LINEAR
LINEAR LINEAR LINEAR LINEAR LINEAR LINEAR LINEAR LINEAR LINEAR LINEAR LINEAR LINEAR
LINEAR LINEAR LINEAR LINEAR LINEAR LINEAR LINEAR LINEAR LINEAR LINEAR LINEAR LINEAR
LINEAR LINEAR LINEAR LINEAR LINEAR LINEAR LINEAR LINEAR LINEAR LINEAR LINEAR LINEAR
LINEAR LINEAR LINEAR LINEAR LINEAR LINEAR LINEAR LINEAR LINEAR LINEAR LINEAR LINEAR
LINEAR LINEAR LINEAR LINEAR LINEAR LINEAR LINEAR LINEAR LINEAR LINEAR LINEAR LINEAR
LINEAR LINEAR LINEAR LINEAR LINEAR LINEAR</Name_array><technique_common><accessor source="#mixamorig_Hips-Interpolations-array" count="101"><param type="name"/></accessor></technique_common></source><sampler id="mixamorig_Hips-Matrix-animation-transform"><input semantic="INPUT" source="#mixamorig_Hips-Matrix-animation-input"/><input semantic="OUTPUT" source="#mixamorig_Hips-Matrix-animation-output-transform"/><input semantic="INTERPOLATION" source="#mixamorig_Hips-Interpolations"/></sampler><channel source="#mixamorig_Hips-Matrix-animation-transform" target="mixamorig_Hips/matrix"/><source id="mixamorig_Spine-Matrix-animation-input"><float_array id="mixamorig_Spine-Matrix-animation-input-array" count="101">

0.000000 0.033333 0.066667 0.100000 0.133333 0.166667 0.200000 0.233333 0.266667 0.300000 0.333333 0.366667 0.400000 0.433333 0.466667 0.500000
0.533333 0.566667 0.600000 0.633333 0.666667 0.700000 0.733333 0.766667 0.800000 0.833333 0.866667 0.900000 0.933333 0.966667 1.000000 1.033333
1.066667 1.100000 1.133333 1.166667 1.200000 1.233333 1.266667 1.300000 1.333333 1.366667 1.400000 1.433333 1.466667 1.500000 1.533333 1.566667
1.600000 1.633333 1.666667 1.700000 1.733333 1.766667 1.800000 1.833333 1.866667 1.900000 1.933333 1.966667 2.000000 2.033333 2.066667 2.100000
2.133333 2.166667 2.200000 2.233333 2.266667 2.300000 2.333333 2.366667 2.400000 2.433333 2.466667 2.500000 2.533333 2.566667 2.600000 2.633333
2.666667 2.700000 2.733333 2.766667 2.800000 2.833333 2.866667 2.900000 2.933333 2.966667 3.000000 3.033333 3.066667 3.100000 3.133333 3.166667
3.200000 3.233333 3.266667 3.300000 3.333333</float_array><technique_common><accessor source="#mixamorig_Spine-Matrix-animation-input-array" count="101"><param name="TIME" type="float"/></accessor></technique_common></source><source id="mixamorig_Spine-Matrix-animation-output-transform"><float_array id="mixamorig_Spine-Matrix-animation-output-transform-array" count="1616">

0.998681 0.046582 0.021615 -0.000100 -0.046696 0.998898 0.004792 9.856800 -0.021368 -0.005795 0.999755 -1.223200 0.000000 0.000000 0.000000 1.000000
0.998687 0.046379 0.021753 -0.000100 -0.046553 0.998888 0.007521 9.856800 -0.021380 -0.008524 0.999735 -1.223200 0.000000 0.000000 0.000000 1.000000
0.998701 0.046151 0.021590 -0.000100 -0.046380 0.998872 0.010214 9.856800 -0.021094 -0.011202 0.999715 -1.223200 0.000000 0.000000 0.000000 1.000000
0.998711 0.045937 0.021576 -0.000100 -0.046222 0.998848 0.012925 9.856800 -0.020958 -0.013906 0.999684 -1.223200 0.000000 0.000000 0.000000 1.000000
0.998706 0.045770 0.022162 -0.000100 -0.046123 0.998812 0.015708 9.856800 -0.021417 -0.016709 0.999631 -1.223200 0.000000 0.000000 0.000000 1.000000
0.998673 0.045680 0.023798 -0.000100 -0.046128 0.998762 0.018616 9.856800 -0.022918 -0.019689 0.999543 -1.223200 0.000000 0.000000 0.000000 1.000000
0.998510 0.045749 0.029745 -0.000100 -0.046424 0.998670 0.022412 9.856800 -0.028681 -0.023759 0.999306 -1.223200 0.000000 0.000000 0.000000 1.000000
0.998217 0.046197 0.037805 -0.000100 -0.047187 0.998555 0.025717 9.856800 -0.036562 -0.027455 0.998954 -1.223200 0.000000 0.000000 0.000000 1.000000
0.997902 0.048045 0.043397 -0.000100 -0.049144 0.998488 0.024632 9.856800 -0.042148 -0.026713 0.998754 -1.223200 0.000000 0.000000 0.000000 1.000000
0.997500 0.051270 0.048641 -0.000100 -0.052263 0.998445 0.019372 9.856800 -0.047573 -0.021866 0.998628 -1.223200 0.000000 0.000000 0.000000 1.000000
0.997054 0.054702 0.053763 -0.000100 -0.055485 0.998372 0.013187 9.856800 -0.052954 -0.016131 0.998467 -1.223200 0.000000 0.000000 0.000000 1.000000
0.996609 0.057584 0.058771 -0.000100 -0.058074 0.998290 0.006655 9.856800 -0.058288 -0.010046 0.998249 -1.223200 0.000000 0.000000 0.000000 1.000000
0.996594 0.057748 0.058864 -0.000100 -0.058243 0.998280 0.006739 9.856800 -0.058374 -0.010144 0.998243 -1.223200 0.000000 0.000000 0.000000 1.000000
0.996603 0.057763 0.058705 -0.000100 -0.058287 0.998274 0.007255 9.856800 -0.058185 -0.010652 0.998249 -1.223200 0.000000 0.000000 0.000000 1.000000
0.996635 0.057630 0.058281 -0.000100 -0.058199 0.998272 0.008127 9.856800 -0.057712 -0.011491 0.998267 -1.223200 0.000000 0.000000 0.000000 1.000000
0.996693 0.057350 0.057577 -0.000100 -0.057976 0.998275 0.009274 9.856800 -0.056945 -0.012582 0.998298 -1.223200 0.000000 0.000000 0.000000 1.000000
0.996774 0.056924 0.056579 -0.000100 -0.057613 0.998283 0.010621 9.856800 -0.055877 -0.013846 0.998342 -1.223200 0.000000 0.000000 0.000000 1.000000
0.996880 0.056353 0.055274 -0.000100 -0.057103 0.998295 0.012088 9.856800 -0.054498 -0.015206 0.998398 -1.223200 0.000000 0.000000 0.000000 1.000000
0.997151 0.054738 0.051895 -0.000100 -0.055587 0.998340 0.015061 9.856800 -0.050985 -0.017903 0.998539 -1.223200 0.000000 0.000000 0.000000 1.000000
0.997514 0.052475 0.047040 -0.000100 -0.053401 0.998399 0.018636 9.856800 -0.045986 -0.021101 0.998719 -1.223200 0.000000 0.000000 0.000000 1.000000
0.997840 0.050450 0.042065 -0.000100 -0.051336 0.998476 0.020239 9.856800 -0.040980 -0.022354 0.998910 -1.223200 0.000000 0.000000 0.000000 1.000000
0.998207 0.047468 0.036472 -0.000100 -0.048188 0.998655 0.019114 9.856800 -0.035516 -0.020837 0.999152 -1.223200 0.000000 0.000000 0.000000 1.000000
0.998536 0.044571 0.030640 -0.000100 -0.045089 0.998848 0.016425 9.856800 -0.029872 -0.017782 0.999396 -1.223200 0.000000 0.000000 0.000000 1.000000
0.998796 0.042680 0.024178 -0.000100 -0.042940 0.999024 0.010341 9.856800 -0.023713 -0.011366 0.999654 -1.223200 0.000000 0.000000 0.000000 1.000000
0.999010 0.040551 0.018269 -0.000100 -0.040646 0.999162 0.004889 9.856800 -0.018055 -0.005626 0.999821 -1.223200 0.000000 0.000000 0.000000 1.000000
0.999227 0.036754 0.013927 -0.000100 -0.036811 0.999315 0.003888 9.856800 -0.013774 -0.004397 0.999895 -1.223200 0.000000 0.000000 0.000000 1.000000
0.999387 0.033169 0.011168 -0.000100 -0.033238 0.999429 0.006091 9.856800 -0.010959 -0.006458 0.999919 -1.223200 0.000000 0.000000 0.000000 1.000000
0.999457 0.031136 0.010804 -0.000100 -0.031286 0.999413 0.013941 9.856800 -0.010363 -0.014272 0.999844 -1.223200 0.000000 0.000000 0.000000 1.000000
0.999463 0.030674 0.011500 -0.000100 -0.030903 0.999317 0.020281 9.856800 -0.010870 -0.020626 0.999728 -1.223200 0.000000 0.000000 0.000000 1.000000
0.999435 0.031422 0.011965 -0.000100 -0.031667 0.999281 0.020833 9.856800 -0.011301 -0.021200 0.999711 -1.223200 0.000000 0.000000 0.000000 1.000000
0.999401 0.032284 0.012455 -0.000100 -0.032540 0.999251 0.020927 9.856800 -0.011770 -0.021320 0.999703 -1.223200 0.000000 0.000000 0.000000 1.000000
0.999363 0.033241 0.012965 -0.000100 -0.033504 0.999225 0.020656 9.856800 -0.012268 -0.021077 0.999703 -1.223200 0.000000 0.000000 0.000000 1.000000
0.999321 0.034275 0.013487 -0.000100 -0.034542 0.999201 0.020113 9.856800 -0.012787 -0.020565 0.999707 -1.223200 0.000000 0.000000 0.000000 1.000000
0.999276 0.035367 0.014015 -0.000100 -0.035636 0.999177 0.019393 9.856800 -0.013317 -0.019878 0.999714 -1.223200 0.000000 0.000000 0.000000 1.000000
0.999228 0.036500 0.014543 -0.000100 -0.036768 0.999151 0.018588 9.856800 -0.013852 -0.019109 0.999721 -1.223200 0.000000 0.000000 0.000000 1.000000
0.999177 0.037654 0.015065 -0.000100 -0.037920 0.999122 0.017793 9.856800 -0.014382 -0.018350 0.999728 -1.223200 0.000000 0.000000 0.000000 1.000000
0.999125 0.038810 0.015577 -0.000100 -0.039075 0.999090 0.017101 9.856800 -0.014899 -0.017694 0.999732 -1.223200 0.000000 0.000000 0.000000 1.000000
0.999072 0.039948 0.016073 -0.000100 -0.040215 0.999053 0.016605 9.856800 -0.015395 -0.017236 0.999733 -1.223200 0.000000 0.000000 0.000000 1.000000
0.999020 0.041050 0.016550 -0.000100 -0.041322 0.999011 0.016401 9.856800 -0.015861 -0.017069 0.999729 -1.223200 0.000000 0.000000 0.000000 1.000000
0.998969 0.042096 0.017004 -0.000100 -0.042378 0.998964 0.016581 9.856800 -0.016289 -0.017284 0.999718 -1.223200 0.000000 0.000000 0.000000 1.000000
0.998913 0.043261 0.017373 -0.000100 -0.043604 0.998852 0.019856 9.856800 -0.016494 -0.020592 0.999652 -1.223200 0.000000 0.000000 0.000000 1.000000
0.998891 0.043798 0.017292 -0.000100 -0.044233 0.998693 0.025593 9.856800 -0.016149 -0.026329 0.999523 -1.223200 0.000000 0.000000 0.000000 1.000000
0.998936 0.043102 0.016426 -0.000100 -0.043606 0.998546 0.031684 9.856800 -0.015037 -0.032367 0.999363 -1.223200 0.000000 0.000000 0.000000 1.000000
0.999004 0.041936 0.015271 -0.000100 -0.042492 0.998369 0.038137 9.856800 -0.013647 -0.038747 0.999156 -1.223200 0.000000 0.000000 0.000000 1.000000
0.999055 0.040932 0.014604 -0.000100 -0.041529 0.998203 0.043197 9.856800 -0.012810 -0.043763 0.998960 -1.223200 0.000000 0.000000 0.000000 1.000000
0.999062 0.040457 0.015412 -0.000100 -0.041116 0.998133 0.045169 9.856800 -0.013555 -0.045760 0.998860 -1.223200 0.000000 0.000000 0.000000 1.000000
0.999056 0.040159 0.016549 -0.000100 -0.040861 0.998173 0.044519 9.856800 -0.014731 -0.045153 0.998871 -1.223200 0.000000 0.000000 0.000000 1.000000
0.999076 0.039848 0.016109 -0.000100 -0.040447 0.998428 0.038809 9.856800 -0.014538 -0.039425 0.999117 -1.223200 0.000000 0.000000 0.000000 1.000000
0.999128 0.039763 0.012761 -0.000100 -0.040116 0.998781 0.028758 9.856800 -0.011602 -0.029245 0.999505 -1.223200 0.000000 0.000000 0.000000 1.000000
0.999194 0.039081 0.009122 -0.000100 -0.039247 0.999053 0.018774 9.856800 -0.008379 -0.019117 0.999782 -1.223200 0.000000 0.000000 0.000000 1.000000
0.999345 0.035515 0.006947 -0.000100 -0.035606 0.999275 0.013470 9.856800 -0.006463 -0.013708 0.999885 -1.223200 0.000000 0.000000 0.000000 1.000000
0.999423 0.033672 0.004351 -0.000100 -0.033737 0.999305 0.015850 9.856800 -0.003814 -0.015987 0.999865 -1.223200 0.000000 0.000000 0.000000 1.000000
0.999487 0.031987 0.001373 -0.000100 -0.032008 0.999302 0.019266 9.856800 -0.000756 -0.019300 0.999813 -1.223200 0.000000 0.000000 0.000000 1.000000
0.999528 0.030694 -0.000823 -0.000100 -0.030667 0.999260 0.023214 9.856800 0.001535 -0.023178 0.999730 -1.223200 0.000000 0.000000 0.000000 1.000000
0.999549 0.030005 -0.001067 -0.000100 -0.029965 0.999181 0.027200 9.856800 0.001883 -0.027156 0.999629 -1.223200 0.000000 0.000000 0.000000 1.000000
0.999548 0.030018 0.001737 -0.000100 -0.030058 0.999040 0.031866 9.856800 -0.000779 -0.031903 0.999491 -1.223200 0.000000 0.000000 0.000000 1.000000
0.999511 0.030555 0.006717 -0.000100 -0.030784 0.998833 0.037217 9.856800 -0.005572 -0.037406 0.999285 -1.223200 0.000000 0.000000 0.000000 1.000000
0.999433 0.031430 0.012087 -0.000100 -0.031910 0.998616 0.041804 9.856800 -0.010757 -0.042166 0.999053 -1.223200 0.000000 0.000000 0.000000 1.000000
0.999342 0.032524 0.016057 -0.000100 -0.033205 0.998472 0.044182 9.856800 -0.014596 -0.044686 0.998894 -1.223200 0.000000 0.000000 0.000000 1.000000
0.999258 0.034325 0.017455 -0.000100 -0.035041 0.998483 0.042474 9.856800 -0.015970 -0.043054 0.998945 -1.223200 0.000000 0.000000 0.000000 1.000000
0.999176 0.036680 0.017390 -0.000100 -0.037315 0.998592 0.037707 9.856800 -0.015982 -0.038325 0.999138 -1.223200 0.000000 0.000000 0.000000 1.000000
0.999104 0.038530 0.017514 -0.000100 -0.039089 0.998697 0.032799 9.856800 -0.016227 -0.033454 0.999309 -1.223200 0.000000 0.000000 0.000000 1.000000
0.999082 0.038619 0.018534 -0.000100 -0.039136 0.998831 0.028378 9.856800 -0.017416 -0.029078 0.999425 -1.223200 0.000000 0.000000 0.000000 1.000000
0.999047 0.038780 0.020018 -0.000100 -0.039259 0.998937 0.024152 9.856800 -0.019060 -0.024915 0.999508 -1.223200 0.000000 0.000000 0.000000 1.000000
0.998833 0.042687 0.022595 -0.000100 -0.043183 0.998827 0.021923 9.856800 -0.021632 -0.022873 0.999504 -1.223200 0.000000 0.000000 0.000000 1.000000
0.998795 0.043246 0.023216 -0.000100 -0.043866 0.998676 0.026859 9.856800 -0.022024 -0.027845 0.999370 -1.223200 0.000000 0.000000 0.000000 1.000000
0.998770 0.043546 0.023730 -0.000100 -0.044310 0.998483 0.032693 9.856800 -0.022271 -0.033704 0.999184 -1.223200 0.000000 0.000000 0.000000 1.000000
0.998755 0.043665 0.024142 -0.000100 -0.044583 0.998248 0.038889 9.856800 -0.022401 -0.039917 0.998952 -1.223200 0.000000 0.000000 0.000000 1.000000
0.998746 0.043683 0.024454 -0.000100 -0.044749 0.997988 0.044914 9.856800 -0.022443 -0.045952 0.998692 -1.223200 0.000000 0.000000 0.000000 1.000000
0.998741 0.043679 0.024671 -0.000100 -0.044876 0.997729 0.050234 9.856800 -0.022421 -0.051278 0.998433 -1.223200 0.000000 0.000000 0.000000 1.000000
0.998735 0.043734 0.024802 -0.000100 -0.045029 0.997508 0.054316 9.856800 -0.022364 -0.055364 0.998216 -1.223200 0.000000 0.000000 0.000000 1.000000
0.998732 0.043929 0.024606 -0.000100 -0.045196 0.997542 0.053552 9.856800 -0.022193 -0.054596 0.998262 -1.223200 0.000000 0.000000 0.000000 1.000000
0.998778 0.043607 0.023263 -0.000100 -0.044690 0.997836 0.048236 9.856800 -0.021109 -0.049217 0.998565 -1.223200 0.000000 0.000000 0.000000 1.000000
0.998893 0.042313 0.020532 -0.000100 -0.043140 0.998201 0.041632 9.856800 -0.018734 -0.042471 0.998922 -1.223200 0.000000 0.000000 0.000000 1.000000
0.999032 0.040514 0.017118 -0.000100 -0.041077 0.998579 0.033949 9.856800 -0.015719 -0.034619 0.999277 -1.223200 0.000000 0.000000 0.000000 1.000000
0.999164 0.038561 0.013578 -0.000100 -0.038903 0.998906 0.025940 9.856800 -0.012563 -0.026447 0.999571 -1.223200 0.000000 0.000000 0.000000 1.000000
0.999267 0.036833 0.010452 -0.000100 -0.037021 0.999146 0.018368 9.856800 -0.009767 -0.018742 0.999777 -1.223200 0.000000 0.000000 0.000000 1.000000
0.999327 0.035736 0.008264 -0.000100 -0.035834 0.999286 0.012004 9.856800 -0.007829 -0.012292 0.999894 -1.223200 0.000000 0.000000 0.000000 1.000000
0.999335 0.035688 0.007525 -0.000100 -0.035746 0.999332 0.007622 9.856800 -0.007248 -0.007885 0.999943 -1.223200 0.000000 0.000000 0.000000 1.000000
0.999294 0.036655 0.008199 -0.000100 -0.036698 0.999313 0.005221 9.856800 -0.008002 -0.005518 0.999953 -1.223200 0.000000 0.000000 0.000000 1.000000
0.999221 0.038232 0.009757 -0.000100 -0.038273 0.999259 0.004063 9.856800 -0.009594 -0.004433 0.999944 -1.223200 0.000000 0.000000 0.000000 1.000000
0.999117 0.040284 0.011975 -0.000100 -0.040332 0.999179 0.003805 9.856800 -0.011812 -0.004284 0.999921 -1.223200 0.000000 0.000000 0.000000 1.000000
0.998982 0.042671 0.014629 -0.000100 -0.042735 0.999078 0.004106 9.856800 -0.014441 -0.004727 0.999885 -1.223200 0.000000 0.000000 0.000000 1.000000
0.998822 0.045255 0.017495 -0.000100 -0.045343 0.998961 0.004630 9.856800 -0.017268 -0.005418 0.999836 -1.223200 0.000000 0.000000 0.000000 1.000000
0.998645 0.047905 0.020345 -0.000100 -0.048016 0.998834 0.005040 9.856800 -0.020080 -0.006010 0.999780 -1.223200 0.000000 0.000000 0.000000 1.000000
0.998461 0.050490 0.022946 -0.000100 -0.050617 0.998706 0.005005 9.856800 -0.022663 -0.006159 0.999724 -1.223200 0.000000 0.000000 0.000000 1.000000
0.998286 0.052886 0.025062 -0.000100 -0.053007 0.998585 0.004198 9.856800 -0.024805 -0.005519 0.999677 -1.223200 0.000000 0.000000 0.000000 1.000000
0.998150 0.055982 0.023723 -0.000100 -0.055907 0.998429 -0.003793 9.856800 -0.023898 0.002459 0.999711 -1.223200 0.000000 0.000000 0.000000 1.000000
0.997954 0.059549 0.023256 -0.000100 -0.059334 0.998190 -0.009793 9.856800 -0.023797 0.008393 0.999682 -1.223200 0.000000 0.000000 0.000000 1.000000
0.997795 0.061799 0.024219 -0.000100 -0.061589 0.998058 -0.009320 9.856800 -0.024748 0.007808 0.999663 -1.223200 0.000000 0.000000 0.000000 1.000000
0.997670 0.063092 0.025963 -0.000100 -0.062966 0.998000 -0.005639 9.856800 -0.026267 0.003991 0.999647 -1.223200 0.000000 0.000000 0.000000 1.000000
0.997601 0.062593 0.029560 -0.000100 -0.062708 0.998027 0.002983 9.856800 -0.029315 -0.004830 0.999559 -1.223200 0.000000 0.000000 0.000000 1.000000
0.997596 0.061266 0.032382 -0.000100 -0.061727 0.998002 0.013449 9.856800 -0.031493 -0.015416 0.999385 -1.223200 0.000000 0.000000 0.000000 1.000000
0.997701 0.060156 0.031217 -0.000100 -0.060907 0.997862 0.023684 9.856800 -0.029725 -0.025531 0.999232 -1.223200 0.000000 0.000000 0.000000 1.000000
0.997859 0.058645 0.028955 -0.000100 -0.059572 0.997702 0.032284 9.856800 -0.026995 -0.033940 0.999059 -1.223200 0.000000 0.000000 0.000000 1.000000
0.998039 0.056035 0.027901 -0.000100 -0.057047 0.997689 0.036909 9.856800 -0.025769 -0.038428 0.998929 -1.223200 0.000000 0.000000 0.000000 1.000000
0.998228 0.053220 0.026623 -0.000100 -0.054218 0.997794 0.038312 9.856800 -0.024525 -0.039688 0.998911 -1.223200 0.000000 0.000000 0.000000 1.000000
0.998406 0.051393 0.023338 -0.000100 -0.052119 0.998141 0.031609 9.856800 -0.021670 -0.032775 0.999228 -1.223200 0.000000 0.000000 0.000000 1.000000
0.998509 0.049759 0.022439 -0.000100 -0.050272 0.998473 0.022921 9.856800 -0.021264 -0.024014 0.999485 -1.223200 0.000000 0.000000 0.000000 1.000000
0.998597 0.048161 0.022013 -0.000100 -0.048473 0.998728 0.013858 9.856800 -0.021317 -0.014906 0.999662 -1.223200 0.000000 0.000000 0.000000 1.000000
0.998682 0.046560 0.021618 -0.000100 -0.046674 0.998899 0.004793 9.856800 -0.021371 -0.005795 0.999755 -1.223200 0.000000 0.000000 0.000000 1.000000</float_array><technique_common><accessor source="#mixamorig_Spine-Matrix-animation-output-transform-array" count="101" stride="16"><param type="float4x4"/></accessor></technique_common></source><source id="mixamorig_Spine-Interpolations"><Name_array id="mixamorig_Spine-Interpolations-array" count="101">
 LINEAR LINEAR LINEAR LINEAR LINEAR LINEAR LINEAR LINEAR LINEAR LINEAR LINEAR
LINEAR LINEAR LINEAR LINEAR LINEAR LINEAR LINEAR LINEAR LINEAR LINEAR LINEAR LINEAR
LINEAR LINEAR LINEAR LINEAR LINEAR LINEAR LINEAR LINEAR LINEAR LINEAR LINEAR LINEAR
LINEAR LINEAR LINEAR LINEAR LINEAR LINEAR LINEAR LINEAR LINEAR LINEAR LINEAR LINEAR
LINEAR LINEAR LINEAR LINEAR LINEAR LINEAR LINEAR LINEAR LINEAR LINEAR LINEAR LINEAR
LINEAR LINEAR LINEAR LINEAR LINEAR LINEAR LINEAR LINEAR LINEAR LINEAR LINEAR LINEAR
LINEAR LINEAR LINEAR LINEAR LINEAR LINEAR LINEAR LINEAR LINEAR LINEAR LINEAR LINEAR
LINEAR LINEAR LINEAR LINEAR LINEAR LINEAR LINEAR LINEAR LINEAR LINEAR LINEAR LINEAR
LINEAR LINEAR LINEAR LINEAR LINEAR LINEAR</Name_array><technique_common><accessor source="#mixamorig_Spine-Interpolations-array" count="101"><param type="name"/></accessor></technique_common></source><sampler id="mixamorig_Spine-Matrix-animation-transform"><input semantic="INPUT" source="#mixamorig_Spine-Matrix-animation-input"/><input semantic="OUTPUT" source="#mixamorig_Spine-Matrix-animation-output-transform"/><input semantic="INTERPOLATION" source="#mixamorig_Spine-Interpolations"/></sampler><channel source="#mixamorig_Spine-Matrix-animation-transform" target="mixamorig_Spine/matrix"/><source id="mixamorig_Spine1-Matrix-animation-input"><float_array id="mixamorig_Spine1-Matrix-animation-input-array" count="101">

0.000000 0.033333 0.066667 0.100000 0.133333 0.166667 0.200000 0.233333 0.266667 0.300000 0.333333 0.366667 0.400000 0.433333 0.466667 0.500000
0.533333 0.566667 0.600000 0.633333 0.666667 0.700000 0.733333 0.766667 0.800000 0.833333 0.866667 0.900000 0.933333 0.966667 1.000000 1.033333
1.066667 1.100000 1.133333 1.166667 1.200000 1.233333 1.266667 1.300000 1.333333 1.366667 1.400000 1.433333 1.466667 1.500000 1.533333 1.566667
1.600000 1.633333 1.666667 1.700000 1.733333 1.766667 1.800000 1.833333 1.866667 1.900000 1.933333 1.966667 2.000000 2.033333 2.066667 2.100000
2.133333 2.166667 2.200000 2.233333 2.266667 2.300000 2.333333 2.366667 2.400000 2.433333 2.466667 2.500000 2.533333 2.566667 2.600000 2.633333
2.666667 2.700000 2.733333 2.766667 2.800000 2.833333 2.866667 2.900000 2.933333 2.966667 3.000000 3.033333 3.066667 3.100000 3.133333 3.166667
3.200000 3.233333 3.266667 3.300000 3.333333</float_array><technique_common><accessor source="#mixamorig_Spine1-Matrix-animation-input-array" count="101"><param name="TIME" type="float"/></accessor></technique_common></source><source id="mixamorig_Spine1-Matrix-animation-output-transform"><float_array id="mixamorig_Spine1-Matrix-animation-output-transform-array" count="1616">

0.995408 0.088178 0.037241 0.000000 -0.077154 0.969394 -0.233072 11.653700 -0.056653 0.229128 0.971746 0.000000 0.000000 0.000000 0.000000 1.000000
0.995403 0.088235 0.037245 0.000000 -0.077233 0.969491 -0.232641 11.653700 -0.056636 0.228695 0.971849 -0.000000 0.000000 0.000000 0.000000 1.000000
0.995399 0.088318 0.037166 -0.000000 -0.077355 0.969576 -0.232246 11.653700 -0.056547 0.228302 0.971947 -0.000000 0.000000 0.000000 0.000000 1.000000
0.995394 0.088388 0.037129 0.000000 -0.077456 0.969667 -0.231833 11.653700 -0.056494 0.227889 0.972047 -0.000000 0.000000 0.000000 0.000000 1.000000
0.995387 0.088405 0.037261 0.000000 -0.077471 0.969782 -0.231348 11.653700 -0.056587 0.227394 0.972157 0.000000 0.000000 0.000000 0.000000 1.000000
0.995378 0.088329 0.037686 0.000000 -0.077336 0.969938 -0.230736 11.653700 -0.056933 0.226755 0.972286 -0.000000 0.000000 0.000000 0.000000 1.000000
0.995355 0.087880 0.039315 -0.000000 -0.076598 0.970276 -0.229560 11.653700 -0.058320 0.225482 0.972500 -0.000000 0.000000 0.000000 0.000000 1.000000
0.995323 0.087219 0.041537 0.000000 -0.075536 0.970677 -0.228211 11.653700 -0.060223 0.224007 0.972725 -0.000000 0.000000 0.000000 0.000000 1.000000
0.995305 0.086675 0.043082 -0.000000 -0.074694 0.970878 -0.227631 11.653700 -0.061557 0.223344 0.972794 -0.000000 0.000000 0.000000 0.000000 1.000000
0.995241 0.086701 0.044474 0.000000 -0.074378 0.970791 -0.228108 11.653700 -0.062952 0.223715 0.972620 0.000000 0.000000 0.000000 0.000000 1.000000
0.995163 0.086895 0.045827 -0.000000 -0.074211 0.970615 -0.228910 11.653700 -0.064371 0.224402 0.972368 -0.000000 0.000000 0.000000 0.000000 1.000000
0.995062 0.087348 0.047143 0.000000 -0.074263 0.970287 -0.230277 11.653700 -0.065856 0.225639 0.971982 0.000000 0.000000 0.000000 0.000000 1.000000
0.995060 0.087355 0.047161 0.000000 -0.074243 0.970209 -0.230613 11.653700 -0.065901 0.225972 0.971902 -0.000000 0.000000 0.000000 0.000000 1.000000
0.995065 0.087329 0.047112 -0.000000 -0.074209 0.970143 -0.230900 11.653700 -0.065870 0.226264 0.971836 0.000000 0.000000 0.000000 0.000000 1.000000
