<?xml version="1.0" encoding="utf-8"?>
<COLLADA xmlns="http://www.collada.org/2005/11/COLLADASchema" version="1.4.1">
  <asset><contributor><author>Mixamo</author><authoring_tool>COLLADA Mixamo exporter</authoring_tool><comments></comments></contributor><created>2018-01-13T22:34:56Z</created><modified>2018-01-13T22:34:56Z</modified><revision></revision><title></title><unit meter="0.010000"/><up_axis>Y_UP</up_axis></asset>
  <library_animations>
    <animation id="mixamorig_Hips-anim" name="mixamorig_Hips"><source id="mixamorig_Hips-Matrix-animation-input"><float_array id="mixamorig_Hips-Matrix-animation-input-array" count="28">

0.000000 0.033333 0.066667 0.100000 0.133333 0.166667 0.200000 0.233333 0.266667 0.300000 0.333333 0.366667 0.400000 0.433333 0.466667 0.500000
0.533333 0.566667 0.600000 0.633333 0.666667 0.700000 0.733333 0.766667 0.800000 0.833333 0.866667 0.900000</float_array><technique_common><accessor source="#mixamorig_Hips-Matrix-animation-input-array" count="28"><param name="TIME" type="float"/></accessor></technique_common></source><source id="mixamorig_Hips-Matrix-animation-output-transform"><float_array id="mixamorig_Hips-Matrix-animation-output-transform-array" count="448">

0.891005 0.056103 -0.450515 -1.108538 -0.073866 0.997027 -0.021928 90.386063 0.447945 0.052815 0.892500 -0.481080 0.000000 0.000000 0.000000 1.000000
0.887476 0.061840 -0.456685 -1.057547 -0.079783 0.996610 -0.020091 89.972580 0.453894 0.054266 0.889401 -0.333290 0.000000 0.000000 0.000000 1.000000
0.859284 0.052329 -0.508815 -0.595925 -0.081239 0.996089 -0.034753 89.598961 0.505006 0.071198 0.860174 0.009266 0.000000 0.000000 0.000000 1.000000
0.791335 0.017298 -0.611138 0.119606 -0.069722 0.995632 -0.062100 89.640282 0.607394 0.091751 0.789084 0.574604 0.000000 0.000000 0.000000 1.000000
0.667339 -0.022472 -0.744415 0.800702 -0.063926 0.994127 -0.087317 90.142105 0.742006 0.105857 0.661983 1.129925 0.000000 0.000000 0.000000 1.000000
0.517876 -0.042650 -0.854392 1.498161 -0.080926 0.991835 -0.098563 90.101784 0.851619 0.120186 0.510196 1.492280 0.000000 0.000000 0.000000 1.000000
0.379157 -0.047049 -0.924136 2.180007 -0.113684 0.988772 -0.096982 89.449783 0.918323 0.141830 0.369551 1.729009 0.000000 0.000000 0.000000 1.000000
0.308133 -0.038822 -0.950551 2.975113 -0.139809 0.986471 -0.085610 88.346756 0.941014 0.159275 0.298536 1.705405 0.000000 0.000000 0.000000 1.000000
0.320051 -0.029179 -0.946951 3.894138 -0.144887 0.986260 -0.079360 87.462570 0.936256 0.162600 0.311426 1.509420 0.000000 0.000000 0.000000 1.000000
0.360023 -0.035357 -0.932273 4.570712 -0.132197 0.987265 -0.088495 87.274994 0.923530 0.155104 0.350764 1.361982 0.000000 0.000000 0.000000 1.000000
0.389033 -0.050725 -0.919826 4.780753 -0.114488 0.988080 -0.102910 87.729324 0.914082 0.145344 0.378589 1.253506 0.000000 0.000000 0.000000 1.000000
0.417694 -0.062447 -0.906439 4.631693 -0.104927 0.987645 -0.116392 88.480476 0.902509 0.143727 0.405981 0.928841 0.000000 0.000000 0.000000 1.000000
0.456817 -0.067098 -0.887026 4.276969 -0.103218 0.986418 -0.127774 89.289391 0.883552 0.149926 0.443687 0.414800 0.000000 0.000000 0.000000 1.000000
0.497836 -0.064048 -0.864903 3.796104 -0.101384 0.986134 -0.131382 90.066299 0.861325 0.153094 0.484440 -0.130639 0.000000 0.000000 0.000000 1.000000
0.538066 -0.054720 -0.841125 3.265174 -0.097769 0.987104 -0.126759 90.668152 0.837213 0.150441 0.525777 -0.609879 0.000000 0.000000 0.000000 1.000000
0.579316 -0.041894 -0.814025 2.726560 -0.092753 0.988803 -0.116898 91.045502 0.809808 0.143224 0.568944 -0.961857 0.000000 0.000000 0.000000 1.000000
0.620547 -0.029174 -0.783626 2.176249 -0.086078 0.990735 -0.105049 91.251472 0.779431 0.132641 0.612286 -1.232052 0.000000 0.000000 0.000000 1.000000
0.665438 -0.017139 -0.746256 1.626042 -0.079035 0.992499 -0.093270 91.361336 0.742257 0.121046 0.659092 -1.487880 0.000000 0.000000 0.000000 1.000000
0.713343 -0.005443 -0.700794 1.190223 -0.073079 0.993941 -0.082107 91.414650 0.696994 0.109784 0.708623 -1.630747 0.000000 0.000000 0.000000 1.000000
0.756986 0.005884 -0.653404 0.792044 -0.070106 0.994919 -0.072260 91.414642 0.649659 0.100508 0.753552 -1.675608 0.000000 0.000000 0.000000 1.000000
0.793162 0.017706 -0.608753 0.442920 -0.070235 0.995567 -0.062555 91.343361 0.604947 0.092372 0.790890 -1.643998 0.000000 0.000000 0.000000 1.000000
0.823060 0.029800 -0.567171 0.137966 -0.072365 0.995986 -0.052684 91.228630 0.563325 0.084405 0.821913 -1.520563 0.000000 0.000000 0.000000 1.000000
0.847711 0.040865 -0.528881 -0.140522 -0.075405 0.996187 -0.043889 91.092316 0.525071 0.077086 0.847560 -1.346185 0.000000 0.000000 0.000000 1.000000
0.866721 0.049388 -0.496343 -0.474542 -0.077907 0.996277 -0.036910 90.950668 0.492672 0.070660 0.867342 -1.152463 0.000000 0.000000 0.000000 1.000000
0.879750 0.054145 -0.472343 -0.811325 -0.078510 0.996399 -0.032010 90.823486 0.468909 0.065244 0.880833 -0.951507 0.000000 0.000000 0.000000 1.000000
0.888371 0.055707 -0.455734 -1.044655 -0.076958 0.996636 -0.028191 90.732193 0.452630 0.060117 0.889670 -0.763447 0.000000 0.000000 0.000000 1.000000
0.894721 0.056387 -0.443051 -1.172082 -0.074738 0.996913 -0.024052 90.653969 0.440327 0.054632 0.896174 -0.605292 0.000000 0.000000 0.000000 1.000000
0.891005 0.056103 -0.450515 -1.108538 -0.073866 0.997027 -0.021928 90.386063 0.447945 0.052815 0.892500 -0.481080 0.000000 0.000000 0.000000 1.000000</float_array><technique_common><accessor source="#mixamorig_Hips-Matrix-animation-output-transform-array" count="28" stride="16"><param type="float4x4"/></accessor></technique_common></source><source id="mixamorig_Hips-Interpolations"><Name_array id="mixamorig_Hips-Interpolations-array" count="28">
 LINEAR LINEAR LINEAR LINEAR LINEAR LINEAR LINEAR LINEAR LINEAR LINEAR LINEAR
LINEAR LINEAR LINEAR LINEAR LINEAR LINEAR LINEAR LINEAR LINEAR LINEAR LINEAR LINEAR
LINEAR LINEAR LINEAR LINEAR LINEAR</Name_array><technique_common><accessor source="#mixamorig_Hips-Interpolations-array" count="28"><param type="name"/></accessor></technique_common></source><sampler id="mixamorig_Hips-Matrix-animation-transform"><input semantic="INPUT" source="#mixamorig_Hips-Matrix-animation-input"/><input semantic="OUTPUT" source="#mixamorig_Hips-Matrix-animation-output-transform"/><input semantic="INTERPOLATION" source="#mixamorig_Hips-Interpolations"/></sampler><channel source="#mixamorig_Hips-Matrix-animation-transform" target="mixamorig_Hips/matrix"/><source id="mixamorig_Spine-Matrix-animation-input"><float_array id="mixamorig_Spine-Matrix-animation-input-array" count="28">

0.000000 0.033333 0.066667 0.100000 0.133333 0.166667 0.200000 0.233333 0.266667 0.300000 0.333333 0.366667 0.400000 0.433333 0.466667 0.500000
0.533333 0.566667 0.600000 0.633333 0.666667 0.700000 0.733333 0.766667 0.800000 0.833333 0.866667 0.900000</float_array><technique_common><accessor source="#mixamorig_Spine-Matrix-animation-input-array" count="28"><param name="TIME" type="float"/></accessor></technique_common></source><source id="mixamorig_Spine-Matrix-animation-output-transform"><float_array id="mixamorig_Spine-Matrix-animation-output-transform-array" count="448">

0.997568 -0.047682 0.050847 -0.000100 0.040673 0.990554 0.130951 9.856200 -0.056611 -0.128565 0.990084 -1.223900 0.000000 0.000000 0.000000 1.000000
0.997204 -0.049647 0.055855 -0.000100 0.041899 0.990334 0.132224 9.856200 -0.061880 -0.129514 0.989645 -1.223900 0.000000 0.000000 0.000000 1.000000
0.996660 -0.050406 0.064245 -0.000100 0.041373 0.989994 0.134911 9.856200 -0.070402 -0.131803 0.988773 -1.223900 0.000000 0.000000 0.000000 1.000000
0.996185 -0.046317 0.073960 -0.000100 0.035897 0.989994 0.136467 9.856200 -0.079541 -0.133291 0.987880 -1.223900 0.000000 0.000000 0.000000 1.000000
0.996184 -0.042661 0.076137 -0.000100 0.032307 0.990672 0.132381 9.856200 -0.081075 -0.129416 0.988270 -1.223900 0.000000 0.000000 0.000000 1.000000
0.996221 -0.048498 0.072053 -0.000100 0.039680 0.992084 0.119145 9.856200 -0.077261 -0.115836 0.990259 -1.223900 0.000000 0.000000 0.000000 1.000000
0.996757 -0.053037 0.060523 -0.000100 0.046470 0.993366 0.105187 9.856200 -0.065701 -0.102033 0.992609 -1.223900 0.000000 0.000000 0.000000 1.000000
0.997673 -0.054345 0.041178 -0.000100 0.050231 0.994200 0.095092 9.856200 -0.046107 -0.092803 0.994616 -1.223900 0.000000 0.000000 0.000000 1.000000
0.998592 -0.049122 0.020043 -0.000100 0.047253 0.995263 0.084964 9.856200 -0.024122 -0.083898 0.996182 -1.223900 0.000000 0.000000 0.000000 1.000000
0.999195 -0.039494 0.006996 -0.000100 0.038814 0.996080 0.079490 9.856200 -0.010108 -0.079155 0.996811 -1.223900 0.000000 0.000000 0.000000 1.000000
0.999282 -0.037389 0.006090 -0.000100 0.036788 0.996163 0.079406 9.856200 -0.009036 -0.079125 0.996824 -1.223900 0.000000 0.000000 0.000000 1.000000
0.998870 -0.046123 0.011492 -0.000100 0.044979 0.995341 0.085287 9.856200 -0.015372 -0.084674 0.996290 -1.223900 0.000000 0.000000 0.000000 1.000000
0.998062 -0.059887 0.016922 -0.000100 0.058009 0.993739 0.095485 9.856200 -0.022534 -0.094318 0.995287 -1.223900 0.000000 0.000000 0.000000 1.000000
0.997292 -0.070197 0.021953 -0.000100 0.067511 0.992125 0.105502 9.856200 -0.029186 -0.103734 0.994177 -1.223900 0.000000 0.000000 0.000000 1.000000
0.996941 -0.073384 0.026912 -0.000100 0.069826 0.990878 0.115258 9.856200 -0.035125 -0.113026 0.992971 -1.223900 0.000000 0.000000 0.000000 1.000000
0.997035 -0.070743 0.030262 -0.000100 0.066467 0.989997 0.124450 9.856200 -0.038764 -0.122069 0.991764 -1.223900 0.000000 0.000000 0.000000 1.000000
0.997317 -0.066089 0.031490 -0.000100 0.061410 0.989401 0.131581 9.856200 -0.039853 -0.129294 0.990805 -1.223900 0.000000 0.000000 0.000000 1.000000
0.997660 -0.061219 0.030441 -0.000100 0.056508 0.988971 0.136904 9.856200 -0.038486 -0.134863 0.990117 -1.223900 0.000000 0.000000 0.000000 1.000000
0.997976 -0.056857 0.028481 -0.000100 0.052342 0.988786 0.139866 9.856200 -0.036114 -0.138092 0.989761 -1.223900 0.000000 0.000000 0.000000 1.000000
0.998219 -0.053113 0.027174 -0.000100 0.048734 0.988643 0.142159 9.856200 -0.034415 -0.140582 0.989471 -1.223900 0.000000 0.000000 0.000000 1.000000
0.998365 -0.050582 0.026612 -0.000100 0.046261 0.988573 0.143467 9.856200 -0.033565 -0.142001 0.989297 -1.223900 0.000000 0.000000 0.000000 1.000000
0.998430 -0.048781 0.027528 -0.000100 0.044343 0.988641 0.143606 9.856200 -0.034221 -0.142160 0.989252 -1.223900 0.000000 0.000000 0.000000 1.000000
0.998394 -0.048035 0.030045 -0.000100 0.043284 0.988831 0.142617 9.856200 -0.036560 -0.141087 0.989322 -1.223900 0.000000 0.000000 0.000000 1.000000
0.998283 -0.048023 0.033538 -0.000100 0.042844 0.989085 0.140982 9.856200 -0.039942 -0.139303 0.989444 -1.223900 0.000000 0.000000 0.000000 1.000000
0.998125 -0.048260 0.037640 -0.000100 0.042558 0.989260 0.139833 9.856200 -0.043985 -0.137969 0.989459 -1.223900 0.000000 0.000000 0.000000 1.000000
0.997982 -0.047632 0.041980 -0.000100 0.041400 0.989493 0.138526 9.856200 -0.048138 -0.136509 0.989469 -1.223900 0.000000 0.000000 0.000000 1.000000
0.997875 -0.046234 0.045904 -0.000100 0.039654 0.990032 0.135145 9.856200 -0.051694 -0.133037 0.989762 -1.223900 0.000000 0.000000 0.000000 1.000000
0.997568 -0.047682 0.050847 -0.000100 0.040673 0.990554 0.130951 9.856200 -0.056611 -0.128565 0.990084 -1.223900 0.000000 0.000000 0.000000 1.000000</float_array><technique_common><accessor source="#mixamorig_Spine-Matrix-animation-output-transform-array" count="28" stride="16"><param type="float4x4"/></accessor></technique_common></source><source id="mixamorig_Spine-Interpolations"><Name_array id="mixamorig_Spine-Interpolations-array" count="28">
 LINEAR LINEAR LINEAR LINEAR LINEAR LINEAR LINEAR LINEAR LINEAR LINEAR LINEAR
LINEAR LINEAR LINEAR LINEAR LINEAR LINEAR LINEAR LINEAR LINEAR LINEAR LINEAR LINEAR
LINEAR LINEAR LINEAR LINEAR LINEAR</Name_array><technique_common><accessor source="#mixamorig_Spine-Interpolations-array" count="28"><param type="name"/></accessor></technique_common></source><sampler id="mixamorig_Spine-Matrix-animation-transform"><input semantic="INPUT" source="#mixamorig_Spine-Matrix-animation-input"/><input semantic="OUTPUT" source="#mixamorig_Spine-Matrix-animation-output-transform"/><input semantic="INTERPOLATION" source="#mixamorig_Spine-Interpolations"/></sampler><channel source="#mixamorig_Spine-Matrix-animation-transform" target="mixamorig_Spine/matrix"/><source id="mixamorig_Spine1-Matrix-animation-input"><float_array id="mixamorig_Spine1-Matrix-animation-input-array" count="28">

0.000000 0.033333 0.066667 0.100000 0.133333 0.166667 0.200000 0.233333 0.266667 0.300000 0.333333 0.366667 0.400000 0.433333 0.466667 0.500000
0.533333 0.566667 0.600000 0.633333 0.666667 0.700000 0.733333 0.766667 0.800000 0.833333 0.866667 0.900000</float_array><technique_common><accessor source="#mixamorig_Spine1-Matrix-animation-input-array" count="28"><param name="TIME" type="float"/></accessor></technique_common></source><source id="mixamorig_Spine1-Matrix-animation-output-transform"><float_array id="mixamorig_Spine1-Matrix-animation-output-transform-array" count="448">

0.992903 -0.039866 0.112044 0.000000 0.046046 0.997526 -0.053113 11.652600 -0.109649 0.057896 0.992283 -0.000000 0.000000 0.000000 0.000000 1.000000
0.991541 -0.037930 0.124124 -0.000000 0.044282 0.997825 -0.048820 11.652600 -0.122003 0.053903 0.991065 -0.000000 0.000000 0.000000 0.000000 1.000000
0.989146 -0.038312 0.141851 -0.000000 0.044416 0.998207 -0.040117 11.652600 -0.140060 0.045982 0.989075 0.000000 0.000000 0.000000 0.000000 1.000000
0.986260 -0.034247 0.161614 0.000000 0.039804 0.998718 -0.031277 11.652600 -0.160336 0.037280 0.986358 0.000000 0.000000 0.000000 0.000000 1.000000
0.985825 -0.029719 0.165124 -0.000000 0.035230 0.998912 -0.030546 11.652600 -0.164036 0.035930 0.985800 0.000000 0.000000 0.000000 0.000000 1.000000
0.987136 -0.029768 0.157089 -0.000000 0.035373 0.998829 -0.033008 11.652600 -0.155922 0.038141 0.987033 -0.000000 0.000000 0.000000 0.000000 1.000000
0.990524 -0.039058 0.131669 0.000000 0.044687 0.998197 -0.040067 11.652600 -0.129867 0.045571 0.990484 0.000000 0.000000 0.000000 0.000000 1.000000
0.994777 -0.050661 0.088615 -0.000000 0.055502 0.997048 -0.053052 11.652600 -0.085666 0.057693 0.994652 0.000000 0.000000 0.000000 0.000000 1.000000
0.997857 -0.050959 0.041050 0.000000 0.053636 0.996311 -0.066994 11.652600 -0.037484 0.069052 0.996909 0.000000 0.000000 0.000000 0.000000 1.000000
0.999143 -0.040084 0.010361 -0.000000 0.040740 0.996448 -0.073705 11.652600 -0.007370 0.074064 0.997226 0.000000 0.000000 0.000000 0.000000 1.000000
0.999471 -0.031845 0.006610 0.000000 0.032244 0.996797 -0.073186 11.652600 -0.004258 0.073360 0.997296 0.000000 0.000000 0.000000 0.000000 1.000000
0.999235 -0.034793 0.017841 -0.000000 0.035955 0.996929 -0.069562 11.652600 -0.015366 0.070150 0.997418 0.000000 0.000000 0.000000 0.000000 1.000000
0.998520 -0.045442 0.029876 0.000000 0.047298 0.996786 -0.064664 11.652600 -0.026842 0.065981 0.997460 0.000000 0.000000 0.000000 0.000000 1.000000
0.997608 -0.055605 0.041069 0.000000 0.058009 0.996519 -0.059868 11.652600 -0.037597 0.062107 0.997361 0.000000 0.000000 0.000000 0.000000 1.000000
0.996608 -0.063751 0.052049 -0.000000 0.066671 0.996177 -0.056444 11.652600 -0.048252 0.059723 0.997048 0.000000 0.000000 0.000000 0.000000 1.000000
0.995790 -0.069660 0.059573 -0.000000 0.072949 0.995821 -0.054938 11.652600 -0.055497 0.059052 0.996711 0.000000 0.000000 0.000000 0.000000 1.000000
0.995374 -0.072721 0.062781 -0.000000 0.076186 0.995593 -0.054691 11.652600 -0.058527 0.059221 0.996528 0.000000 0.000000 0.000000 0.000000 1.000000
0.995424 -0.073102 0.061548 0.000000 0.076501 0.995562 -0.054816 11.652600 -0.057268 0.059273 0.996598 -0.000000 0.000000 0.000000 0.000000 1.000000
0.995473 -0.073314 0.060488 0.000000 0.076684 0.995514 -0.055413 11.652600 -0.056154 0.059800 0.996630 0.000000 0.000000 0.000000 0.000000 1.000000
0.995490 -0.073195 0.060352 -0.000000 0.076562 0.995519 -0.055497 11.652600 -0.056019 0.059868 0.996633 0.000000 0.000000 0.000000 0.000000 1.000000
0.995407 -0.073356 0.061513 0.000000 0.076826 0.995466 -0.056083 11.652600 -0.057120 0.060552 0.996529 0.000000 0.000000 0.000000 0.000000 1.000000
0.995207 -0.073269 0.064772 0.000000 0.077027 0.995367 -0.057550 11.652600 -0.060256 0.062263 0.996239 0.000000 0.000000 0.000000 0.000000 1.000000
0.994908 -0.072451 0.070061 0.000000 0.076644 0.995304 -0.059132 11.652600 -0.065448 0.064201 0.995789 0.000000 0.000000 0.000000 0.000000 1.000000
0.994614 -0.070224 0.076229 0.000000 0.074856 0.995406 -0.059701 11.652600 -0.071686 0.065086 0.995301 -0.000000 0.000000 0.000000 0.000000 1.000000
0.994324 -0.066291 0.083217 -0.000000 0.071278 0.995742 -0.058454 11.652600 -0.078987 0.064054 0.994816 0.000000 0.000000 0.000000 0.000000 1.000000
0.994065 -0.059510 0.091068 0.000000 0.064805 0.996307 -0.056334 11.652600 -0.087379 0.061901 0.994250 -0.000000 0.000000 0.000000 0.000000 1.000000
0.993767 -0.049763 0.099751 -0.000000 0.055444 0.996945 -0.055009 11.652600 -0.096708 0.060197 0.993491 -0.000000 0.000000 0.000000 0.000000 1.000000
0.992903 -0.039866 0.112044 0.000000 0.046046 0.997526 -0.053113 11.652600 -0.109649 0.057896 0.992283 -0.000000 0.000000 0.000000 0.000000 1.000000</float_array><technique_common><accessor source="#mixamorig_Spine1-Matrix-animation-output-transform-array" count="28" stride="16"><param type="float4x4"/></accessor></technique_common></source><source id="mixamorig_Spine1-Interpolations"><Name_array id="mixamorig_Spine1-Interpolations-array" count="28">
 LINEAR LINEAR LINEAR LINEAR LINEAR LINEAR LINEAR LINEAR LINEAR LINEAR LINEAR
LINEAR LINEAR LINEAR LINEAR LINEAR LINEAR LINEAR LINEAR LINEAR LINEAR LINEAR LINEAR
LINEAR LINEAR LINEAR LINEAR LINEAR</Name_array><technique_common><accessor source="#mixamorig_Spine1-Interpolations-array" count="28"><param type="name"/></accessor></technique_common></source><sampler id="mixamorig_Spine1-Matrix-animation-transform"><input semantic="INPUT" source="#mixamorig_Spine1-Matrix-animation-input"/><input semantic="OUTPUT" source="#mixamorig_Spine1-Matrix-animation-output-transform"/><input semantic="INTERPOLATION" source="#mixamorig_Spine1-Interpolations"/></sampler><channel source="#mixamorig_Spine1-Matrix-animation-transform" target="mixamorig_Spine1/matrix"/><source id="mixamorig_Spine2-Matrix-animation-input"><float_array id="mixamorig_Spine2-Matrix-animation-input-array" count="28">

0.000000 0.033333 0.066667 0.100000 0.133333 0.166667 0.200000 0.233333 0.266667 0.300000 0.333333 0.366667 0.400000 0.433333 0.466667 0.500000
0.533333 0.566667 0.600000 0.633333 0.666667 0.700000 0.733333 0.766667 0.800000 0.833333 0.866667 0.900000</float_array><technique_common><accessor source="#mixamorig_Spine2-Matrix-animation-input-array" count="28"><param name="TIME" type="float"/></accessor></technique_common></source><source id="mixamorig_Spine2-Matrix-animation-output-transform"><float_array id="mixamorig_Spine2-Matrix-animation-output-transform-array" count="448">

0.992920 -0.036825 0.112931 -0.000000 0.043093 0.997634 -0.053572 13.365200 -0.110691 0.058059 0.992158 0.000000 0.000000 0.000000 0.000000 1.000000
0.991547 -0.034761 0.125005 0.000000 0.041199 0.997934 -0.049293 13.365200 -0.123033 0.054026 0.990931 0.000000 0.000000 0.000000 0.000000 1.000000
0.989148 -0.035290 0.142624 -0.000000 0.041448 0.998322 -0.040435 13.365200 -0.140958 0.045908 0.988951 0.000000 0.000000 0.000000 0.000000 1.000000
0.986256 -0.031346 0.162222 0.000000 0.036859 0.998837 -0.031088 13.365200 -0.161059 0.036640 0.986264 -0.000000 0.000000 0.000000 0.000000 1.000000
0.985794 -0.027104 0.165757 0.000000 0.032475 0.999029 -0.029782 13.365200 -0.164789 0.034742 0.985717 0.000000 0.000000 0.000000 0.000000 1.000000
0.987080 -0.027820 0.157796 0.000000 0.033198 0.998951 -0.031551 13.365200 -0.156753 0.036382 0.986968 -0.000000 0.000000 0.000000 0.000000 1.000000
0.990482 -0.037935 0.132314 0.000000 0.043314 0.998338 -0.038014 13.365200 -0.130652 0.043383 0.990479 -0.000000 0.000000 0.000000 0.000000 1.000000
0.994766 -0.050093 0.089055 0.000000 0.054744 0.997219 -0.050573 13.365200 -0.086274 0.055183 0.994742 0.000000 0.000000 0.000000 0.000000 1.000000
0.997862 -0.050771 0.041159 -0.000000 0.053347 0.996515 -0.064126 13.365200 -0.037760 0.066184 0.997093 0.000000 0.000000 0.000000 0.000000 1.000000
0.999146 -0.040043 0.010193 -0.000000 0.040663 0.996685 -0.070467 13.365200 -0.007338 0.070821 0.997462 -0.000000 0.000000 0.000000 0.000000 1.000000
0.999473 -0.031792 0.006487 -0.000000 0.032168 0.997052 -0.069664 13.365200 -0.004253 0.069836 0.997549 0.000000 0.000000 0.000000 0.000000 1.000000
0.999235 -0.034664 0.018112 0.000000 0.035791 0.997170 -0.066118 13.365200 -0.015769 0.066716 0.997647 -0.000000 0.000000 0.000000 0.000000 1.000000
0.998506 -0.045234 0.030661 0.000000 0.047061 0.996983 -0.061726 13.365200 -0.027776 0.063076 0.997622 0.000000 0.000000 0.000000 0.000000 1.000000
0.997578 -0.055303 0.042181 0.000000 0.057686 0.996676 -0.057523 13.365200 -0.038860 0.059817 0.997453 0.000000 0.000000 0.000000 0.000000 1.000000
0.996574 -0.063253 0.053282 -0.000000 0.066153 0.996317 -0.054553 13.365200 -0.049635 0.057890 0.997088 -0.000000 0.000000 0.000000 0.000000 1.000000
0.995767 -0.068877 0.060853 0.000000 0.072152 0.995965 -0.053370 13.365200 -0.056932 0.057534 0.996719 0.000000 0.000000 0.000000 0.000000 1.000000
0.995366 -0.071673 0.064107 -0.000000 0.075140 0.995741 -0.053413 13.365200 -0.060006 0.057982 0.996513 -0.000000 0.000000 0.000000 0.000000 1.000000
0.995428 -0.071864 0.062915 -0.000000 0.075290 0.995705 -0.053876 13.365200 -0.058773 0.058367 0.996564 0.000000 0.000000 0.000000 0.000000 1.000000
0.995491 -0.071929 0.061843 -0.000000 0.075340 0.995655 -0.054718 13.365200 -0.057638 0.059131 0.996585 0.000000 0.000000 0.000000 0.000000 1.000000
0.995526 -0.071610 0.061648 0.000000 0.075049 0.995640 -0.055404 13.365200 -0.057412 0.059783 0.996559 0.000000 0.000000 0.000000 0.000000 1.000000
0.995458 -0.071587 0.062762 0.000000 0.075155 0.995572 -0.056455 13.365200 -0.058442 0.060916 0.996431 -0.000000 0.000000 0.000000 0.000000 1.000000
0.995271 -0.071319 0.065947 0.000000 0.075192 0.995466 -0.058247 13.365200 -0.061494 0.062931 0.996122 -0.000000 0.000000 0.000000 0.000000 1.000000
0.994984 -0.070323 0.071139 0.000000 0.074646 0.995401 -0.060044 13.365200 -0.066589 0.065053 0.995658 -0.000000 0.000000 0.000000 0.000000 1.000000
0.994697 -0.067921 0.077233 0.000000 0.072693 0.995503 -0.060742 13.365200 -0.072760 0.066034 0.995161 0.000000 0.000000 0.000000 0.000000 1.000000
0.994410 -0.063764 0.084157 0.000000 0.068901 0.995841 -0.059606 13.365200 -0.080006 0.065072 0.994668 0.000000 0.000000 0.000000 0.000000 1.000000
0.994147 -0.056724 0.091943 0.000000 0.062170 0.996408 -0.057500 13.365200 -0.088351 0.062880 0.994103 0.000000 0.000000 0.000000 0.000000 1.000000
0.993825 -0.046806 0.100599 -0.000000 0.052615 0.997050 -0.055880 13.365200 -0.097687 0.060828 0.993357 -0.000000 0.000000 0.000000 0.000000 1.000000
0.992920 -0.036825 0.112931 -0.000000 0.043093 0.997634 -0.053572 13.365200 -0.110691 0.058059 0.992158 0.000000 0.000000 0.000000 0.000000 1.000000</float_array><technique_common><accessor source="#mixamorig_Spine2-Matrix-animation-output-transform-array" count="28" stride="16"><param type="float4x4"/></accessor></technique_common></source><source id="mixamorig_Spine2-Interpolations"><Name_array id="mixamorig_Spine2-Interpolations-array" count="28">
 LINEAR LINEAR LINEAR LINEAR LINEAR LINEAR LINEAR LINEAR LINEAR LINEAR LINEAR
LINEAR LINEAR LINEAR LINEAR LINEAR LINEAR LINEAR LINEAR LINEAR LINEAR LINEAR LINEAR
LINEAR LINEAR LINEAR LINEAR LINEAR</Name_array><technique_common><accessor source="#mixamorig_Spine2-Interpolations-array" count="28"><param type="name"/></accessor></technique_common></source><sampler id="mixamorig_Spine2-Matrix-animation-transform"><input semantic="INPUT" source="#mixamorig_Spine2-Matrix-animation-input"/><input semantic="OUTPUT" source="#mixamorig_Spine2-Matrix-animation-output-transform"/><input semantic="INTERPOLATION" source="#mixamorig_Spine2-Interpolations"/></sampler><channel source="#mixamorig_Spine2-Matrix-animation-transform" target="mixamorig_Spine2/matrix"/><source id="mixamorig_Neck-Matrix-animation-input"><float_array id="mixamorig_Neck-Matrix-animation-input-array" count="28">

0.000000 0.033333 0.066667 0.100000 0.133333 0.166667 0.200000 0.233333 0.266667 0.300000 0.333333 0.366667 0.400000 0.433333 0.466667 0.500000
0.533333 0.566667 0.600000 0.633333 0.666667 0.700000 0.733333 0.766667 0.800000 0.833333 0.866667 0.900000</float_array><technique_common><accessor source="#mixamorig_Neck-Matrix-animation-input-array" count="28"><param name="TIME" type="float"/></accessor></technique_common></source><source id="mixamorig_Neck-Matrix-animation-output-transform"><float_array id="mixamorig_Neck-Matrix-animation-output-transform-array" count="448">

0.999038 -0.036773 0.023888 0.053100 0.042104 0.956624 -0.288267 14.765000 -0.012251 0.288995 0.957252 2.581200 0.000000 0.000000 0.000000 1.000000
0.998934 -0.040920 0.021355 0.053100 0.045352 0.956186 -0.289227 14.765000 -0.008584 0.289887 0.957022 2.581200 0.000000 0.000000 0.000000 1.000000
0.999186 -0.033426 0.022568 0.053100 0.038489 0.957478 -0.285928 14.765000 -0.012051 0.286564 0.957985 2.581200 0.000000 0.000000 0.000000 1.000000
0.999276 -0.022601 0.030599 0.053100 0.030086 0.961791 -0.272128 14.765000 -0.023279 0.272852 0.961774 2.581200 0.000000 0.000000 0.000000 1.000000
0.998972 -0.014525 0.042949 0.053100 0.024820 0.967937 -0.249965 14.765000 -0.037941 0.250774 0.967302 2.581200 0.000000 0.000000 0.000000 1.000000
0.998194 0.006908 0.059666 0.053100 0.007310 0.972008 -0.234835 14.765000 -0.059618 0.234847 0.970202 2.581200 0.000000 0.000000 0.000000 1.000000
0.995665 0.045446 0.081153 0.053100 -0.025846 0.973327 -0.227961 14.765000 -0.089348 0.224876 0.970282 2.581200 0.000000 0.000000 0.000000 1.000000
0.991345 0.086129 0.099077 0.053100 -0.061358 0.971178 -0.230321 14.765000 -0.116058 0.222248 0.968058 2.581200 0.000000 0.000000 0.000000 1.000000
0.987899 0.111725 0.107574 0.053100 -0.083843 0.968223 -0.235617 14.765000 -0.130480 0.223746 0.965874 2.581200 0.000000 0.000000 0.000000 1.000000
0.986861 0.118517 0.109811 0.053100 -0.089249 0.966421 -0.240965 14.765000 -0.134682 0.227999 0.964301 2.581200 0.000000 0.000000 0.000000 1.000000
0.987267 0.116697 0.108096 0.053100 -0.086410 0.963994 -0.251494 14.765000 -0.133553 0.238952 0.961803 2.581200 0.000000 0.000000 0.000000 1.000000
0.988034 0.113978 0.103911 0.053100 -0.082938 0.960645 -0.265107 14.765000 -0.130038 0.253316 0.958604 2.581200 0.000000 0.000000 0.000000 1.000000
0.988879 0.110942 0.099050 0.053100 -0.080006 0.958242 -0.274540 14.765000 -0.125372 0.263562 0.956461 2.581200 0.000000 0.000000 0.000000 1.000000
0.989773 0.107284 0.094017 0.053100 -0.077191 0.957051 -0.279456 14.765000 -0.119961 0.269341 0.955544 2.581200 0.000000 0.000000 0.000000 1.000000
0.990612 0.104074 0.088641 0.053100 -0.075108 0.956112 -0.283211 14.765000 -0.114226 0.273894 0.954953 2.581200 0.000000 0.000000 0.000000 1.000000
0.991691 0.097704 0.083680 0.053100 -0.070125 0.955933 -0.285086 14.765000 -0.107847 0.276850 0.954842 2.581200 0.000000 0.000000 0.000000 1.000000
0.993015 0.087926 0.078683 0.053100 -0.061993 0.956185 -0.286123 14.765000 -0.100393 0.279247 0.954957 2.581200 0.000000 0.000000 0.000000 1.000000
0.994435 0.075318 0.073659 0.053100 -0.051252 0.956748 -0.286368 14.765000 -0.092042 0.281000 0.955284 2.581200 0.000000 0.000000 0.000000 1.000000
0.995666 0.063725 0.067736 0.053100 -0.041749 0.957097 -0.286745 14.765000 -0.083102 0.282674 0.955609 2.581200 0.000000 0.000000 0.000000 1.000000
0.996669 0.053291 0.061730 0.053100 -0.033305 0.956937 -0.288380 14.765000 -0.074439 0.285364 0.955524 2.581200 0.000000 0.000000 0.000000 1.000000
0.997425 0.045062 0.055802 0.053100 -0.027038 0.956831 -0.289385 14.765000 -0.066433 0.287131 0.955585 2.581200 0.000000 0.000000 0.000000 1.000000
0.998067 0.037376 0.049656 0.053100 -0.021478 0.957163 -0.288753 14.765000 -0.058321 0.287128 0.956115 2.581200 0.000000 0.000000 0.000000 1.000000
0.998597 0.029490 0.043985 0.053100 -0.015657 0.957874 -0.286761 14.765000 -0.050589 0.285670 0.956992 2.581200 0.000000 0.000000 0.000000 1.000000
0.999024 0.021313 0.038677 0.053100 -0.009418 0.958505 -0.284919 14.765000 -0.043145 0.284276 0.957771 2.581200 0.000000 0.000000 0.000000 1.000000
0.999356 0.010138 0.034418 0.053100 0.000079 0.958626 -0.284670 14.765000 -0.035880 0.284489 0.958008 2.581200 0.000000 0.000000 0.000000 1.000000
0.999508 -0.007119 0.030559 0.053100 0.015567 0.958112 -0.285969 14.765000 -0.027243 0.286304 0.957751 2.581200 0.000000 0.000000 0.000000 1.000000
0.999304 -0.026452 0.026306 0.053100 0.032907 0.957189 -0.287586 14.765000 -0.017572 0.288252 0.957393 2.581200 0.000000 0.000000 0.000000 1.000000
0.999038 -0.036773 0.023888 0.053100 0.042104 0.956624 -0.288267 14.765000 -0.012251 0.288995 0.957252 2.581200 0.000000 0.000000 0.000000 1.000000</float_array><technique_common><accessor source="#mixamorig_Neck-Matrix-animation-output-transform-array" count="28" stride="16"><param type="float4x4"/></accessor></technique_common></source><source id="mixamorig_Neck-Interpolations"><Name_array id="mixamorig_Neck-Interpolations-array" count="28">
 LINEAR LINEAR LINEAR LINEAR LINEAR LINEAR LINEAR LINEAR LINEAR LINEAR LINEAR
LINEAR LINEAR LINEAR LINEAR LINEAR LINEAR LINEAR LINEAR LINEAR LINEAR LINEAR LINEAR
LINEAR LINEAR LINEAR LINEAR LINEAR</Name_array><technique_common><accessor source="#mixamorig_Neck-Interpolations-array" count="28"><param type="name"/></accessor></technique_common></source><sampler id="mixamorig_Neck-Matrix-animation-transform"><input semantic="INPUT" source="#mixamorig_Neck-Matrix-animation-input"/><input semantic="OUTPUT" source="#mixamorig_Neck-Matrix-animation-output-transform"/><input semantic="INTERPOLATION" source="#mixamorig_Neck-Interpolations"/></sampler><channel source="#mixamorig_Neck-Matrix-animation-transform" target="mixamorig_Neck/matrix"/><source id="mixamorig_Head-Matrix-animation-input"><float_array id="mixamorig_Head-Matrix-animation-input-array" count="28">

0.000000 0.033333 0.066667 0.100000 0.133333 0.166667 0.200000 0.233333 0.266667 0.300000 0.333333 0.366667 0.400000 0.433333 0.466667 0.500000
0.533333 0.566667 0.600000 0.633333 0.666667 0.700000 0.733333 0.766667 0.800000 0.833333 0.866667 0.900000</float_array><technique_common><accessor source="#mixamorig_Head-Matrix-animation-input-array" count="28"><param name="TIME" type="float"/></accessor></technique_common></source><source id="mixamorig_Head-Matrix-animation-output-transform"><float_array id="mixamorig_Head-Matrix-animation-output-transform-array" count="448">

0.968610 0.119062 0.218218 0.079300 -0.150233 0.979763 0.132270 10.365700 -0.198054 -0.160902 0.966895 2.449900 0.000000 0.000000 0.000000 1.000000
0.971823 0.115169 0.205660 0.079300 -0.142739 0.981880 0.124646 10.365700 -0.187578 -0.150490 0.970653 2.449900 0.000000 0.000000 0.000000 1.000000
0.967757 0.132943 0.213944 0.079300 -0.158502 0.981539 0.107048 10.365700 -0.195763 -0.137507 0.970963 2.449900 0.000000 0.000000 0.000000 1.000000
0.949669 0.173033 0.261127 0.079300 -0.200754 0.976093 0.083305 10.365700 -0.240470 -0.131534 0.961703 2.449900 0.000000 0.000000 0.000000 1.000000
0.908292 0.246545 0.337966 0.079300 -0.285174 0.955987 0.069022 10.365700 -0.306074 -0.159072 0.938624 2.449900 0.000000 0.000000 0.000000 1.000000
0.860576 0.298042 0.413013 0.079300 -0.353785 0.933150 0.063777 10.365700 -0.366394 -0.201003 0.908489 2.449900 0.000000 0.000000 0.000000 1.000000
0.812391 0.332895 0.478750 0.079300 -0.413187 0.907968 0.069787 10.365700 -0.411458 -0.254507 0.875173 2.449900 0.000000 0.000000 0.000000 1.000000
0.780379 0.356728 0.513569 0.079300 -0.457590 0.885537 0.080219 10.365700 -0.426168 -0.297606 0.854290 2.449900 0.000000 0.000000 0.000000 1.000000
0.772045 0.373799 0.514024 0.079300 -0.479442 0.873455 0.084927 10.365700 -0.417231 -0.312012 0.853562 2.449900 0.000000 0.000000 0.000000 1.000000
0.776350 0.378493 0.504007 0.079300 -0.481977 0.871780 0.087738 10.365700 -0.406175 -0.311035 0.859231 2.449900 0.000000 0.000000 0.000000 1.000000
0.782838 0.368759 0.501179 0.079300 -0.472820 0.876143 0.093891 10.365700 -0.404482 -0.310469 0.860235 2.449900 0.000000 0.000000 0.000000 1.000000
0.789001 0.349050 0.505610 0.079300 -0.458271 0.882481 0.105903 10.365700 -0.409226 -0.315264 0.856238 2.449900 0.000000 0.000000 0.000000 1.000000
0.798136 0.325012 0.507293 0.079300 -0.438572 0.890737 0.119338 10.365700 -0.413079 -0.317732 0.853471 2.449900 0.000000 0.000000 0.000000 1.000000
0.814712 0.301310 0.495437 0.079300 -0.410379 0.903235 0.125520 10.365700 -0.409675 -0.305580 0.859527 2.449900 0.000000 0.000000 0.000000 1.000000
0.834449 0.282188 0.473354 0.079300 -0.379278 0.917231 0.121805 10.365700 -0.399803 -0.281173 0.872410 2.449900 0.000000 0.000000 0.000000 1.000000
0.851147 0.268191 0.451246 0.079300 -0.353775 0.928152 0.115663 10.365700 -0.387805 -0.258086 0.884872 2.449900 0.000000 0.000000 0.000000 1.000000
0.864101 0.257754 0.432309 0.079300 -0.334379 0.935960 0.110314 10.365700 -0.376190 -0.239878 0.894952 2.449900 0.000000 0.000000 0.000000 1.000000
0.876702 0.244416 0.414313 0.079300 -0.314825 0.942751 0.110023 10.365700 -0.363702 -0.226894 0.903460 2.449900 0.000000 0.000000 0.000000 1.000000
0.890243 0.228832 0.393832 0.079300 -0.294860 0.948549 0.115377 10.365700 -0.347167 -0.218839 0.911913 2.449900 0.000000 0.000000 0.000000 1.000000
0.904447 0.210415 0.371081 0.079300 -0.273258 0.953757 0.125210 10.365700 -0.327575 -0.214647 0.920120 2.449900 0.000000 0.000000 0.000000 1.000000
0.917186 0.195132 0.347409 0.079300 -0.255144 0.957305 0.135901 10.365700 -0.306057 -0.213286 0.927814 2.449900 0.000000 0.000000 0.000000 1.000000
0.928492 0.183620 0.322779 0.079300 -0.240144 0.959887 0.144732 10.365700 -0.283256 -0.211895 0.935343 2.449900 0.000000 0.000000 0.000000 1.000000
0.938416 0.173955 0.298521 0.079300 -0.226509 0.962177 0.151360 10.365700 -0.260900 -0.209657 0.942324 2.449900 0.000000 0.000000 0.000000 1.000000
0.947874 0.162434 0.274136 0.079300 -0.210917 0.964705 0.157663 10.365700 -0.238851 -0.207265 0.948679 2.449900 0.000000 0.000000 0.000000 1.000000
0.956625 0.145773 0.252229 0.079300 -0.190158 0.968370 0.161552 10.365700 -0.220701 -0.202508 0.954087 2.449900 0.000000 0.000000 0.000000 1.000000
0.963379 0.128779 0.235196 0.079300 -0.168566 0.972992 0.157709 10.365700 -0.208534 -0.191580 0.959068 2.449900 0.000000 0.000000 0.000000 1.000000
0.967346 0.120266 0.223110 0.079300 -0.155111 0.977074 0.145833 10.365700 -0.200456 -0.175678 0.963823 2.449900 0.000000 0.000000 0.000000 1.000000
0.968610 0.119062 0.218218 0.079300 -0.150233 0.979763 0.132270 10.365700 -0.198054 -0.160902 0.966895 2.449900 0.000000 0.000000 0.000000 1.000000</float_array><technique_common><accessor source="#mixamorig_Head-Matrix-animation-output-transform-array" count="28" stride="16"><param type="float4x4"/></accessor></technique_common></source><source id="mixamorig_Head-Interpolations"><Name_array id="mixamorig_Head-Interpolations-array" count="28">
 LINEAR LINEAR LINEAR LINEAR LINEAR LINEAR LINEAR LINEAR LINEAR LINEAR LINEAR
LINEAR LINEAR LINEAR LINEAR LINEAR LINEAR LINEAR LINEAR LINEAR LINEAR LINEAR LINEAR
LINEAR LINEAR LINEAR LINEAR LINEAR</Name_array><technique_common><accessor source="#mixamorig_Head-Interpolations-array" count="28"><param type="name"/></accessor></technique_common></source><sampler id="mixamorig_Head-Matrix-animation-transform"><input semantic="INPUT" source="#mixamorig_Head-Matrix-animation-input"/><input semantic="OUTPUT" source="#mixamorig_Head-Matrix-animation-output-transform"/><input semantic="INTERPOLATION" source="#mixamorig_Head-Interpolations"/></sampler><channel source="#mixamorig_Head-Matrix-animation-transform" target="mixamorig_Head/matrix"/><source id="mixamorig_LeftShoulder-Matrix-animation-input"><float_array id="mixamorig_LeftShoulder-Matrix-animation-input-array" count="28">

0.000000 0.033333 0.066667 0.100000 0.133333 0.166667 0.200000 0.233333 0.266667 0.300000 0.333333 0.366667 0.400000 0.433333 0.466667 0.500000
0.533333 0.566667 0.600000 0.633333 0.666667 0.700000 0.733333 0.766667 0.800000 0.833333 0.866667 0.900000</float_array><technique_common><accessor source="#mixamorig_LeftShoulder-Matrix-animation-input-array" count="28"><param name="TIME" type="float"/></accessor></technique_common></source><source id="mixamorig_LeftShoulder-Matrix-animation-output-transform"><float_array id="mixamorig_LeftShoulder-Matrix-animation-output-transform-array" count="448">

0.170276 0.975449 -0.139660 5.930000 0.346727 -0.191976 -0.918110 8.909100 -0.922381 0.107908 -0.370903 1.758600 0.000000 0.000000 0.000000 1.000000
0.154726 0.978090 -0.139281 5.930000 0.346391 -0.185737 -0.919519 8.909100 -0.925242 0.094028 -0.367540 1.758600 0.000000 0.000000 0.000000 1.000000
0.134293 0.977157 -0.164712 5.930000 0.346819 -0.202052 -0.915910 8.909100 -0.928268 0.065875 -0.366031 1.758600 0.000000 0.000000 0.000000 1.000000
0.088984 0.976284 -0.197360 5.930000 0.349523 -0.216152 -0.911653 8.909100 -0.932693 0.012141 -0.360468 1.758600 0.000000 0.000000 0.000000 1.000000
0.026523 0.976509 -0.213837 5.930000 0.351954 -0.209338 -0.912308 8.909100 -0.935641 -0.051063 -0.349239 1.758600 0.000000 0.000000 0.000000 1.000000
-0.022184 0.982101 -0.187045 5.930000 0.351678 -0.167468 -0.921020 8.909100 -0.935858 -0.086211 -0.341668 1.758600 0.000000 0.000000 0.000000 1.000000
-0.041543 0.988380 -0.146214 5.930000 0.345372 -0.123113 -0.930356 8.909100 -0.937546 -0.089148 -0.336244 1.758600 0.000000 0.000000 0.000000 1.000000
-0.016262 0.997205 -0.072929 5.930000 0.333770 -0.063341 -0.940524 8.909100 -0.942514 -0.039636 -0.331807 1.758600 0.000000 0.000000 0.000000 1.000000
0.040964 0.998797 0.026959 5.930000 0.329239 0.011981 -0.944171 8.909100 -0.943358 0.047553 -0.328352 1.758600 0.000000 0.000000 0.000000 1.000000
0.086180 0.994316 0.062512 5.930000 0.333593 0.030324 -0.942229 8.909100 -0.938770 0.102055 -0.329084 1.758600 0.000000 0.000000 0.000000 1.000000
0.095330 0.995188 0.022658 5.930000 0.336296 -0.010774 -0.941695 8.909100 -0.936919 0.097391 -0.335705 1.758600 0.000000 0.000000 0.000000 1.000000
0.090006 0.995521 -0.028924 5.930000 0.338511 -0.057892 -0.939180 8.909100 -0.936648 0.074741 -0.342206 1.758600 0.000000 0.000000 0.000000 1.000000
0.090086 0.993708 -0.066548 5.930000 0.341383 -0.093582 -0.935254 8.909100 -0.935597 0.061535 -0.347665 1.758600 0.000000 0.000000 0.000000 1.000000
0.097809 0.989436 -0.107001 5.930000 0.344719 -0.134543 -0.929014 8.909100 -0.933596 0.053981 -0.354237 1.758600 0.000000 0.000000 0.000000 1.000000
0.112727 0.982575 -0.147779 5.930000 0.347535 -0.178322 -0.920555 8.909100 -0.930866 0.052413 -0.361581 1.758600 0.000000 0.000000 0.000000 1.000000
0.126361 0.979506 -0.156847 5.930000 0.351537 -0.192070 -0.916259 8.909100 -0.927607 0.060642 -0.368602 1.758600 0.000000 0.000000 0.000000 1.000000
0.138940 0.977664 -0.157696 5.930000 0.353988 -0.197751 -0.914104 8.909100 -0.924872 0.071183 -0.373557 1.758600 0.000000 0.000000 0.000000 1.000000
0.150893 0.976121 -0.156268 5.930000 0.354339 -0.200981 -0.913264 8.909100 -0.922862 0.082433 -0.376204 1.758600 0.000000 0.000000 0.000000 1.000000
0.166595 0.973811 -0.154719 5.930000 0.353500 -0.205467 -0.912590 8.909100 -0.920480 0.097339 -0.378472 1.758600 0.000000 0.000000 0.000000 1.000000
0.187931 0.970093 -0.153630 5.930000 0.352499 -0.212613 -0.911340 8.909100 -0.916748 0.117114 -0.381913 1.758600 0.000000 0.000000 0.000000 1.000000
0.208287 0.966113 -0.152456 5.930000 0.352305 -0.219521 -0.909776 8.909100 -0.912413 0.135783 -0.386089 1.758600 0.000000 0.000000 0.000000 1.000000
