<?xml version="1.0" encoding="utf-8"?>
<COLLADA xmlns="http://www.collada.org/2005/11/COLLADASchema" version="1.4.1">
  <asset><contributor><author>Mixamo</author><authoring_tool>COLLADA Mixamo exporter</authoring_tool><comments></comments></contributor><created>2018-01-16T20:55:49Z</created><modified>2018-01-16T20:55:49Z</modified><revision></revision><title></title><unit meter="0.010000"/><up_axis>Y_UP</up_axis></asset>
  <library_animations>
    <animation id="mixamorig_Hips-anim" name="mixamorig_Hips"><source id="mixamorig_Hips-Matrix-animation-input"><float_array id="mixamorig_Hips-Matrix-animation-input-array" count="28">

0.000000 0.033333 0.066667 0.100000 0.133333 0.166667 0.200000 0.233333 0.266667 0.300000 0.333333 0.366667 0.400000 0.433333 0.466667 0.500000
0.533333 0.566667 0.600000 0.633333 0.666667 0.700000 0.733333 0.766667 0.800000 0.833333 0.866667 0.900000</float_array><technique_common><accessor source="#mixamorig_Hips-Matrix-animation-input-array" count="28"><param name="TIME" type="float"/></accessor></technique_common></source><source id="mixamorig_Hips-Matrix-animation-output-transform"><float_array id="mixamorig_Hips-Matrix-animation-output-transform-array" count="448">

0.867450 0.015711 -0.497276 -1.744393 -0.087109 0.988858 -0.120712 91.469284 0.489839 0.148029 0.859154 2.817112 0.000000 0.000000 0.000000 1.000000
0.873066 0.017769 -0.487279 -1.902276 -0.089333 0.988250 -0.124023 91.542664 0.479349 0.151811 0.864394 2.709372 0.000000 0.000000 0.000000 1.000000
0.879920 0.016644 -0.474830 -1.967266 -0.088700 0.987571 -0.129754 91.032387 0.466769 0.156291 0.870460 2.486243 0.000000 0.000000 0.000000 1.000000
0.890443 0.011152 -0.454959 -1.893074 -0.083535 0.986719 -0.139309 89.494041 0.447363 0.162051 0.879548 2.043682 0.000000 0.000000 0.000000 1.000000
0.902478 0.005765 -0.430697 -1.804178 -0.077553 0.985745 -0.149309 87.709724 0.423696 0.168150 0.890060 1.536307 0.000000 0.000000 0.000000 1.000000
0.913479 -0.000816 -0.406885 -1.678046 -0.070226 0.984675 -0.159636 85.768242 0.400780 0.174398 0.899423 1.005953 0.000000 0.000000 0.000000 1.000000
0.921368 -0.010002 -0.388564 -1.492146 -0.061144 0.983493 -0.170301 83.758392 0.383853 0.180668 0.905547 0.494451 0.000000 0.000000 0.000000 1.000000
0.924343 -0.023331 -0.380849 -1.223946 -0.050007 0.982112 -0.181536 81.768997 0.378272 0.186847 0.906642 0.043636 0.000000 0.000000 0.000000 1.000000
0.910208 -0.056191 -0.410321 -0.615130 -0.029121 0.979617 -0.198751 79.587708 0.413126 0.192854 0.890019 -0.242094 0.000000 0.000000 0.000000 1.000000
0.877674 -0.099342 -0.468849 0.250760 -0.007139 0.975462 -0.220050 77.385414 0.479205 0.196480 0.855429 -0.359456 0.000000 0.000000 0.000000 1.000000
0.819963 -0.130893 -0.557250 1.269074 -0.003091 0.972478 -0.232975 75.794334 0.572408 0.192754 0.796991 -0.165742 0.000000 0.000000 0.000000 1.000000
0.743151 -0.151252 -0.651805 2.442080 -0.010510 0.971358 -0.237387 74.477158 0.669042 0.183265 0.720276 0.291961 0.000000 0.000000 0.000000 1.000000
0.655178 -0.157342 -0.738908 3.640932 -0.027595 0.972435 -0.231537 73.264008 0.754970 0.172088 0.632776 0.909681 0.000000 0.000000 0.000000 1.000000
0.575642 -0.143161 -0.805072 4.564522 -0.055253 0.975495 -0.212972 72.411591 0.815833 0.167078 0.553626 1.479620 0.000000 0.000000 0.000000 1.000000
0.500124 -0.124175 -0.857005 5.345245 -0.078910 0.979013 -0.187903 71.695595 0.862351 0.161601 0.479829 2.014881 0.000000 0.000000 0.000000 1.000000
0.454357 -0.098048 -0.885408 5.686892 -0.105264 0.981052 -0.162657 71.301041 0.884579 0.167106 0.435426 2.424531 0.000000 0.000000 0.000000 1.000000
0.420842 -0.099863 -0.901620 5.607725 -0.120880 0.978884 -0.164843 71.131989 0.899044 0.178361 0.399884 2.997996 0.000000 0.000000 0.000000 1.000000
0.390400 -0.110874 -0.913945 5.393414 -0.129009 0.976339 -0.173550 71.122223 0.911562 0.185661 0.366858 3.613361 0.000000 0.000000 0.000000 1.000000
0.364203 -0.135742 -0.921374 4.924197 -0.118593 0.974508 -0.190448 71.683296 0.923738 0.178631 0.338820 4.274409 0.000000 0.000000 0.000000 1.000000
0.360751 -0.138994 -0.922247 4.417153 -0.103783 0.976709 -0.187798 72.862663 0.926870 0.163462 0.337924 4.658118 0.000000 0.000000 0.000000 1.000000
0.389225 -0.123656 -0.912805 3.915848 -0.092925 0.980622 -0.172467 74.470566 0.916444 0.151951 0.370192 4.677916 0.000000 0.000000 0.000000 1.000000
0.439970 -0.111157 -0.891106 3.387128 -0.083282 0.982982 -0.163737 76.267548 0.894142 0.146252 0.423225 4.456020 0.000000 0.000000 0.000000 1.000000
0.497992 -0.108103 -0.860417 2.819637 -0.071950 0.983628 -0.165226 78.186546 0.864191 0.144188 0.482061 4.101137 0.000000 0.000000 0.000000 1.000000
0.552262 -0.106508 -0.826839 2.273504 -0.064896 0.983303 -0.170008 80.235870 0.831141 0.147548 0.536129 3.694585 0.000000 0.000000 0.000000 1.000000
0.601976 -0.100572 -0.792155 1.797972 -0.066665 0.982244 -0.175366 82.369987 0.795727 0.158375 0.584582 3.304351 0.000000 0.000000 0.000000 1.000000
0.650521 -0.089330 -0.754216 1.436243 -0.074446 0.980777 -0.180374 84.521973 0.755830 0.173486 0.631366 2.959631 0.000000 0.000000 0.000000 1.000000
0.699412 -0.071818 -0.711101 1.120444 -0.084795 0.979573 -0.182334 86.522781 0.709670 0.187825 0.679036 2.695083 0.000000 0.000000 0.000000 1.000000
0.745747 -0.050208 -0.664335 0.670995 -0.093956 0.979265 -0.179479 88.051353 0.659571 0.196264 0.725567 2.530606 0.000000 0.000000 0.000000 1.000000</float_array><technique_common><accessor source="#mixamorig_Hips-Matrix-animation-output-transform-array" count="28" stride="16"><param type="float4x4"/></accessor></technique_common></source><source id="mixamorig_Hips-Interpolations"><Name_array id="mixamorig_Hips-Interpolations-array" count="28">
 LINEAR LINEAR LINEAR LINEAR LINEAR LINEAR LINEAR LINEAR LINEAR LINEAR LINEAR
LINEAR LINEAR LINEAR LINEAR LINEAR LINEAR LINEAR LINEAR LINEAR LINEAR LINEAR LINEAR
LINEAR LINEAR LINEAR LINEAR LINEAR</Name_array><technique_common><accessor source="#mixamorig_Hips-Interpolations-array" count="28"><param type="name"/></accessor></technique_common></source><sampler id="mixamorig_Hips-Matrix-animation-transform"><input semantic="INPUT" source="#mixamorig_Hips-Matrix-animation-input"/><input semantic="OUTPUT" source="#mixamorig_Hips-Matrix-animation-output-transform"/><input semantic="INTERPOLATION" source="#mixamorig_Hips-Interpolations"/></sampler><channel source="#mixamorig_Hips-Matrix-animation-transform" target="mixamorig_Hips/matrix"/><source id="mixamorig_Spine-Matrix-animation-input"><float_array id="mixamorig_Spine-Matrix-animation-input-array" count="28">

0.000000 0.033333 0.066667 0.100000 0.133333 0.166667 0.200000 0.233333 0.266667 0.300000 0.333333 0.366667 0.400000 0.433333 0.466667 0.500000
0.533333 0.566667 0.600000 0.633333 0.666667 0.700000 0.733333 0.766667 0.800000 0.833333 0.866667 0.900000</float_array><technique_common><accessor source="#mixamorig_Spine-Matrix-animation-input-array" count="28"><param name="TIME" type="float"/></accessor></technique_common></source><source id="mixamorig_Spine-Matrix-animation-output-transform"><float_array id="mixamorig_Spine-Matrix-animation-output-transform-array" count="448">

0.996431 -0.073062 0.042268 -0.000100 0.069815 0.994829 0.073769 10.113200 -0.047439 -0.070555 0.996379 0.131100 0.000000 0.000000 0.000000 1.000000
0.996469 -0.071924 0.043308 -0.000100 0.068517 0.994782 0.075588 10.113200 -0.048518 -0.072353 0.996198 0.131100 0.000000 0.000000 0.000000 1.000000
0.996346 -0.071364 0.046926 -0.000100 0.067657 0.994784 0.076338 10.113200 -0.052129 -0.072884 0.995977 0.131100 0.000000 0.000000 0.000000 1.000000
0.995883 -0.071976 0.055108 -0.000100 0.067738 0.994861 0.075247 10.113200 -0.060241 -0.071205 0.995641 0.131100 0.000000 0.000000 0.000000 1.000000
0.995253 -0.072966 0.064402 -0.000100 0.068171 0.994944 0.073755 10.113200 -0.069458 -0.069015 0.995195 0.131100 0.000000 0.000000 0.000000 1.000000
0.994484 -0.073967 0.074372 -0.000100 0.068625 0.995042 0.071981 10.113200 -0.079328 -0.066480 0.994629 0.131100 0.000000 0.000000 0.000000 1.000000
0.993619 -0.074617 0.084580 -0.000100 0.068772 0.995171 0.070030 10.113200 -0.089397 -0.063766 0.993953 0.131100 0.000000 0.000000 0.000000 1.000000
0.992720 -0.074566 0.094584 -0.000100 0.068285 0.995346 0.067993 10.113200 -0.099213 -0.061039 0.993192 0.131100 0.000000 0.000000 0.000000 1.000000
0.991802 -0.071873 0.105655 -0.000100 0.065211 0.995738 0.065220 10.113200 -0.109892 -0.057795 0.992262 0.131100 0.000000 0.000000 0.000000 1.000000
0.990998 -0.068175 0.115215 -0.000100 0.061361 0.996207 0.061692 10.113200 -0.118984 -0.054067 0.991423 0.131100 0.000000 0.000000 0.000000 1.000000
0.991103 -0.067200 0.114884 -0.000100 0.060891 0.996483 0.057571 10.113200 -0.118349 -0.050064 0.991709 0.131100 0.000000 0.000000 0.000000 1.000000
0.992157 -0.066729 0.105697 -0.000100 0.061422 0.996720 0.052690 10.113200 -0.108866 -0.045785 0.993001 0.131100 0.000000 0.000000 0.000000 1.000000
0.993841 -0.065466 0.089411 -0.000100 0.061357 0.996963 0.047954 10.113200 -0.092279 -0.042173 0.994840 0.131100 0.000000 0.000000 0.000000 1.000000
0.995411 -0.068323 0.066999 -0.000100 0.065398 0.996847 0.044925 10.113200 -0.069857 -0.040338 0.996741 0.131100 0.000000 0.000000 0.000000 1.000000
0.996437 -0.072603 0.042929 -0.000100 0.070819 0.996617 0.041707 10.113200 -0.045812 -0.038518 0.998207 0.131100 0.000000 0.000000 0.000000 1.000000
0.996671 -0.079778 0.016779 -0.000100 0.079128 0.996201 0.036352 10.113200 -0.019616 -0.034904 0.999198 0.131100 0.000000 0.000000 0.000000 1.000000
0.996775 -0.080224 -0.001760 -0.000100 0.080234 0.996087 0.037051 10.113200 -0.001219 -0.037073 0.999312 0.131100 0.000000 0.000000 0.000000 1.000000
0.996691 -0.079726 -0.015839 -0.000100 0.080309 0.995950 0.040422 10.113200 0.012552 -0.041560 0.999057 0.131100 0.000000 0.000000 0.000000 1.000000
0.996531 -0.081823 -0.015224 -0.000100 0.082496 0.995300 0.050723 10.113200 0.011002 -0.051803 0.998597 0.131100 0.000000 0.000000 0.000000 1.000000
0.995643 -0.093206 -0.002854 -0.000100 0.093211 0.993875 0.059364 10.113200 -0.002696 -0.059372 0.998232 0.131100 0.000000 0.000000 0.000000 1.000000
0.993996 -0.108385 0.014979 -0.000100 0.107156 0.991981 0.067018 10.113200 -0.022123 -0.065011 0.997639 0.131100 0.000000 0.000000 0.000000 1.000000
0.992579 -0.117520 0.031245 -0.000100 0.114833 0.990386 0.077128 10.113200 -0.040009 -0.072968 0.996531 0.131100 0.000000 0.000000 0.000000 1.000000
0.992163 -0.117212 0.043290 -0.000100 0.113160 0.989806 0.086485 10.113200 -0.052985 -0.080908 0.995312 0.131100 0.000000 0.000000 0.000000 1.000000
0.992570 -0.110793 0.050304 -0.000100 0.105870 0.990135 0.091787 10.113200 -0.059977 -0.085779 0.994507 0.131100 0.000000 0.000000 0.000000 1.000000
0.993516 -0.101400 0.051426 -0.000100 0.096357 0.991035 0.092548 10.113200 -0.060349 -0.086993 0.994379 0.131100 0.000000 0.000000 0.000000 1.000000
0.994587 -0.091968 0.048365 -0.000100 0.087293 0.991998 0.091211 10.113200 -0.056366 -0.086496 0.994656 0.131100 0.000000 0.000000 0.000000 1.000000
0.995260 -0.086102 0.045205 -0.000100 0.081810 0.992624 0.089466 10.113200 -0.052575 -0.085344 0.994963 0.131100 0.000000 0.000000 0.000000 1.000000
0.995515 -0.084347 0.042839 -0.000100 0.080371 0.992933 0.087316 10.113200 -0.049901 -0.083482 0.995259 0.131100 0.000000 0.000000 0.000000 1.000000</float_array><technique_common><accessor source="#mixamorig_Spine-Matrix-animation-output-transform-array" count="28" stride="16"><param type="float4x4"/></accessor></technique_common></source><source id="mixamorig_Spine-Interpolations"><Name_array id="mixamorig_Spine-Interpolations-array" count="28">
 LINEAR LINEAR LINEAR LINEAR LINEAR LINEAR LINEAR LINEAR LINEAR LINEAR LINEAR
LINEAR LINEAR LINEAR LINEAR LINEAR LINEAR LINEAR LINEAR LINEAR LINEAR LINEAR LINEAR
LINEAR LINEAR LINEAR LINEAR LINEAR</Name_array><technique_common><accessor source="#mixamorig_Spine-Interpolations-array" count="28"><param type="name"/></accessor></technique_common></source><sampler id="mixamorig_Spine-Matrix-animation-transform"><input semantic="INPUT" source="#mixamorig_Spine-Matrix-animation-input"/><input semantic="OUTPUT" source="#mixamorig_Spine-Matrix-animation-output-transform"/><input semantic="INTERPOLATION" source="#mixamorig_Spine-Interpolations"/></sampler><channel source="#mixamorig_Spine-Matrix-animation-transform" target="mixamorig_Spine/matrix"/><source id="mixamorig_Spine1-Matrix-animation-input"><float_array id="mixamorig_Spine1-Matrix-animation-input-array" count="28">

0.000000 0.033333 0.066667 0.100000 0.133333 0.166667 0.200000 0.233333 0.266667 0.300000 0.333333 0.366667 0.400000 0.433333 0.466667 0.500000
0.533333 0.566667 0.600000 0.633333 0.666667 0.700000 0.733333 0.766667 0.800000 0.833333 0.866667 0.900000</float_array><technique_common><accessor source="#mixamorig_Spine1-Matrix-animation-input-array" count="28"><param name="TIME" type="float"/></accessor></technique_common></source><source id="mixamorig_Spine1-Matrix-animation-output-transform"><float_array id="mixamorig_Spine1-Matrix-animation-output-transform-array" count="448">

0.994858 -0.044862 0.090801 0.000000 0.046951 0.998676 -0.021006 10.065200 -0.089739 0.025161 0.995647 -0.000000 0.000000 0.000000 0.000000 1.000000
0.994696 -0.042485 0.093673 0.000000 0.044351 0.998855 -0.017925 10.065200 -0.092804 0.021985 0.995442 0.000000 0.000000 0.000000 0.000000 1.000000
0.994064 -0.039665 0.101309 0.000000 0.041619 0.998985 -0.017246 10.065200 -0.100522 0.021360 0.994706 0.000000 0.000000 0.000000 0.000000 1.000000
0.992455 -0.035925 0.117227 -0.000000 0.038635 0.999034 -0.020925 10.065200 -0.116362 0.025296 0.992885 -0.000000 0.000000 0.000000 0.000000 1.000000
0.990333 -0.031779 0.135021 -0.000000 0.035575 0.999034 -0.025796 10.065200 -0.134071 0.030350 0.990507 0.000000 0.000000 0.000000 0.000000 1.000000
0.987691 -0.027282 0.154021 0.000000 0.032484 0.998980 -0.031363 10.065200 -0.153008 0.035981 0.987570 -0.000000 0.000000 0.000000 0.000000 1.000000
0.984564 -0.022536 0.173569 0.000000 0.029409 0.998878 -0.037124 10.065200 -0.172538 0.041656 0.984122 0.000000 0.000000 0.000000 0.000000 1.000000
0.981034 -0.017701 0.193024 -0.000000 0.026396 0.998745 -0.042566 10.065200 -0.192028 0.046853 0.980270 -0.000000 0.000000 0.000000 0.000000 1.000000
0.976400 -0.012204 0.215625 0.000000 0.022901 0.998624 -0.047181 10.065200 -0.214753 0.051006 0.975336 0.000000 0.000000 0.000000 0.000000 1.000000
0.971567 -0.007956 0.236631 -0.000000 0.020849 0.998428 -0.052034 10.065200 -0.235845 0.055488 0.970205 -0.000000 0.000000 0.000000 0.000000 1.000000
0.970330 -0.011133 0.241529 -0.000000 0.026110 0.997922 -0.058899 10.065200 -0.240371 0.063458 0.968605 0.000000 0.000000 0.000000 0.000000 1.000000
0.972847 -0.016597 0.230854 0.000000 0.032996 0.997183 -0.067359 10.065200 -0.229086 0.073147 0.970654 0.000000 0.000000 0.000000 0.000000 1.000000
0.978294 -0.021810 0.206072 0.000000 0.037858 0.996520 -0.074256 10.065200 -0.203736 0.080445 0.975715 0.000000 0.000000 0.000000 0.000000 1.000000
0.985403 -0.033521 0.166907 0.000000 0.047247 0.995757 -0.078961 10.065200 -0.163552 0.085694 0.982806 -0.000000 0.000000 0.000000 0.000000 1.000000
0.991292 -0.047827 0.122694 0.000000 0.058405 0.994742 -0.084123 10.065200 -0.118025 0.090557 0.988873 0.000000 0.000000 0.000000 0.000000 1.000000
0.995367 -0.067650 0.068326 -0.000000 0.073778 0.993065 -0.091541 10.065200 -0.061659 0.096158 0.993454 0.000000 0.000000 0.000000 0.000000 1.000000
0.996415 -0.081729 0.021860 0.000000 0.083320 0.992805 -0.086003 10.065200 -0.014673 0.087516 0.996055 0.000000 0.000000 0.000000 0.000000 1.000000
0.995573 -0.092640 -0.015850 -0.000000 0.091168 0.992877 -0.076705 10.065200 0.022843 0.074921 0.996928 0.000000 0.000000 0.000000 0.000000 1.000000
0.995032 -0.098155 -0.016656 0.000000 0.097003 0.993489 -0.059742 10.065200 0.022411 0.057830 0.998075 -0.000000 0.000000 0.000000 0.000000 1.000000
0.994406 -0.104290 0.016758 0.000000 0.105013 0.993191 -0.050442 10.065200 -0.011383 0.051920 0.998586 0.000000 0.000000 0.000000 0.000000 1.000000
0.991700 -0.110967 0.064944 0.000000 0.114029 0.992435 -0.045493 10.065200 -0.059404 0.052521 0.996851 0.000000 0.000000 0.000000 0.000000 1.000000
0.987989 -0.112819 0.105594 0.000000 0.117189 0.992453 -0.036116 10.065200 -0.100723 0.048057 0.993753 -0.000000 0.000000 0.000000 0.000000 1.000000
0.985600 -0.107513 0.130517 0.000000 0.111483 0.993489 -0.023488 10.065200 -0.127142 0.037700 0.991168 -0.000000 0.000000 0.000000 0.000000 1.000000
0.985362 -0.098278 0.139297 0.000000 0.100988 0.994809 -0.012508 10.065200 -0.137345 0.026392 0.990172 0.000000 0.000000 0.000000 0.000000 1.000000
0.987327 -0.088253 0.131898 0.000000 0.089749 0.995950 -0.005424 10.065200 -0.130885 0.017193 0.991248 0.000000 0.000000 0.000000 0.000000 1.000000
0.990247 -0.079044 0.114733 -0.000000 0.079894 0.996799 -0.002818 10.065200 -0.114143 0.011957 0.993392 -0.000000 0.000000 0.000000 0.000000 1.000000
0.992263 -0.073105 0.100351 0.000000 0.073738 0.997274 -0.002610 10.065200 -0.099887 0.009989 0.994949 -0.000000 0.000000 0.000000 0.000000 1.000000
0.993432 -0.068902 0.091357 0.000000 0.069573 0.997568 -0.004185 10.065200 -0.090847 0.010513 0.995809 -0.000000 0.000000 0.000000 0.000000 1.000000</float_array><technique_common><accessor source="#mixamorig_Spine1-Matrix-animation-output-transform-array" count="28" stride="16"><param type="float4x4"/></accessor></technique_common></source><source id="mixamorig_Spine1-Interpolations"><Name_array id="mixamorig_Spine1-Interpolations-array" count="28">
 LINEAR LINEAR LINEAR LINEAR LINEAR LINEAR LINEAR LINEAR LINEAR LINEAR LINEAR
LINEAR LINEAR LINEAR LINEAR LINEAR LINEAR LINEAR LINEAR LINEAR LINEAR LINEAR LINEAR
LINEAR LINEAR LINEAR LINEAR LINEAR</Name_array><technique_common><accessor source="#mixamorig_Spine1-Interpolations-array" count="28"><param type="name"/></accessor></technique_common></source><sampler id="mixamorig_Spine1-Matrix-animation-transform"><input semantic="INPUT" source="#mixamorig_Spine1-Matrix-animation-input"/><input semantic="OUTPUT" source="#mixamorig_Spine1-Matrix-animation-output-transform"/><input semantic="INTERPOLATION" source="#mixamorig_Spine1-Interpolations"/></sampler><channel source="#mixamorig_Spine1-Matrix-animation-transform" target="mixamorig_Spine1/matrix"/><source id="mixamorig_Spine2-Matrix-animation-input"><float_array id="mixamorig_Spine2-Matrix-animation-input-array" count="28">

0.000000 0.033333 0.066667 0.100000 0.133333 0.166667 0.200000 0.233333 0.266667 0.300000 0.333333 0.366667 0.400000 0.433333 0.466667 0.500000
0.533333 0.566667 0.600000 0.633333 0.666667 0.700000 0.733333 0.766667 0.800000 0.833333 0.866667 0.900000</float_array><technique_common><accessor source="#mixamorig_Spine2-Matrix-animation-input-array" count="28"><param name="TIME" type="float"/></accessor></technique_common></source><source id="mixamorig_Spine2-Matrix-animation-output-transform"><float_array id="mixamorig_Spine2-Matrix-animation-output-transform-array" count="448">

0.994884 -0.039984 0.092773 0.000000 0.046765 0.996299 -0.072114 9.142000 -0.089547 0.076084 0.993072 -0.000000 0.000000 0.000000 0.000000 1.000000
0.994710 -0.037657 0.095572 0.000000 0.044349 0.996638 -0.068893 9.142000 -0.092656 0.072767 0.993036 -0.000000 0.000000 0.000000 0.000000 1.000000
0.994074 -0.034281 0.103163 0.000000 0.041423 0.996832 -0.067904 9.142000 -0.100508 0.071775 0.992344 -0.000000 0.000000 0.000000 0.000000 1.000000
0.992463 -0.028911 0.119089 -0.000000 0.037557 0.996769 -0.071005 9.142000 -0.116651 0.074943 0.990341 0.000000 0.000000 0.000000 0.000000 1.000000
0.990321 -0.022887 0.136899 0.000000 0.033438 0.996602 -0.075282 9.142000 -0.134711 0.079131 0.987720 0.000000 0.000000 0.000000 0.000000 1.000000
0.987637 -0.016395 0.155901 0.000000 0.029211 0.996344 -0.080278 9.142000 -0.154015 0.083840 0.984505 0.000000 0.000000 0.000000 0.000000 1.000000
0.984446 -0.009667 0.175421 0.000000 0.025020 0.996022 -0.085520 9.142000 -0.173896 0.088578 0.980772 0.000000 0.000000 0.000000 0.000000 1.000000
0.980837 -0.002984 0.194806 0.000000 0.021005 0.995674 -0.090510 9.142000 -0.193693 0.092868 0.976657 0.000000 0.000000 0.000000 0.000000 1.000000
0.976118 0.004224 0.217201 0.000000 0.016748 0.995372 -0.094623 9.142000 -0.216595 0.096001 0.971530 0.000000 0.000000 0.000000 0.000000 1.000000
0.971220 0.009927 0.237979 0.000000 0.014138 0.994967 -0.099201 9.142000 -0.237766 0.099711 0.966191 0.000000 0.000000 0.000000 0.000000 1.000000
0.970022 0.007412 0.242903 0.000000 0.019152 0.994094 -0.106817 9.142000 -0.242260 0.108267 0.964152 0.000000 0.000000 0.000000 0.000000 1.000000
0.972621 0.001786 0.232392 -0.000000 0.025955 0.992880 -0.116258 9.142000 -0.230945 0.119107 0.965649 0.000000 0.000000 0.000000 0.000000 1.000000
0.978128 -0.004949 0.207947 0.000000 0.031317 0.991825 -0.123705 9.142000 -0.205635 0.127511 0.970286 0.000000 0.000000 0.000000 0.000000 1.000000
0.985391 -0.018456 0.169303 -0.000000 0.040766 0.990772 -0.129261 9.142000 -0.165355 0.134275 0.977051 -0.000000 0.000000 0.000000 0.000000 1.000000
0.991460 -0.034783 0.125686 0.000000 0.051870 0.989440 -0.135346 9.142000 -0.119651 0.140710 0.982794 0.000000 0.000000 0.000000 0.000000 1.000000
0.995778 -0.057023 0.071938 0.000000 0.066908 0.987390 -0.143475 9.142000 -0.062850 0.147682 0.987036 0.000000 0.000000 0.000000 0.000000 1.000000
0.996837 -0.075216 0.025644 0.000000 0.078046 0.987388 -0.137744 9.142000 -0.014960 0.139310 0.990136 -0.000000 0.000000 0.000000 0.000000 1.000000
0.995863 -0.090071 -0.012014 -0.000000 0.087798 0.987843 -0.128286 9.142000 0.023423 0.126700 0.991664 0.000000 0.000000 0.000000 0.000000 1.000000
0.995195 -0.097107 -0.012543 0.000000 0.095127 0.989248 -0.111085 9.142000 0.023196 0.109358 0.993732 0.000000 0.000000 0.000000 0.000000 1.000000
0.994665 -0.100901 0.021482 0.000000 0.102582 0.989441 -0.102388 9.142000 -0.010924 0.104045 0.994513 0.000000 0.000000 0.000000 0.000000 1.000000
0.992129 -0.103682 0.070218 0.000000 0.110353 0.988956 -0.098937 9.142000 -0.059184 0.105907 0.992613 0.000000 0.000000 0.000000 0.000000 1.000000
0.988483 -0.102861 0.111003 0.000000 0.113165 0.989410 -0.090889 9.142000 -0.100479 0.102404 0.989655 0.000000 0.000000 0.000000 0.000000 1.000000
0.986013 -0.096938 0.135580 0.000000 0.108229 0.991019 -0.078535 9.142000 -0.126749 0.092111 0.987649 -0.000000 0.000000 0.000000 0.000000 1.000000
0.985640 -0.088673 0.143707 0.000000 0.099084 0.992823 -0.066975 9.142000 -0.136736 0.080253 0.987351 0.000000 0.000000 0.000000 0.000000 1.000000
0.987491 -0.080654 0.135489 -0.000000 0.089328 0.994241 -0.059201 9.142000 -0.129934 0.070563 0.989009 -0.000000 0.000000 0.000000 0.000000 1.000000
0.990339 -0.073626 0.117505 -0.000000 0.080645 0.995161 -0.056140 9.142000 -0.112803 0.065074 0.991484 -0.000000 0.000000 0.000000 0.000000 1.000000
0.992320 -0.069135 0.102574 -0.000000 0.075118 0.995620 -0.055655 9.142000 -0.098277 0.062933 0.993167 0.000000 0.000000 0.000000 0.000000 1.000000
0.993490 -0.065182 0.093429 0.000000 0.070708 0.995861 -0.057112 9.142000 -0.089320 0.063346 0.993987 0.000000 0.000000 0.000000 0.000000 1.000000</float_array><technique_common><accessor source="#mixamorig_Spine2-Matrix-animation-output-transform-array" count="28" stride="16"><param type="float4x4"/></accessor></technique_common></source><source id="mixamorig_Spine2-Interpolations"><Name_array id="mixamorig_Spine2-Interpolations-array" count="28">
 LINEAR LINEAR LINEAR LINEAR LINEAR LINEAR LINEAR LINEAR LINEAR LINEAR LINEAR
LINEAR LINEAR LINEAR LINEAR LINEAR LINEAR LINEAR LINEAR LINEAR LINEAR LINEAR LINEAR
LINEAR LINEAR LINEAR LINEAR LINEAR</Name_array><technique_common><accessor source="#mixamorig_Spine2-Interpolations-array" count="28"><param type="name"/></accessor></technique_common></source><sampler id="mixamorig_Spine2-Matrix-animation-transform"><input semantic="INPUT" source="#mixamorig_Spine2-Matrix-animation-input"/><input semantic="OUTPUT" source="#mixamorig_Spine2-Matrix-animation-output-transform"/><input semantic="INTERPOLATION" source="#mixamorig_Spine2-Interpolations"/></sampler><channel source="#mixamorig_Spine2-Matrix-animation-transform" target="mixamorig_Spine2/matrix"/><source id="mixamorig_Neck-Matrix-animation-input"><float_array id="mixamorig_Neck-Matrix-animation-input-array" count="28">

0.000000 0.033333 0.066667 0.100000 0.133333 0.166667 0.200000 0.233333 0.266667 0.300000 0.333333 0.366667 0.400000 0.433333 0.466667 0.500000
0.533333 0.566667 0.600000 0.633333 0.666667 0.700000 0.733333 0.766667 0.800000 0.833333 0.866667 0.900000</float_array><technique_common><accessor source="#mixamorig_Neck-Matrix-animation-input-array" count="28"><param name="TIME" type="float"/></accessor></technique_common></source><source id="mixamorig_Neck-Matrix-animation-output-transform"><float_array id="mixamorig_Neck-Matrix-animation-output-transform-array" count="448">

0.998696 0.015246 0.048721 0.000100 -0.001645 0.963481 -0.267772 16.748501 -0.051024 0.267343 0.962250 0.000100 0.000000 0.000000 0.000000 1.000000
0.998630 0.021176 0.047841 0.000100 -0.007511 0.962984 -0.269453 16.748501 -0.051776 0.268725 0.961824 0.000100 0.000000 0.000000 0.000000 1.000000
0.998718 0.025003 0.044021 0.000100 -0.012200 0.962769 -0.270048 16.748501 -0.049134 0.269165 0.961840 0.000100 0.000000 0.000000 0.000000 1.000000
0.999099 0.024779 0.034461 0.000100 -0.014612 0.963067 -0.268864 16.748501 -0.039851 0.268118 0.962562 0.000100 0.000000 0.000000 0.000000 1.000000
0.999461 0.023337 0.023076 0.000100 -0.016324 0.963461 -0.267350 16.748501 -0.028472 0.266829 0.963323 0.000100 0.000000 0.000000 0.000000 1.000000
0.999705 0.021558 0.011185 0.000100 -0.017817 0.963957 -0.265460 16.748501 -0.016505 0.265183 0.964057 0.000100 0.000000 0.000000 0.000000 1.000000
0.999794 0.020319 0.000113 0.000100 -0.019573 0.964563 -0.263126 16.748501 -0.005456 0.263070 0.964761 0.000100 0.000000 0.000000 0.000000 1.000000
0.999751 0.020490 -0.008805 0.000100 -0.022076 0.965286 -0.260259 16.748501 0.003166 0.260389 0.965499 0.000100 0.000000 0.000000 0.000000 1.000000
0.999643 0.024193 -0.011354 0.000100 -0.026291 0.966461 -0.255465 16.748501 0.004793 0.255672 0.966752 0.000100 0.000000 0.000000 0.000000 1.000000
0.999439 0.032634 -0.007532 0.000100 -0.033482 0.968125 -0.248220 16.748501 -0.000809 0.248333 0.968674 0.000100 0.000000 0.000000 0.000000 1.000000
0.998608 0.052240 0.007350 0.000100 -0.049027 0.970438 -0.236318 16.748501 -0.019478 0.235628 0.971648 0.000100 0.000000 0.000000 0.000000 1.000000
0.997425 0.066613 0.026563 0.000100 -0.058924 0.972367 -0.225901 16.748501 -0.040877 0.223754 0.973788 0.000100 0.000000 0.000000 0.000000 1.000000
0.997105 0.061404 0.044854 0.000100 -0.049671 0.972571 -0.227240 16.748501 -0.057577 0.224354 0.972805 0.000100 0.000000 0.000000 0.000000 1.000000
0.997366 0.047144 0.055114 0.000100 -0.032177 0.968660 -0.246296 16.748501 -0.064998 0.243874 0.967626 0.000100 0.000000 0.000000 0.000000 1.000000
0.997346 0.034173 0.064292 0.000100 -0.015797 0.963544 -0.267083 16.748501 -0.071075 0.265358 0.961526 0.000100 0.000000 0.000000 0.000000 1.000000
0.996730 0.035005 0.072830 0.000100 -0.013216 0.959781 -0.280438 16.748501 -0.079717 0.278558 0.957105 0.000100 0.000000 0.000000 0.000000 1.000000
0.995386 0.047211 0.083530 0.000100 -0.021062 0.956849 -0.289823 16.748501 -0.093608 0.286726 0.953428 0.000100 0.000000 0.000000 0.000000 1.000000
0.993706 0.061609 0.093559 0.000100 -0.031039 0.953910 -0.298483 16.748501 -0.107636 0.293701 0.949818 0.000100 0.000000 0.000000 0.000000 1.000000
0.992248 0.075102 0.099017 0.000100 -0.041390 0.950966 -0.306514 16.748501 -0.117181 0.300039 0.946702 0.000100 0.000000 0.000000 0.000000 1.000000
0.992380 0.074918 0.097826 0.000100 -0.041599 0.951018 -0.306323 16.748501 -0.115983 0.299919 0.946888 0.000100 0.000000 0.000000 0.000000 1.000000
0.993736 0.064409 0.091322 0.000100 -0.034212 0.953300 -0.300081 16.748501 -0.106385 0.295077 0.949532 0.000100 0.000000 0.000000 0.000000 1.000000
0.995182 0.051466 0.083455 0.000100 -0.024853 0.955775 -0.293048 16.748501 -0.094846 0.289562 0.952449 0.000100 0.000000 0.000000 0.000000 1.000000
0.996296 0.039068 0.076601 0.000100 -0.015481 0.957769 -0.287120 16.748501 -0.084583 0.284871 0.954827 0.000100 0.000000 0.000000 0.000000 1.000000
0.996949 0.031170 0.071562 0.000100 -0.009339 0.957853 -0.287109 16.748501 -0.077495 0.285564 0.955221 0.000100 0.000000 0.000000 0.000000 1.000000
0.997354 0.029000 0.066660 0.000100 -0.008044 0.955376 -0.295282 16.748501 -0.072249 0.293964 0.953082 0.000100 0.000000 0.000000 0.000000 1.000000
0.997714 0.029176 0.060951 0.000100 -0.009134 0.951938 -0.306155 16.748501 -0.066954 0.304899 0.950028 0.000100 0.000000 0.000000 0.000000 1.000000
0.998090 0.027891 0.055120 0.000100 -0.009196 0.949413 -0.313897 16.748501 -0.061087 0.312791 0.947856 0.000100 0.000000 0.000000 0.000000 1.000000
0.998445 0.024132 0.050250 0.000100 -0.006986 0.948504 -0.316687 16.748501 -0.055305 0.315843 0.947198 0.000100 0.000000 0.000000 0.000000 1.000000</float_array><technique_common><accessor source="#mixamorig_Neck-Matrix-animation-output-transform-array" count="28" stride="16"><param type="float4x4"/></accessor></technique_common></source><source id="mixamorig_Neck-Interpolations"><Name_array id="mixamorig_Neck-Interpolations-array" count="28">
 LINEAR LINEAR LINEAR LINEAR LINEAR LINEAR LINEAR LINEAR LINEAR LINEAR LINEAR
LINEAR LINEAR LINEAR LINEAR LINEAR LINEAR LINEAR LINEAR LINEAR LINEAR LINEAR LINEAR
LINEAR LINEAR LINEAR LINEAR LINEAR</Name_array><technique_common><accessor source="#mixamorig_Neck-Interpolations-array" count="28"><param type="name"/></accessor></technique_common></source><sampler id="mixamorig_Neck-Matrix-animation-transform"><input semantic="INPUT" source="#mixamorig_Neck-Matrix-animation-input"/><input semantic="OUTPUT" source="#mixamorig_Neck-Matrix-animation-output-transform"/><input semantic="INTERPOLATION" source="#mixamorig_Neck-Interpolations"/></sampler><channel source="#mixamorig_Neck-Matrix-animation-transform" target="mixamorig_Neck/matrix"/><source id="mixamorig_Head-Matrix-animation-input"><float_array id="mixamorig_Head-Matrix-animation-input-array" count="28">

0.000000 0.033333 0.066667 0.100000 0.133333 0.166667 0.200000 0.233333 0.266667 0.300000 0.333333 0.366667 0.400000 0.433333 0.466667 0.500000
0.533333 0.566667 0.600000 0.633333 0.666667 0.700000 0.733333 0.766667 0.800000 0.833333 0.866667 0.900000</float_array><technique_common><accessor source="#mixamorig_Head-Matrix-animation-input-array" count="28"><param name="TIME" type="float"/></accessor></technique_common></source><source id="mixamorig_Head-Matrix-animation-output-transform"><float_array id="mixamorig_Head-Matrix-animation-output-transform-array" count="448">

0.919858 0.179080 0.348986 0.000000 -0.236662 0.962898 0.129687 9.553300 -0.312813 -0.201886 0.928111 1.679400 0.000000 0.000000 0.000000 1.000000
0.923497 0.173254 0.342253 -0.000000 -0.225985 0.966657 0.120436 9.553300 -0.309975 -0.188566 0.931857 1.679400 0.000000 0.000000 0.000000 1.000000
0.929198 0.170743 0.327777 0.000000 -0.219470 0.968498 0.117662 9.553300 -0.297362 -0.181268 0.937399 1.679400 0.000000 0.000000 0.000000 1.000000
0.938756 0.174225 0.297293 0.000000 -0.219623 0.967335 0.126604 9.553300 -0.265525 -0.184142 0.946355 1.679400 0.000000 0.000000 0.000000 1.000000
0.948489 0.179292 0.261197 0.000000 -0.220630 0.965481 0.138448 9.553300 -0.227358 -0.188944 0.955305 1.679400 0.000000 0.000000 0.000000 1.000000
0.956779 0.185918 0.223625 0.000000 -0.222678 0.962947 0.152147 9.553300 -0.187052 -0.195367 0.962727 1.679400 0.000000 0.000000 0.000000 1.000000
0.962644 0.193982 0.188913 -0.000000 -0.226111 0.959730 0.166711 9.553300 -0.148966 -0.203199 0.967739 1.679400 0.000000 0.000000 0.000000 1.000000
0.965726 0.203196 0.161506 0.000000 -0.231412 0.955840 0.181156 9.553300 -0.117564 -0.212321 0.970102 1.679400 0.000000 0.000000 0.000000 1.000000
0.963546 0.216342 0.157404 0.000000 -0.245419 0.948978 0.198014 9.553300 -0.106534 -0.229425 0.967478 1.679400 0.000000 0.000000 0.000000 1.000000
0.956594 0.233006 0.175029 -0.000000 -0.268016 0.939248 0.214431 9.553300 -0.114432 -0.252035 0.960929 1.679400 0.000000 0.000000 0.000000 1.000000
0.941302 0.253281 0.223157 -0.000000 -0.301766 0.927650 0.220009 9.553300 -0.151287 -0.274436 0.949630 1.679400 0.000000 0.000000 0.000000 1.000000
0.917467 0.275401 0.287070 -0.000000 -0.343526 0.912380 0.222604 9.553300 -0.200611 -0.302848 0.931686 1.679400 0.000000 0.000000 0.000000 1.000000
0.884334 0.298878 0.358644 0.000000 -0.392531 0.891884 0.224637 9.553300 -0.252729 -0.339433 0.906042 1.679400 0.000000 0.000000 0.000000 1.000000
0.850517 0.329929 0.409594 -0.000000 -0.444507 0.867190 0.224488 9.553300 -0.281130 -0.372998 0.884216 1.679400 0.000000 0.000000 0.000000 1.000000
0.815816 0.358660 0.453659 0.000000 -0.492194 0.842471 0.219062 9.553300 -0.303626 -0.402003 0.863832 1.679400 0.000000 0.000000 0.000000 1.000000
0.788734 0.380834 0.482560 0.000000 -0.524534 0.826281 0.205241 9.553300 -0.320568 -0.415000 0.851476 1.679400 0.000000 0.000000 0.000000 1.000000
0.761544 0.391977 0.516144 0.000000 -0.546740 0.816189 0.186844 9.553300 -0.348033 -0.424487 0.835873 1.679400 0.000000 0.000000 0.000000 1.000000
0.735549 0.398924 0.547565 0.000000 -0.563250 0.809221 0.167067 9.553300 -0.376454 -0.431302 0.819915 1.679400 0.000000 0.000000 0.000000 1.000000
0.719486 0.398480 0.568818 -0.000000 -0.567502 0.809451 0.150769 9.553300 -0.400352 -0.431281 0.808527 1.679400 0.000000 0.000000 0.000000 1.000000
0.724403 0.391005 0.567763 0.000000 -0.554312 0.820017 0.142515 9.553300 -0.409851 -0.417956 0.810762 1.679400 0.000000 0.000000 0.000000 1.000000
0.745143 0.379141 0.548647 0.000000 -0.527386 0.838541 0.136795 9.553300 -0.408199 -0.391281 0.824787 1.679400 0.000000 0.000000 0.000000 1.000000
0.769914 0.363569 0.524452 -0.000000 -0.492618 0.861035 0.126279 9.553300 -0.405660 -0.355578 0.842024 1.679400 0.000000 0.000000 0.000000 1.000000
0.792792 0.344647 0.502692 0.000000 -0.456238 0.882459 0.114514 9.553300 -0.404138 -0.320133 0.856847 1.679400 0.000000 0.000000 0.000000 1.000000
0.813104 0.322333 0.484730 -0.000000 -0.422963 0.899260 0.111508 9.553300 -0.399956 -0.295690 0.867527 1.679400 0.000000 0.000000 0.000000 1.000000
0.834338 0.296669 0.464616 0.000000 -0.393464 0.910803 0.124994 9.553300 -0.386092 -0.287097 0.876646 1.679400 0.000000 0.000000 0.000000 1.000000
0.856925 0.270446 0.438791 -0.000000 -0.365602 0.918998 0.147575 9.553300 -0.363337 -0.286883 0.886388 1.679400 0.000000 0.000000 0.000000 1.000000
0.877597 0.248986 0.409669 0.000000 -0.340538 0.925253 0.167158 9.553300 -0.337427 -0.286205 0.896788 1.679400 0.000000 0.000000 0.000000 1.000000
0.892563 0.236858 0.383704 0.000000 -0.323511 0.929141 0.178990 9.553300 -0.314120 -0.283893 0.905943 1.679400 0.000000 0.000000 0.000000 1.000000</float_array><technique_common><accessor source="#mixamorig_Head-Matrix-animation-output-transform-array" count="28" stride="16"><param type="float4x4"/></accessor></technique_common></source><source id="mixamorig_Head-Interpolations"><Name_array id="mixamorig_Head-Interpolations-array" count="28">
 LINEAR LINEAR LINEAR LINEAR LINEAR LINEAR LINEAR LINEAR LINEAR LINEAR LINEAR
LINEAR LINEAR LINEAR LINEAR LINEAR LINEAR LINEAR LINEAR LINEAR LINEAR LINEAR LINEAR
LINEAR LINEAR LINEAR LINEAR LINEAR</Name_array><technique_common><accessor source="#mixamorig_Head-Interpolations-array" count="28"><param type="name"/></accessor></technique_common></source><sampler id="mixamorig_Head-Matrix-animation-transform"><input semantic="INPUT" source="#mixamorig_Head-Matrix-animation-input"/><input semantic="OUTPUT" source="#mixamorig_Head-Matrix-animation-output-transform"/><input semantic="INTERPOLATION" source="#mixamorig_Head-Interpolations"/></sampler><channel source="#mixamorig_Head-Matrix-animation-transform" target="mixamorig_Head/matrix"/><source id="mixamorig_LeftShoulder-Matrix-animation-input"><float_array id="mixamorig_LeftShoulder-Matrix-animation-input-array" count="28">

0.000000 0.033333 0.066667 0.100000 0.133333 0.166667 0.200000 0.233333 0.266667 0.300000 0.333333 0.366667 0.400000 0.433333 0.466667 0.500000
0.533333 0.566667 0.600000 0.633333 0.666667 0.700000 0.733333 0.766667 0.800000 0.833333 0.866667 0.900000</float_array><technique_common><accessor source="#mixamorig_LeftShoulder-Matrix-animation-input-array" count="28"><param name="TIME" type="float"/></accessor></technique_common></source><source id="mixamorig_LeftShoulder-Matrix-animation-output-transform"><float_array id="mixamorig_LeftShoulder-Matrix-animation-output-transform-array" count="448">

0.086587 0.989749 -0.113576 4.555100 0.040636 -0.117419 -0.992251 11.142100 -0.995415 0.081301 -0.050387 -0.961700 0.000000 0.000000 0.000000 1.000000
0.079920 0.991124 -0.106234 4.555100 0.039446 -0.109636 -0.993189 11.142100 -0.996020 0.075186 -0.047858 -0.961700 0.000000 0.000000 0.000000 1.000000
0.074362 0.991708 -0.104813 4.555100 0.038977 -0.107914 -0.993396 11.142100 -0.996469 0.069785 -0.046679 -0.961700 0.000000 0.000000 0.000000 1.000000
0.071446 0.990938 -0.113739 4.555100 0.039665 -0.116763 -0.992367 11.142100 -0.996655 0.066389 -0.047648 -0.961700 0.000000 0.000000 0.000000 1.000000
0.069684 0.989703 -0.125032 4.555100 0.040540 -0.128043 -0.990940 11.142100 -0.996745 0.063984 -0.049045 -0.961700 0.000000 0.000000 0.000000 1.000000
0.067879 0.988106 -0.137980 4.555100 0.041668 -0.140986 -0.989134 11.142100 -0.996823 0.061392 -0.050743 -0.961700 0.000000 0.000000 0.000000 1.000000
0.064833 0.986270 -0.151879 4.555100 0.043114 -0.154826 -0.987001 11.142100 -0.996964 0.057442 -0.052560 -0.961700 0.000000 0.000000 0.000000 1.000000
0.059348 0.984331 -0.166041 4.555100 0.044941 -0.168800 -0.984625 11.142100 -0.997225 0.050973 -0.054255 -0.961700 0.000000 0.000000 0.000000 1.000000
0.046690 0.981582 -0.185248 4.555100 0.048650 -0.187464 -0.981066 11.142100 -0.997724 0.036793 -0.056507 -0.961700 0.000000 0.000000 0.000000 1.000000
0.024615 0.978761 -0.203522 4.555100 0.053262 -0.204579 -0.977400 11.142100 -0.998277 0.013219 -0.057166 -0.961700 0.000000 0.000000 0.000000 1.000000
-0.018454 0.979119 -0.202451 4.555100 0.056482 -0.201141 -0.977933 11.142100 -0.998233 -0.029482 -0.051591 -0.961700 0.000000 0.000000 0.000000 1.000000
-0.070307 0.978768 -0.192537 4.555100 0.055947 -0.188842 -0.980412 11.142100 -0.995955 -0.079701 -0.041482 -0.961700 0.000000 0.000000 0.000000 1.000000
-0.100006 0.979371 -0.175586 4.555100 0.050042 -0.171296 -0.983948 11.142100 -0.993728 -0.107188 -0.031879 -0.961700 0.000000 0.000000 0.000000 1.000000
-0.083114 0.987779 -0.131850 4.555100 0.038816 -0.128998 -0.990885 11.142100 -0.995784 -0.087474 -0.027620 -0.961700 0.000000 0.000000 0.000000 1.000000
-0.051871 0.995653 -0.077355 4.555100 0.027089 -0.076028 -0.996738 11.142100 -0.998286 -0.053798 -0.023028 -0.961700 0.000000 0.000000 0.000000 1.000000
0.004251 0.999981 0.004397 4.555100 0.018207 0.004319 -0.999825 11.142100 -0.999825 0.004330 -0.018189 -0.961700 0.000000 0.000000 0.000000 1.000000
0.051214 0.997972 0.037797 4.555100 0.019553 0.036838 -0.999130 11.142100 -0.998496 0.051909 -0.017627 -0.961700 0.000000 0.000000 0.000000 1.000000
0.088172 0.994996 0.046992 4.555100 0.023380 0.045096 -0.998709 11.142100 -0.995831 0.089157 -0.019287 -0.961700 0.000000 0.000000 0.000000 1.000000
0.084765 0.996246 -0.017590 4.555100 0.029361 -0.020143 -0.999366 11.142100 -0.995968 0.084195 -0.030958 -0.961700 0.000000 0.000000 0.000000 1.000000
0.060995 0.992976 -0.101385 4.555100 0.037111 -0.103760 -0.993910 11.142100 -0.997448 0.056861 -0.043179 -0.961700 0.000000 0.000000 0.000000 1.000000
0.033569 0.983955 -0.175228 4.555100 0.046136 -0.176665 -0.983189 11.142100 -0.998371 0.024920 -0.051326 -0.961700 0.000000 0.000000 0.000000 1.000000
