<?xml version="1.0" encoding="utf-8"?>
<COLLADA xmlns="http://www.collada.org/2005/11/COLLADASchema" version="1.4.1">
  <asset><contributor><author>Mixamo</author><authoring_tool>COLLADA Mixamo exporter</authoring_tool><comments></comments></contributor><created>2018-01-13T22:43:53Z</created><modified>2018-01-13T22:43:53Z</modified><revision></revision><title></title><unit meter="0.010000"/><up_axis>Y_UP</up_axis></asset>
  <library_animations>
    <animation id="mixamorig_Hips-anim" name="mixamorig_Hips"><source id="mixamorig_Hips-Matrix-animation-input"><float_array id="mixamorig_Hips-Matrix-animation-input-array" count="35">

0.000000 0.033333 0.066667 0.100000 0.133333 0.166667 0.200000 0.233333 0.266667 0.300000 0.333333 0.366667 0.400000 0.433333 0.466667 0.500000
0.533333 0.566667 0.600000 0.633333 0.666667 0.700000 0.733333 0.766667 0.800000 0.833333 0.866667 0.900000 0.933333 0.966667 1.000000 1.033333
1.066667 1.100000 1.133333</float_array><technique_common><accessor source="#mixamorig_Hips-Matrix-animation-input-array" count="35"><param name="TIME" type="float"/></accessor></technique_common></source><source id="mixamorig_Hips-Matrix-animation-output-transform"><float_array id="mixamorig_Hips-Matrix-animation-output-transform-array" count="560">

0.909423 -0.024059 -0.415176 0.099163 -0.023012 0.993885 -0.107999 92.771576 0.415235 0.107771 0.903308 -0.527521 0.000000 0.000000 0.000000 1.000000
0.929389 -0.017723 -0.368676 0.071486 -0.026203 0.993158 -0.113800 92.596741 0.368171 0.115425 0.922566 -0.759606 0.000000 0.000000 0.000000 1.000000
0.947645 -0.010574 -0.319152 -0.016923 -0.029218 0.992388 -0.119636 92.395248 0.317988 0.122698 0.940122 -0.939574 0.000000 0.000000 0.000000 1.000000
0.965989 -0.001092 -0.258581 -0.277208 -0.032435 0.991581 -0.125356 92.095825 0.256541 0.129480 0.957821 -1.015817 0.000000 0.000000 0.000000 1.000000
0.979325 0.006658 -0.202181 -0.618861 -0.033628 0.990910 -0.130253 91.805748 0.199476 0.134359 0.970648 -0.934690 0.000000 0.000000 0.000000 1.000000
0.987524 0.010500 -0.157116 -0.973172 -0.031820 0.990497 -0.133801 91.588181 0.154218 0.137131 0.978474 -0.703871 0.000000 0.000000 0.000000 1.000000
0.993606 0.013885 -0.112047 -1.343800 -0.029276 0.990151 -0.136907 91.380035 0.109043 0.139312 0.984226 -0.442249 0.000000 0.000000 0.000000 1.000000
0.997515 0.016816 -0.068415 -1.719013 -0.026257 0.989869 -0.139533 91.179901 0.065375 0.140982 0.987851 -0.157238 0.000000 0.000000 0.000000 1.000000
0.999431 0.019307 -0.027667 -2.087082 -0.023040 0.989641 -0.141700 90.986320 0.024645 0.142257 0.989523 0.143750 0.000000 0.000000 0.000000 1.000000
0.999733 0.021385 0.008760 -2.436273 -0.019908 0.989451 -0.143496 90.797874 -0.011737 0.143284 0.989612 0.453301 0.000000 0.000000 0.000000 1.000000
0.998954 0.023095 0.039466 -2.754856 -0.017140 0.989274 -0.145062 90.613106 -0.042393 0.144234 0.988635 0.764004 0.000000 0.000000 0.000000 1.000000
0.999813 0.015470 -0.011607 -2.714441 -0.016990 0.989296 -0.144929 90.521957 0.009241 0.145099 0.989374 1.226965 0.000000 0.000000 0.000000 1.000000
0.992397 0.001886 -0.123060 -2.421308 -0.019368 0.989817 -0.141024 90.589371 0.121541 0.142335 0.982328 1.837286 0.000000 0.000000 0.000000 1.000000
0.966553 -0.012709 -0.256150 -2.050153 -0.022619 0.990655 -0.134500 90.733337 0.255466 0.135795 0.957234 2.513429 0.000000 0.000000 0.000000 1.000000
0.898566 -0.027454 -0.437979 -1.541607 -0.028218 0.992361 -0.120097 91.101509 0.437930 0.120274 0.890927 3.371329 0.000000 0.000000 0.000000 1.000000
0.773594 -0.037802 -0.632553 -0.980115 -0.030659 0.994817 -0.096946 91.487610 0.632939 0.094390 0.768426 4.298272 0.000000 0.000000 0.000000 1.000000
0.603887 -0.039639 -0.796084 -0.384694 -0.028188 0.997076 -0.071030 91.800766 0.796572 0.065334 0.601003 5.231248 0.000000 0.000000 0.000000 1.000000
0.415464 -0.034043 -0.908972 0.327415 -0.019763 0.998726 -0.046437 91.731216 0.909395 0.037257 0.414262 6.125348 0.000000 0.000000 0.000000 1.000000
0.264629 -0.020910 -0.964124 1.110461 -0.015128 0.999552 -0.025831 91.374649 0.964232 0.021421 0.264194 6.830053 0.000000 0.000000 0.000000 1.000000
0.209580 -0.013658 -0.977696 1.859834 -0.021473 0.999597 -0.018567 91.187065 0.977556 0.024885 0.209202 7.055207 0.000000 0.000000 0.000000 1.000000
0.173467 -0.008462 -0.984803 2.601323 -0.026797 0.999552 -0.013309 91.033958 0.984475 0.028699 0.173162 7.188409 0.000000 0.000000 0.000000 1.000000
0.145802 -0.005684 -0.989298 3.317699 -0.029094 0.999526 -0.010031 90.925392 0.988886 0.030245 0.145567 7.289041 0.000000 0.000000 0.000000 1.000000
0.157415 -0.013427 -0.987441 3.902768 -0.031696 0.999324 -0.018641 91.042877 0.987024 0.034232 0.156883 7.246618 0.000000 0.000000 0.000000 1.000000
0.170135 -0.026056 -0.985076 4.290318 -0.028244 0.999111 -0.031305 91.268028 0.985016 0.033149 0.169247 7.144557 0.000000 0.000000 0.000000 1.000000
0.184140 -0.040296 -0.982074 4.463995 -0.020383 0.998788 -0.044804 91.530334 0.982689 0.028267 0.183095 6.932995 0.000000 0.000000 0.000000 1.000000
0.210469 -0.053556 -0.976132 4.436098 -0.011790 0.998287 -0.057314 91.799400 0.977529 0.023572 0.209477 6.534909 0.000000 0.000000 0.000000 1.000000
0.257526 -0.064462 -0.964119 4.212414 -0.004555 0.997680 -0.067923 92.098320 0.966261 0.021884 0.256635 5.927957 0.000000 0.000000 0.000000 1.000000
0.325926 -0.072106 -0.942641 3.817847 0.001000 0.997113 -0.075927 92.443237 0.945395 0.023804 0.325057 5.167386 0.000000 0.000000 0.000000 1.000000
0.410489 -0.075700 -0.908718 3.302485 0.004749 0.996712 -0.080885 92.803467 0.911853 0.028887 0.409499 4.339396 0.000000 0.000000 0.000000 1.000000
0.500713 -0.075115 -0.862348 2.725095 0.005801 0.996497 -0.083432 93.120399 0.865594 0.036774 0.499395 3.530389 0.000000 0.000000 0.000000 1.000000
0.583377 -0.070857 -0.809105 2.136844 0.003129 0.996376 -0.085001 93.341881 0.812195 0.047056 0.581485 2.842555 0.000000 0.000000 0.000000 1.000000
0.655206 -0.065269 -0.752625 1.577616 -0.000720 0.996206 -0.087019 93.489983 0.755450 0.057557 0.652674 2.223979 0.000000 0.000000 0.000000 1.000000
0.710188 -0.060529 -0.701406 1.092489 -0.003387 0.995992 -0.089380 93.503716 0.704004 0.065852 0.707136 1.721790 0.000000 0.000000 0.000000 1.000000
0.756599 -0.055872 -0.651488 0.657454 -0.005476 0.995766 -0.091757 93.448700 0.653857 0.072991 0.753090 1.263896 0.000000 0.000000 0.000000 1.000000
0.797319 -0.051373 -0.601367 0.327440 -0.006381 0.995598 -0.093512 93.323730 0.603524 0.078397 0.793481 0.789876 0.000000 0.000000 0.000000 1.000000</float_array><technique_common><accessor source="#mixamorig_Hips-Matrix-animation-output-transform-array" count="35" stride="16"><param type="float4x4"/></accessor></technique_common></source><source id="mixamorig_Hips-Interpolations"><Name_array id="mixamorig_Hips-Interpolations-array" count="35">
 LINEAR LINEAR LINEAR LINEAR LINEAR LINEAR LINEAR LINEAR LINEAR LINEAR LINEAR
LINEAR LINEAR LINEAR LINEAR LINEAR LINEAR LINEAR LINEAR LINEAR LINEAR LINEAR LINEAR
LINEAR LINEAR LINEAR LINEAR LINEAR LINEAR LINEAR LINEAR LINEAR LINEAR LINEAR LINEAR</Name_array><technique_common><accessor source="#mixamorig_Hips-Interpolations-array" count="35"><param type="name"/></accessor></technique_common></source><sampler id="mixamorig_Hips-Matrix-animation-transform"><input semantic="INPUT" source="#mixamorig_Hips-Matrix-animation-input"/><input semantic="OUTPUT" source="#mixamorig_Hips-Matrix-animation-output-transform"/><input semantic="INTERPOLATION" source="#mixamorig_Hips-Interpolations"/></sampler><channel source="#mixamorig_Hips-Matrix-animation-transform" target="mixamorig_Hips/matrix"/><source id="mixamorig_Spine-Matrix-animation-input"><float_array id="mixamorig_Spine-Matrix-animation-input-array" count="35">

0.000000 0.033333 0.066667 0.100000 0.133333 0.166667 0.200000 0.233333 0.266667 0.300000 0.333333 0.366667 0.400000 0.433333 0.466667 0.500000
0.533333 0.566667 0.600000 0.633333 0.666667 0.700000 0.733333 0.766667 0.800000 0.833333 0.866667 0.900000 0.933333 0.966667 1.000000 1.033333
1.066667 1.100000 1.133333</float_array><technique_common><accessor source="#mixamorig_Spine-Matrix-animation-input-array" count="35"><param name="TIME" type="float"/></accessor></technique_common></source><source id="mixamorig_Spine-Matrix-animation-output-transform"><float_array id="mixamorig_Spine-Matrix-animation-output-transform-array" count="560">

0.998065 -0.043460 -0.044472 -0.000100 0.050699 0.982843 0.177339 9.856200 0.036002 -0.179250 0.983145 -1.223900 0.000000 0.000000 0.000000 1.000000
0.998072 -0.051383 -0.034809 -0.000100 0.056710 0.982915 0.175107 9.856200 0.025216 -0.176744 0.983934 -1.223900 0.000000 0.000000 0.000000 1.000000
0.997911 -0.058645 -0.027118 -0.000100 0.062478 0.982811 0.173719 9.856200 0.016465 -0.175050 0.984422 -1.223900 0.000000 0.000000 0.000000 1.000000
0.997581 -0.064331 -0.026326 -0.000100 0.067957 0.982242 0.174877 9.856200 0.014608 -0.176243 0.984238 -1.223900 0.000000 0.000000 0.000000 1.000000
0.997293 -0.068849 -0.025813 -0.000100 0.072330 0.981720 0.176049 9.856200 0.013220 -0.177439 0.984043 -1.223900 0.000000 0.000000 0.000000 1.000000
0.997115 -0.072832 -0.021371 -0.000100 0.075462 0.981529 0.175803 9.856200 0.008172 -0.176909 0.984193 -1.223900 0.000000 0.000000 0.000000 1.000000
0.996916 -0.076746 -0.016412 -0.000100 0.078437 0.981357 0.175460 9.856200 0.002640 -0.176206 0.984350 -1.223900 0.000000 0.000000 0.000000 1.000000
0.996691 -0.080525 -0.011059 -0.000100 0.081216 0.981213 0.174998 9.856200 -0.003241 -0.175317 0.984507 -1.223900 0.000000 0.000000 0.000000 1.000000
0.996442 -0.084107 -0.005435 -0.000100 0.083764 0.981107 0.174395 9.856200 -0.009335 -0.174229 0.984661 -1.223900 0.000000 0.000000 0.000000 1.000000
0.996171 -0.087427 0.000334 -0.000100 0.086041 0.981046 0.173624 9.856200 -0.015507 -0.172930 0.984812 -1.223900 0.000000 0.000000 0.000000 1.000000
0.995885 -0.090422 0.006124 -0.000100 0.088012 0.981042 0.172657 9.856200 -0.021620 -0.171407 0.984963 -1.223900 0.000000 0.000000 0.000000 1.000000
0.995955 -0.088689 0.014425 -0.000100 0.085025 0.982126 0.167925 9.856200 -0.029060 -0.166019 0.985694 -1.223900 0.000000 0.000000 0.000000 1.000000
0.996192 -0.084422 0.021758 -0.000100 0.079753 0.983280 0.163705 9.856200 -0.035214 -0.161347 0.986269 -1.223900 0.000000 0.000000 0.000000 1.000000
0.996452 -0.079145 0.028640 -0.000100 0.073606 0.984442 0.159548 9.856200 -0.040822 -0.156874 0.986775 -1.223900 0.000000 0.000000 0.000000 1.000000
0.996846 -0.071541 0.034352 -0.000100 0.065383 0.985679 0.155438 9.856200 -0.044981 -0.152702 0.987248 -1.223900 0.000000 0.000000 0.000000 1.000000
0.997498 -0.059950 0.037475 -0.000100 0.053594 0.986893 0.152214 9.856200 -0.046109 -0.149825 0.987637 -1.223900 0.000000 0.000000 0.000000 1.000000
0.998152 -0.046506 0.039108 -0.000100 0.040168 0.987929 0.149612 9.856200 -0.045594 -0.147765 0.987971 -1.223900 0.000000 0.000000 0.000000 1.000000
0.998959 -0.027839 0.036151 -0.000100 0.022137 0.988514 0.149500 9.856200 -0.039897 -0.148544 0.988101 -1.223900 0.000000 0.000000 0.000000 1.000000
0.999554 -0.009862 0.028185 -0.000100 0.005496 0.988519 0.150999 9.856200 -0.029350 -0.150777 0.988132 -1.223900 0.000000 0.000000 0.000000 1.000000
0.999873 0.003371 0.015574 -0.000100 -0.005716 0.988200 0.153062 9.856200 -0.014874 -0.153132 0.988094 -1.223900 0.000000 0.000000 0.000000 1.000000
0.999875 0.015678 0.002170 -0.000100 -0.015824 0.987714 0.155468 9.856200 0.000294 -0.155482 0.987839 -1.223900 0.000000 0.000000 0.000000 1.000000
0.999590 0.026575 -0.010646 -0.000100 -0.024561 0.987136 0.157987 9.856200 0.014708 -0.157661 0.987384 -1.223900 0.000000 0.000000 0.000000 1.000000
0.999343 0.029992 -0.020348 -0.000100 -0.026365 0.986817 0.159678 9.856200 0.024869 -0.159037 0.986959 -1.223900 0.000000 0.000000 0.000000 1.000000
0.999187 0.029680 -0.027299 -0.000100 -0.024912 0.986656 0.160902 9.856200 0.031711 -0.160091 0.986593 -1.223900 0.000000 0.000000 0.000000 1.000000
0.999142 0.027094 -0.031325 -0.000100 -0.021671 0.986538 0.162088 9.856200 0.035295 -0.161270 0.986279 -1.223900 0.000000 0.000000 0.000000 1.000000
0.999199 0.023013 -0.032730 -0.000100 -0.017361 0.986384 0.163537 9.856200 0.036048 -0.162838 0.985994 -1.223900 0.000000 0.000000 0.000000 1.000000
0.999332 0.017433 -0.032130 -0.000100 -0.011878 0.986121 0.165606 9.856200 0.034571 -0.165113 0.985669 -1.223900 0.000000 0.000000 0.000000 1.000000
0.999490 0.010332 -0.030225 -0.000100 -0.005088 0.985660 0.168664 9.856200 0.031534 -0.168424 0.985210 -1.223900 0.000000 0.000000 0.000000 1.000000
0.999612 0.002694 -0.027734 -0.000100 0.002135 0.984989 0.172602 9.856200 0.027782 -0.172594 0.984601 -1.223900 0.000000 0.000000 0.000000 1.000000
0.999670 -0.004429 -0.025291 -0.000100 0.008822 0.984293 0.176323 9.856200 0.024113 -0.176488 0.984007 -1.223900 0.000000 0.000000 0.000000 1.000000
0.999664 -0.011028 -0.023462 -0.000100 0.015028 0.983945 0.177839 9.856200 0.021125 -0.178132 0.983780 -1.223900 0.000000 0.000000 0.000000 1.000000
0.999599 -0.017482 -0.022280 -0.000100 0.021175 0.983779 0.178133 9.856200 0.018805 -0.178533 0.983754 -1.223900 0.000000 0.000000 0.000000 1.000000
0.999465 -0.023845 -0.022370 -0.000100 0.027421 0.983949 0.176331 9.856200 0.017806 -0.176850 0.984077 -1.223900 0.000000 0.000000 0.000000 1.000000
0.999278 -0.030173 -0.023102 -0.000100 0.033736 0.984199 0.173821 9.856200 0.017492 -0.174475 0.984506 -1.223900 0.000000 0.000000 0.000000 1.000000
0.999027 -0.036576 -0.024623 -0.000100 0.040276 0.984264 0.172054 9.856200 0.017943 -0.172879 0.984780 -1.223900 0.000000 0.000000 0.000000 1.000000</float_array><technique_common><accessor source="#mixamorig_Spine-Matrix-animation-output-transform-array" count="35" stride="16"><param type="float4x4"/></accessor></technique_common></source><source id="mixamorig_Spine-Interpolations"><Name_array id="mixamorig_Spine-Interpolations-array" count="35">
 LINEAR LINEAR LINEAR LINEAR LINEAR LINEAR LINEAR LINEAR LINEAR LINEAR LINEAR
LINEAR LINEAR LINEAR LINEAR LINEAR LINEAR LINEAR LINEAR LINEAR LINEAR LINEAR LINEAR
LINEAR LINEAR LINEAR LINEAR LINEAR LINEAR LINEAR LINEAR LINEAR LINEAR LINEAR LINEAR</Name_array><technique_common><accessor source="#mixamorig_Spine-Interpolations-array" count="35"><param type="name"/></accessor></technique_common></source><sampler id="mixamorig_Spine-Matrix-animation-transform"><input semantic="INPUT" source="#mixamorig_Spine-Matrix-animation-input"/><input semantic="OUTPUT" source="#mixamorig_Spine-Matrix-animation-output-transform"/><input semantic="INTERPOLATION" source="#mixamorig_Spine-Interpolations"/></sampler><channel source="#mixamorig_Spine-Matrix-animation-transform" target="mixamorig_Spine/matrix"/><source id="mixamorig_Spine1-Matrix-animation-input"><float_array id="mixamorig_Spine1-Matrix-animation-input-array" count="35">

0.000000 0.033333 0.066667 0.100000 0.133333 0.166667 0.200000 0.233333 0.266667 0.300000 0.333333 0.366667 0.400000 0.433333 0.466667 0.500000
0.533333 0.566667 0.600000 0.633333 0.666667 0.700000 0.733333 0.766667 0.800000 0.833333 0.866667 0.900000 0.933333 0.966667 1.000000 1.033333
1.066667 1.100000 1.133333</float_array><technique_common><accessor source="#mixamorig_Spine1-Matrix-animation-input-array" count="35"><param name="TIME" type="float"/></accessor></technique_common></source><source id="mixamorig_Spine1-Matrix-animation-output-transform"><float_array id="mixamorig_Spine1-Matrix-animation-output-transform-array" count="560">

0.997681 -0.045205 -0.050882 0.000000 0.046611 0.998554 0.026784 11.652600 0.049598 -0.029094 0.998345 -0.000000 0.000000 0.000000 0.000000 1.000000
0.997659 -0.048188 -0.048527 0.000000 0.049470 0.998448 0.025576 11.652600 0.047219 -0.027917 0.998494 -0.000000 0.000000 0.000000 0.000000 1.000000
0.997664 -0.050692 -0.045782 0.000000 0.051868 0.998344 0.024872 11.652600 0.044446 -0.027188 0.998642 0.000000 0.000000 0.000000 0.000000 1.000000
0.997718 -0.051949 -0.043137 0.000000 0.053104 0.998249 0.026072 11.652600 0.041707 -0.028303 0.998729 0.000000 0.000000 0.000000 0.000000 1.000000
0.997917 -0.052404 -0.037615 -0.000000 0.053434 0.998209 0.026913 11.652600 0.036137 -0.028867 0.998930 0.000000 0.000000 0.000000 0.000000 1.000000
0.998225 -0.052508 -0.028093 -0.000000 0.053243 0.998241 0.026096 11.652600 0.026674 -0.027545 0.999265 -0.000000 0.000000 0.000000 0.000000 1.000000
0.998464 -0.052470 -0.017813 -0.000000 0.052907 0.998286 0.025036 11.652600 0.016469 -0.025940 0.999528 0.000000 0.000000 0.000000 0.000000 1.000000
0.998606 -0.052315 -0.006976 0.000000 0.052467 0.998340 0.023776 11.652600 0.005721 -0.024109 0.999693 0.000000 0.000000 0.000000 0.000000 1.000000
0.998635 -0.052067 0.004216 0.000000 0.051960 0.998399 0.022359 11.652600 -0.005373 -0.022109 0.999741 -0.000000 0.000000 0.000000 0.000000 1.000000
0.998539 -0.051756 0.015560 0.000000 0.051428 0.998459 0.020829 11.652600 -0.016614 -0.019998 0.999662 -0.000000 0.000000 0.000000 0.000000 1.000000
0.998316 -0.051416 0.026856 0.000000 0.050909 0.998518 0.019235 11.652600 -0.027805 -0.017835 0.999454 -0.000000 0.000000 0.000000 0.000000 1.000000
0.997881 -0.050658 0.040826 -0.000000 0.050049 0.998622 0.015797 11.652600 -0.041570 -0.013721 0.999041 -0.000000 0.000000 0.000000 0.000000 1.000000
0.997423 -0.049053 0.052356 0.000000 0.048367 0.998727 0.014296 11.652600 -0.052990 -0.011727 0.998526 0.000000 0.000000 0.000000 0.000000 1.000000
0.996903 -0.047350 0.062781 -0.000000 0.046609 0.998826 0.013204 11.652600 -0.063332 -0.010237 0.997940 0.000000 0.000000 0.000000 0.000000 1.000000
0.996472 -0.046065 0.070155 0.000000 0.045307 0.998897 0.012359 11.652600 -0.070647 -0.009137 0.997460 0.000000 0.000000 0.000000 0.000000 1.000000
0.996616 -0.043463 0.069767 0.000000 0.042740 0.999016 0.011830 11.652600 -0.070213 -0.008808 0.997493 0.000000 0.000000 0.000000 0.000000 1.000000
0.997054 -0.039967 0.065475 -0.000000 0.039300 0.999162 0.011433 11.652600 -0.065877 -0.008826 0.997789 0.000000 0.000000 0.000000 0.000000 1.000000
0.998223 -0.033286 0.049426 0.000000 0.032758 0.999398 0.011454 11.652600 -0.049778 -0.009815 0.998712 0.000000 0.000000 0.000000 0.000000 1.000000
0.999392 -0.024725 0.024574 -0.000000 0.024460 0.999640 0.011001 11.652600 -0.024837 -0.010393 0.999637 0.000000 0.000000 0.000000 0.000000 1.000000
0.999825 -0.018174 -0.004352 0.000000 0.018217 0.999781 0.010279 11.652600 0.004164 -0.010357 0.999938 -0.000000 0.000000 0.000000 0.000000 1.000000
0.999351 -0.012105 -0.033938 0.000000 0.012444 0.999875 0.009772 11.652600 0.033815 -0.010188 0.999376 0.000000 0.000000 0.000000 0.000000 1.000000
0.998058 -0.007577 -0.061829 0.000000 0.008172 0.999923 0.009384 11.652600 0.061753 -0.009871 0.998043 0.000000 0.000000 0.000000 0.000000 1.000000
0.996688 -0.011071 -0.080559 -0.000000 0.011748 0.999900 0.007929 11.652600 0.080463 -0.008850 0.996718 -0.000000 0.000000 0.000000 0.000000 1.000000
0.995565 -0.016982 -0.092526 0.000000 0.017721 0.999817 0.007162 11.652600 0.092387 -0.008770 0.995685 0.000000 0.000000 0.000000 0.000000 1.000000
0.994981 -0.021678 -0.097689 0.000000 0.022511 0.999719 0.007435 11.652600 0.097501 -0.009597 0.995189 0.000000 0.000000 0.000000 0.000000 1.000000
0.994996 -0.024472 -0.096867 -0.000000 0.025416 0.999641 0.008530 11.652600 0.096624 -0.010950 0.995261 0.000000 0.000000 0.000000 0.000000 1.000000
0.995430 -0.027673 -0.091401 0.000000 0.028760 0.999530 0.010592 11.652600 0.091065 -0.013172 0.995758 -0.000000 0.000000 0.000000 0.000000 1.000000
0.996013 -0.032984 -0.082891 0.000000 0.034267 0.999313 0.014105 11.652600 0.082369 -0.016889 0.996459 -0.000000 0.000000 0.000000 0.000000 1.000000
0.996546 -0.039303 -0.073160 0.000000 0.040795 0.998987 0.019018 11.652600 0.072338 -0.021937 0.997139 0.000000 0.000000 0.000000 0.000000 1.000000
0.996974 -0.043938 -0.064126 0.000000 0.045561 0.998672 0.024068 11.652600 0.062984 -0.026917 0.997652 -0.000000 0.000000 0.000000 0.000000 1.000000
0.997311 -0.044996 -0.057847 0.000000 0.046624 0.998544 0.027116 11.652600 0.056543 -0.029740 0.997957 0.000000 0.000000 0.000000 0.000000 1.000000
0.997549 -0.045131 -0.053480 0.000000 0.046719 0.998492 0.028832 11.652600 0.052098 -0.031260 0.998153 -0.000000 0.000000 0.000000 0.000000 1.000000
0.997613 -0.044764 -0.052576 0.000000 0.046290 0.998531 0.028167 11.652600 0.051238 -0.030533 0.998220 0.000000 0.000000 0.000000 0.000000 1.000000
0.997601 -0.044270 -0.053219 0.000000 0.045730 0.998601 0.026546 11.652600 0.051970 -0.028916 0.998230 0.000000 0.000000 0.000000 0.000000 1.000000
0.997511 -0.044652 -0.054572 0.000000 0.046067 0.998626 0.024968 11.652600 0.053382 -0.027419 0.998198 0.000000 0.000000 0.000000 0.000000 1.000000</float_array><technique_common><accessor source="#mixamorig_Spine1-Matrix-animation-output-transform-array" count="35" stride="16"><param type="float4x4"/></accessor></technique_common></source><source id="mixamorig_Spine1-Interpolations"><Name_array id="mixamorig_Spine1-Interpolations-array" count="35">
 LINEAR LINEAR LINEAR LINEAR LINEAR LINEAR LINEAR LINEAR LINEAR LINEAR LINEAR
LINEAR LINEAR LINEAR LINEAR LINEAR LINEAR LINEAR LINEAR LINEAR LINEAR LINEAR LINEAR
LINEAR LINEAR LINEAR LINEAR LINEAR LINEAR LINEAR LINEAR LINEAR LINEAR LINEAR LINEAR</Name_array><technique_common><accessor source="#mixamorig_Spine1-Interpolations-array" count="35"><param type="name"/></accessor></technique_common></source><sampler id="mixamorig_Spine1-Matrix-animation-transform"><input semantic="INPUT" source="#mixamorig_Spine1-Matrix-animation-input"/><input semantic="OUTPUT" source="#mixamorig_Spine1-Matrix-animation-output-transform"/><input semantic="INTERPOLATION" source="#mixamorig_Spine1-Interpolations"/></sampler><channel source="#mixamorig_Spine1-Matrix-animation-transform" target="mixamorig_Spine1/matrix"/><source id="mixamorig_Spine2-Matrix-animation-input"><float_array id="mixamorig_Spine2-Matrix-animation-input-array" count="35">

0.000000 0.033333 0.066667 0.100000 0.133333 0.166667 0.200000 0.233333 0.266667 0.300000 0.333333 0.366667 0.400000 0.433333 0.466667 0.500000
0.533333 0.566667 0.600000 0.633333 0.666667 0.700000 0.733333 0.766667 0.800000 0.833333 0.866667 0.900000 0.933333 0.966667 1.000000 1.033333
1.066667 1.100000 1.133333</float_array><technique_common><accessor source="#mixamorig_Spine2-Matrix-animation-input-array" count="35"><param name="TIME" type="float"/></accessor></technique_common></source><source id="mixamorig_Spine2-Matrix-animation-output-transform"><float_array id="mixamorig_Spine2-Matrix-animation-output-transform-array" count="560">

0.997704 -0.047883 -0.047894 0.000000 0.049351 0.998333 0.029940 13.365200 0.046381 -0.032235 0.998404 0.000000 0.000000 0.000000 0.000000 1.000000
0.997675 -0.050658 -0.045588 0.000000 0.051995 0.998236 0.028642 13.365200 0.044057 -0.030946 0.998550 -0.000000 0.000000 0.000000 0.000000 1.000000
0.997678 -0.052915 -0.042868 -0.000000 0.054138 0.998144 0.027888 13.365200 0.041313 -0.030144 0.998691 -0.000000 0.000000 0.000000 0.000000 1.000000
0.997740 -0.053871 -0.040164 0.000000 0.055060 0.998059 0.029108 13.365200 0.038518 -0.031253 0.998769 0.000000 0.000000 0.000000 0.000000 1.000000
0.997950 -0.053858 -0.034579 -0.000000 0.054906 0.998037 0.030114 13.365200 0.032890 -0.031951 0.998948 -0.000000 0.000000 0.000000 0.000000 1.000000
0.998265 -0.053299 -0.025039 -0.000000 0.054033 0.998100 0.029605 13.365200 0.023413 -0.030907 0.999248 0.000000 0.000000 0.000000 0.000000 1.000000
0.998509 -0.052564 -0.014744 0.000000 0.052973 0.998179 0.028864 13.365200 0.013200 -0.029602 0.999475 -0.000000 0.000000 0.000000 0.000000 1.000000
0.998656 -0.051690 -0.003898 0.000000 0.051778 0.998268 0.027929 13.365200 0.002448 -0.028093 0.999602 0.000000 0.000000 0.000000 0.000000 1.000000
0.998686 -0.050716 0.007293 0.000000 0.050503 0.998363 0.026841 13.365200 -0.008643 -0.026437 0.999613 0.000000 0.000000 0.000000 0.000000 1.000000
0.998591 -0.049686 0.018626 -0.000000 0.049201 0.998460 0.025645 13.365200 -0.019871 -0.024692 0.999498 0.000000 0.000000 0.000000 0.000000 1.000000
0.998369 -0.048647 0.029895 0.000000 0.047926 0.998553 0.024388 13.365200 -0.031038 -0.022916 0.999255 0.000000 0.000000 0.000000 0.000000 1.000000
0.997931 -0.047212 0.043647 -0.000000 0.046301 0.998693 0.021658 13.365200 -0.044612 -0.019592 0.998812 0.000000 0.000000 0.000000 0.000000 1.000000
0.997467 -0.045308 0.054825 0.000000 0.044239 0.998809 0.020557 13.365200 -0.055692 -0.018080 0.998284 0.000000 0.000000 0.000000 0.000000 1.000000
0.996948 -0.043448 0.064861 0.000000 0.042245 0.998911 0.019808 13.365200 -0.065651 -0.017007 0.997698 0.000000 0.000000 0.000000 0.000000 1.000000
0.996522 -0.042318 0.071779 0.000000 0.041029 0.998971 0.019335 13.365200 -0.072523 -0.016323 0.997233 -0.000000 0.000000 0.000000 0.000000 1.000000
0.996675 -0.039896 0.071040 0.000000 0.038677 0.999081 0.018458 13.365200 -0.071711 -0.015649 0.997303 -0.000000 0.000000 0.000000 0.000000 1.000000
0.997113 -0.036776 0.066425 0.000000 0.035696 0.999212 0.017382 13.365200 -0.067012 -0.014961 0.997640 0.000000 0.000000 0.000000 0.000000 1.000000
0.998250 -0.031455 0.050081 0.000000 0.030701 0.999405 0.015748 13.365200 -0.050547 -0.014183 0.998621 0.000000 0.000000 0.000000 0.000000 1.000000
0.999382 -0.024762 0.024938 0.000000 0.024422 0.999605 0.013876 13.365200 -0.025271 -0.013258 0.999593 0.000000 0.000000 0.000000 0.000000 1.000000
0.999793 -0.019905 -0.004157 0.000000 0.019955 0.999724 0.012421 13.365200 0.003909 -0.012502 0.999914 -0.000000 0.000000 0.000000 0.000000 1.000000
0.999305 -0.015507 -0.033883 0.000000 0.015896 0.999810 0.011239 13.365200 0.033702 -0.011770 0.999363 -0.000000 0.000000 0.000000 0.000000 1.000000
0.998010 -0.012449 -0.061821 0.000000 0.013109 0.999861 0.010274 13.365200 0.061684 -0.011064 0.998034 0.000000 0.000000 0.000000 0.000000 1.000000
0.996656 -0.016202 -0.080088 0.000000 0.016992 0.999813 0.009199 13.365200 0.079924 -0.010529 0.996745 0.000000 0.000000 0.000000 0.000000 1.000000
0.995561 -0.021983 -0.091513 0.000000 0.022889 0.999699 0.008858 13.365200 0.091290 -0.010914 0.995765 -0.000000 0.000000 0.000000 0.000000 1.000000
0.994991 -0.026681 -0.096337 -0.000000 0.027694 0.999574 0.009193 13.365200 0.096051 -0.011815 0.995306 0.000000 0.000000 0.000000 0.000000 1.000000
0.995001 -0.029579 -0.095382 0.000000 0.030677 0.999479 0.010070 13.365200 0.095034 -0.012946 0.995390 0.000000 0.000000 0.000000 0.000000 1.000000
0.995423 -0.032725 -0.089788 0.000000 0.033932 0.999353 0.011948 13.365200 0.089339 -0.014940 0.995889 0.000000 0.000000 0.000000 0.000000 1.000000
0.996001 -0.037656 -0.081018 0.000000 0.039034 0.999118 0.015494 13.365200 0.080363 -0.018595 0.996592 0.000000 0.000000 0.000000 0.000000 1.000000
0.996539 -0.043340 -0.070938 0.000000 0.044907 0.998778 0.020649 13.365200 0.069957 -0.023763 0.997267 0.000000 0.000000 0.000000 0.000000 1.000000
0.996978 -0.047290 -0.061628 0.000000 0.048969 0.998461 0.026027 13.365200 0.060303 -0.028967 0.997760 0.000000 0.000000 0.000000 0.000000 1.000000
0.997327 -0.047793 -0.055278 0.000000 0.049472 0.998342 0.029423 13.365200 0.053780 -0.032079 0.998037 0.000000 0.000000 0.000000 0.000000 1.000000
0.997573 -0.047501 -0.050908 0.000000 0.049141 0.998296 0.031465 13.365200 0.049327 -0.033890 0.998208 -0.000000 0.000000 0.000000 0.000000 1.000000
0.997641 -0.046949 -0.050079 0.000000 0.048543 0.998337 0.031085 13.365200 0.048536 -0.033442 0.998261 0.000000 0.000000 0.000000 0.000000 1.000000
0.997629 -0.046401 -0.050819 0.000000 0.047950 0.998408 0.029695 13.365200 0.049361 -0.032062 0.998266 0.000000 0.000000 0.000000 0.000000 1.000000
0.997534 -0.046895 -0.052212 0.000000 0.048411 0.998431 0.028155 13.365200 0.050810 -0.030613 0.998239 0.000000 0.000000 0.000000 0.000000 1.000000</float_array><technique_common><accessor source="#mixamorig_Spine2-Matrix-animation-output-transform-array" count="35" stride="16"><param type="float4x4"/></accessor></technique_common></source><source id="mixamorig_Spine2-Interpolations"><Name_array id="mixamorig_Spine2-Interpolations-array" count="35">
 LINEAR LINEAR LINEAR LINEAR LINEAR LINEAR LINEAR LINEAR LINEAR LINEAR LINEAR
LINEAR LINEAR LINEAR LINEAR LINEAR LINEAR LINEAR LINEAR LINEAR LINEAR LINEAR LINEAR
LINEAR LINEAR LINEAR LINEAR LINEAR LINEAR LINEAR LINEAR LINEAR LINEAR LINEAR LINEAR</Name_array><technique_common><accessor source="#mixamorig_Spine2-Interpolations-array" count="35"><param type="name"/></accessor></technique_common></source><sampler id="mixamorig_Spine2-Matrix-animation-transform"><input semantic="INPUT" source="#mixamorig_Spine2-Matrix-animation-input"/><input semantic="OUTPUT" source="#mixamorig_Spine2-Matrix-animation-output-transform"/><input semantic="INTERPOLATION" source="#mixamorig_Spine2-Interpolations"/></sampler><channel source="#mixamorig_Spine2-Matrix-animation-transform" target="mixamorig_Spine2/matrix"/><source id="mixamorig_Neck-Matrix-animation-input"><float_array id="mixamorig_Neck-Matrix-animation-input-array" count="35">

0.000000 0.033333 0.066667 0.100000 0.133333 0.166667 0.200000 0.233333 0.266667 0.300000 0.333333 0.366667 0.400000 0.433333 0.466667 0.500000
0.533333 0.566667 0.600000 0.633333 0.666667 0.700000 0.733333 0.766667 0.800000 0.833333 0.866667 0.900000 0.933333 0.966667 1.000000 1.033333
1.066667 1.100000 1.133333</float_array><technique_common><accessor source="#mixamorig_Neck-Matrix-animation-input-array" count="35"><param name="TIME" type="float"/></accessor></technique_common></source><source id="mixamorig_Neck-Matrix-animation-output-transform"><float_array id="mixamorig_Neck-Matrix-animation-output-transform-array" count="560">

0.997232 0.074248 -0.003857 0.053100 -0.071458 0.942853 -0.325456 14.765000 -0.020528 0.324831 0.945549 2.581200 0.000000 0.000000 0.000000 1.000000
0.996557 0.082704 -0.005824 0.053100 -0.080295 0.945252 -0.316309 14.765000 -0.020655 0.315688 0.948638 2.581200 0.000000 0.000000 0.000000 1.000000
0.995945 0.089637 -0.007687 0.053100 -0.087614 0.946948 -0.309213 14.765000 -0.020438 0.308632 0.950962 2.581200 0.000000 0.000000 0.000000 1.000000
0.995703 0.092123 -0.009429 0.053100 -0.090521 0.946761 -0.308951 14.765000 -0.019535 0.308476 0.951031 2.581200 0.000000 0.000000 0.000000 1.000000
0.995634 0.092607 -0.011697 0.053100 -0.091667 0.946423 -0.309646 14.765000 -0.017605 0.309367 0.950780 2.581200 0.000000 0.000000 0.000000 1.000000
0.995542 0.093150 -0.014804 0.053100 -0.093181 0.947031 -0.307327 14.765000 -0.014608 0.307336 0.951489 2.581200 0.000000 0.000000 0.000000 1.000000
0.995446 0.093578 -0.018157 0.053100 -0.094652 0.947769 -0.304589 14.765000 -0.011294 0.304920 0.952311 2.581200 0.000000 0.000000 0.000000 1.000000
0.995344 0.093932 -0.021612 0.053100 -0.096067 0.948586 -0.301587 14.765000 -0.007828 0.302259 0.953194 2.581200 0.000000 0.000000 0.000000 1.000000
0.995235 0.094245 -0.025021 0.053100 -0.097411 0.949432 -0.298480 14.765000 -0.004375 0.299495 0.954088 2.581200 0.000000 0.000000 0.000000 1.000000
0.995120 0.094549 -0.028239 0.053100 -0.098670 0.950256 -0.295428 14.765000 -0.001098 0.296773 0.954948 2.581200 0.000000 0.000000 0.000000 1.000000
0.995003 0.094873 -0.031120 0.053100 -0.099829 0.951013 -0.292590 14.765000 0.001836 0.294235 0.955731 2.581200 0.000000 0.000000 0.000000 1.000000
0.995044 0.094678 -0.030390 0.053100 -0.099426 0.951517 -0.291082 14.765000 0.001357 0.292661 0.956215 2.581200 0.000000 0.000000 0.000000 1.000000
0.995210 0.094167 -0.026271 0.053100 -0.097734 0.951863 -0.290525 14.765000 -0.002351 0.291701 0.956507 2.581200 0.000000 0.000000 0.000000 1.000000
0.995423 0.093263 -0.020866 0.053100 -0.095298 0.952221 -0.290160 14.765000 -0.007192 0.290820 0.956751 2.581200 0.000000 0.000000 0.000000 1.000000
0.995797 0.090739 -0.012422 0.053100 -0.090436 0.952797 -0.289826 14.765000 -0.014463 0.289731 0.956999 2.581200 0.000000 0.000000 0.000000 1.000000
0.996178 0.087317 -0.002460 0.053100 -0.084238 0.952842 -0.291541 14.765000 -0.023112 0.290634 0.956555 2.581200 0.000000 0.000000 0.000000 1.000000
0.996408 0.084319 0.007897 0.053100 -0.078267 0.952468 -0.294413 14.765000 -0.032346 0.292737 0.955646 2.581200 0.000000 0.000000 0.000000 1.000000
0.996266 0.084305 0.018639 0.053100 -0.074798 0.950554 -0.301419 14.765000 -0.043128 0.298899 0.953310 2.581200 0.000000 0.000000 0.000000 1.000000
0.996097 0.083742 0.027901 0.053100 -0.071024 0.948088 -0.309975 14.765000 -0.052410 0.306783 0.950335 2.581200 0.000000 0.000000 0.000000 1.000000
0.996191 0.081651 0.030614 0.053100 -0.067931 0.946770 -0.314662 14.765000 -0.054677 0.311384 0.948710 2.581200 0.000000 0.000000 0.000000 1.000000
0.996335 0.079302 0.032071 0.053100 -0.065016 0.945673 -0.318553 14.765000 -0.055590 0.315301 0.947362 2.581200 0.000000 0.000000 0.000000 1.000000
0.996453 0.077497 0.032788 0.053100 -0.062911 0.944870 -0.321346 14.765000 -0.055884 0.318144 0.946394 2.581200 0.000000 0.000000 0.000000 1.000000
0.996455 0.078636 0.029898 0.053100 -0.065068 0.945656 -0.318591 14.765000 -0.053326 0.315516 0.947421 2.581200 0.000000 0.000000 0.000000 1.000000
0.996373 0.080567 0.027390 0.053100 -0.067921 0.946861 -0.314391 14.765000 -0.051264 0.311390 0.948898 2.581200 0.000000 0.000000 0.000000 1.000000
0.996273 0.082187 0.026171 0.053100 -0.070034 0.947905 -0.310760 14.765000 -0.050348 0.307769 0.950128 2.581200 0.000000 0.000000 0.000000 1.000000
0.996266 0.082521 0.025403 0.053100 -0.070693 0.948517 -0.308735 14.765000 -0.049573 0.305787 0.950809 2.581200 0.000000 0.000000 0.000000 1.000000
0.996393 0.081512 0.023602 0.053100 -0.070297 0.948633 -0.308471 14.765000 -0.047534 0.305699 0.950941 2.581200 0.000000 0.000000 0.000000 1.000000
0.996611 0.079735 0.020230 0.053100 -0.069578 0.948255 -0.309792 14.765000 -0.043884 0.307335 0.950589 2.581200 0.000000 0.000000 0.000000 1.000000
0.996850 0.077692 0.015962 0.053100 -0.068846 0.947505 -0.312242 14.765000 -0.039382 0.310160 0.949868 2.581200 0.000000 0.000000 0.000000 1.000000
0.997053 0.075798 0.011837 0.053100 -0.068225 0.946629 -0.315022 14.765000 -0.035083 0.313286 0.949011 2.581200 0.000000 0.000000 0.000000 1.000000
0.997134 0.075149 0.008695 0.053100 -0.068530 0.945983 -0.316891 14.765000 -0.032039 0.315387 0.948422 2.581200 0.000000 0.000000 0.000000 1.000000
0.997131 0.075439 0.006172 0.053100 -0.069564 0.945500 -0.318104 14.765000 -0.029833 0.316762 0.948036 2.581200 0.000000 0.000000 0.000000 1.000000
0.996978 0.077544 0.004720 0.053100 -0.072021 0.945328 -0.318068 14.765000 -0.029126 0.316766 0.948056 2.581200 0.000000 0.000000 0.000000 1.000000
0.996759 0.080353 0.003742 0.053100 -0.075009 0.945257 -0.317589 14.765000 -0.029057 0.316279 0.948221 2.581200 0.000000 0.000000 0.000000 1.000000
0.996540 0.083065 0.002933 0.053100 -0.077843 0.945096 -0.317386 14.765000 -0.029136 0.316059 0.948292 2.581200 0.000000 0.000000 0.000000 1.000000</float_array><technique_common><accessor source="#mixamorig_Neck-Matrix-animation-output-transform-array" count="35" stride="16"><param type="float4x4"/></accessor></technique_common></source><source id="mixamorig_Neck-Interpolations"><Name_array id="mixamorig_Neck-Interpolations-array" count="35">
 LINEAR LINEAR LINEAR LINEAR LINEAR LINEAR LINEAR LINEAR LINEAR LINEAR LINEAR
LINEAR LINEAR LINEAR LINEAR LINEAR LINEAR LINEAR LINEAR LINEAR LINEAR LINEAR LINEAR
LINEAR LINEAR LINEAR LINEAR LINEAR LINEAR LINEAR LINEAR LINEAR LINEAR LINEAR LINEAR</Name_array><technique_common><accessor source="#mixamorig_Neck-Interpolations-array" count="35"><param type="name"/></accessor></technique_common></source><sampler id="mixamorig_Neck-Matrix-animation-transform"><input semantic="INPUT" source="#mixamorig_Neck-Matrix-animation-input"/><input semantic="OUTPUT" source="#mixamorig_Neck-Matrix-animation-output-transform"/><input semantic="INTERPOLATION" source="#mixamorig_Neck-Interpolations"/></sampler><channel source="#mixamorig_Neck-Matrix-animation-transform" target="mixamorig_Neck/matrix"/><source id="mixamorig_Head-Matrix-animation-input"><float_array id="mixamorig_Head-Matrix-animation-input-array" count="35">

0.000000 0.033333 0.066667 0.100000 0.133333 0.166667 0.200000 0.233333 0.266667 0.300000 0.333333 0.366667 0.400000 0.433333 0.466667 0.500000
0.533333 0.566667 0.600000 0.633333 0.666667 0.700000 0.733333 0.766667 0.800000 0.833333 0.866667 0.900000 0.933333 0.966667 1.000000 1.033333
1.066667 1.100000 1.133333</float_array><technique_common><accessor source="#mixamorig_Head-Matrix-animation-input-array" count="35"><param name="TIME" type="float"/></accessor></technique_common></source><source id="mixamorig_Head-Matrix-animation-output-transform"><float_array id="mixamorig_Head-Matrix-animation-output-transform-array" count="560">

0.994933 0.099485 0.014526 0.079300 -0.100529 0.986528 0.129056 10.365700 -0.001491 -0.129862 0.991531 2.449900 0.000000 0.000000 0.000000 1.000000
0.996002 0.089282 -0.002851 0.079300 -0.088075 0.986861 0.135457 10.365700 0.014907 -0.134665 0.990779 2.449900 0.000000 0.000000 0.000000 1.000000
0.996633 0.079282 -0.020894 0.079300 -0.075551 0.987040 0.141578 10.365700 0.031848 -0.139523 0.989707 2.449900 0.000000 0.000000 0.000000 1.000000
0.996640 0.071716 -0.039567 0.079300 -0.065165 0.986928 0.147402 10.365700 0.049621 -0.144328 0.988285 2.449900 0.000000 0.000000 0.000000 1.000000
0.996317 0.060160 -0.061097 0.079300 -0.050186 0.986893 0.153376 10.365700 0.069523 -0.149745 0.986277 2.449900 0.000000 0.000000 0.000000 1.000000
0.995353 0.041501 -0.086892 0.079300 -0.027261 0.986890 0.159072 10.365700 0.092355 -0.155964 0.983436 2.449900 0.000000 0.000000 0.000000 1.000000
0.993213 0.021585 -0.114289 0.079300 -0.002612 0.986521 0.163615 10.365700 0.116280 -0.162206 0.979882 2.449900 0.000000 0.000000 0.000000 1.000000
0.989817 0.001098 -0.142341 0.079300 0.022903 0.985713 0.166870 10.365700 0.140490 -0.168431 0.975650 2.449900 0.000000 0.000000 0.000000 1.000000
0.985240 -0.019296 -0.170089 0.079300 0.048433 0.984448 0.168868 10.365700 0.164186 -0.174614 0.970852 2.449900 0.000000 0.000000 0.000000 1.000000
0.979713 -0.038961 -0.196584 0.079300 0.073156 0.982758 0.169810 10.365700 0.186579 -0.180747 0.965670 2.449900 0.000000 0.000000 0.000000 1.000000
0.973613 -0.057290 -0.220897 0.079300 0.096292 0.980718 0.170057 10.365700 0.206896 -0.186840 0.960357 2.449900 0.000000 0.000000 0.000000 1.000000
0.972851 -0.068481 -0.221069 0.079300 0.108815 0.978397 0.175779 10.365700 0.204256 -0.195062 0.959286 2.449900 0.000000 0.000000 0.000000 1.000000
0.978518 -0.063995 -0.195976 0.079300 0.101379 0.977090 0.187128 10.365700 0.179511 -0.202976 0.962588 2.449900 0.000000 0.000000 0.000000 1.000000
0.985471 -0.054155 -0.160981 0.079300 0.086456 0.975769 0.200997 10.365700 0.146195 -0.211994 0.966274 2.449900 0.000000 0.000000 0.000000 1.000000
0.994210 -0.032303 -0.102485 0.079300 0.054586 0.973348 0.222741 10.365700 0.092558 -0.227045 0.969476 2.449900 0.000000 0.000000 0.000000 1.000000
0.999584 -0.002420 -0.028753 0.079300 0.009353 0.969855 0.243504 10.365700 0.027297 -0.243671 0.969474 2.449900 0.000000 0.000000 0.000000 1.000000
0.998303 0.028537 0.050770 0.079300 -0.040648 0.965694 0.256480 10.365700 -0.041709 -0.258108 0.965215 2.449900 0.000000 0.000000 0.000000 1.000000
0.988069 0.065977 0.139164 0.079300 -0.099840 0.962408 0.252593 10.365700 -0.117267 -0.263473 0.957513 2.449900 0.000000 0.000000 0.000000 1.000000
0.971941 0.096904 0.214338 0.079300 -0.147622 0.960703 0.235069 10.365700 -0.183136 -0.260114 0.948052 2.449900 0.000000 0.000000 0.000000 1.000000
0.965206 0.111409 0.236572 0.079300 -0.164752 0.961643 0.219315 10.365700 -0.203064 -0.250660 0.946538 2.449900 0.000000 0.000000 0.000000 1.000000
0.960796 0.123000 0.248480 0.079300 -0.176145 0.962897 0.204456 10.365700 -0.214113 -0.240209 0.946813 2.449900 0.000000 0.000000 0.000000 1.000000
0.957656 0.133957 0.254855 0.079300 -0.185671 0.963857 0.191063 10.365700 -0.220049 -0.230292 0.947916 2.449900 0.000000 0.000000 0.000000 1.000000
