<?xml version="1.0" encoding="utf-8"?>
<COLLADA xmlns="http://www.collada.org/2005/11/COLLADASchema" version="1.4.1">
  <asset><contributor><author>Mixamo</author><authoring_tool>COLLADA Mixamo exporter</authoring_tool><comments></comments></contributor><created>2018-01-13T15:16:04Z</created><modified>2018-01-13T15:16:04Z</modified><revision></revision><title></title><unit meter="0.010000"/><up_axis>Y_UP</up_axis></asset>
  <library_animations>
    <animation id="mixamorig_Hips-anim" name="mixamorig_Hips"><source id="mixamorig_Hips-Matrix-animation-input"><float_array id="mixamorig_Hips-Matrix-animation-input-array" count="33">

0.000000 0.033333 0.066667 0.100000 0.133333 0.166667 0.200000 0.233333 0.266667 0.300000 0.333333 0.366667 0.400000 0.433333 0.466667 0.500000
0.533333 0.566667 0.600000 0.633333 0.666667 0.700000 0.733333 0.766667 0.800000 0.833333 0.866667 0.900000 0.933333 0.966667 1.000000 1.033333
1.066667</float_array><technique_common><accessor source="#mixamorig_Hips-Matrix-animation-input-array" count="33"><param name="TIME" type="float"/></accessor></technique_common></source><source id="mixamorig_Hips-Matrix-animation-output-transform"><float_array id="mixamorig_Hips-Matrix-animation-output-transform-array" count="528">

0.902571 -0.055358 -0.426968 0.296532 -0.023086 0.984050 -0.176387 92.287910 0.429922 0.169059 0.886897 -0.830443 0.000000 0.000000 0.000000 1.000000
0.896236 -0.064173 -0.438911 0.388789 -0.023655 0.981157 -0.191757 91.984512 0.442946 0.182242 0.877831 -0.932499 0.000000 0.000000 0.000000 1.000000
0.906581 -0.069326 -0.416298 0.750467 -0.023546 0.976570 -0.213906 91.568581 0.421374 0.203726 0.883708 -0.990227 0.000000 0.000000 0.000000 1.000000
0.933998 -0.066348 -0.351062 0.979766 -0.018329 0.972414 -0.232542 91.198265 0.356807 0.223628 0.907017 -0.988721 0.000000 0.000000 0.000000 1.000000
0.972176 -0.050328 -0.228783 0.776445 -0.005842 0.971136 -0.238454 90.980095 0.234181 0.233156 0.943821 -0.731396 0.000000 0.000000 0.000000 1.000000
0.998974 -0.021697 -0.039755 0.198728 0.011622 0.971193 -0.238009 90.922287 0.043774 0.237303 0.970449 -0.080468 0.000000 0.000000 0.000000 1.000000
0.982244 0.015672 0.186954 -0.405820 0.027507 0.973705 -0.226146 90.921104 -0.185582 0.227273 0.955985 0.858384 0.000000 0.000000 0.000000 1.000000
0.907923 0.049088 0.416252 -0.738403 0.042774 0.977082 -0.208522 90.901749 -0.416949 0.207127 0.885015 1.980126 0.000000 0.000000 0.000000 1.000000
0.789097 0.071652 0.610076 -0.749382 0.054590 0.981064 -0.185832 90.829849 -0.611839 0.179944 0.770243 3.058415 0.000000 0.000000 0.000000 1.000000
0.663893 0.077647 0.743786 -0.633915 0.061536 0.985550 -0.157812 90.696686 -0.745292 0.150540 0.649521 3.868514 0.000000 0.000000 0.000000 1.000000
0.569681 0.067698 0.819073 -0.535747 0.065110 0.989752 -0.127090 90.462776 -0.819282 0.125730 0.559436 4.423240 0.000000 0.000000 0.000000 1.000000
0.520989 0.050650 0.852059 -0.463576 0.070282 0.992303 -0.101961 90.188599 -0.850665 0.113005 0.513419 4.654925 0.000000 0.000000 0.000000 1.000000
0.502600 0.039820 0.863602 -0.556258 0.076637 0.992954 -0.090386 89.933708 -0.861116 0.111612 0.496007 4.842906 0.000000 0.000000 0.000000 1.000000
0.505883 0.044198 0.861469 -0.694151 0.076045 0.992513 -0.095577 89.822769 -0.859243 0.113861 0.498735 5.056255 0.000000 0.000000 0.000000 1.000000
0.511419 0.050698 0.857835 -0.847963 0.074473 0.991887 -0.103020 89.726929 -0.856098 0.116572 0.503494 5.281489 0.000000 0.000000 0.000000 1.000000
0.520240 0.057971 0.852051 -0.979082 0.072406 0.991107 -0.111641 89.652908 -0.850945 0.119773 0.511416 5.486182 0.000000 0.000000 0.000000 1.000000
0.533339 0.064657 0.843427 -1.048895 0.070283 0.990240 -0.120355 89.607407 -0.842977 0.123469 0.523590 5.637904 0.000000 0.000000 0.000000 1.000000
0.579897 0.069737 0.811700 -0.687707 0.066337 0.988979 -0.132361 89.788773 -0.811985 0.130601 0.568880 5.415043 0.000000 0.000000 0.000000 1.000000
0.656597 0.064447 0.751483 -0.081517 0.064206 0.987950 -0.140826 90.185234 -0.751504 0.140716 0.644547 4.991793 0.000000 0.000000 0.000000 1.000000
0.732712 0.057019 0.678146 0.570019 0.059618 0.987275 -0.147426 90.622780 -0.677922 0.148450 0.719989 4.530811 0.000000 0.000000 0.000000 1.000000
0.803856 0.049080 0.592796 1.212093 0.052275 0.986905 -0.152596 91.072525 -0.592523 0.153654 0.790764 4.067289 0.000000 0.000000 0.000000 1.000000
0.877636 0.038194 0.477803 1.788584 0.042914 0.986556 -0.157687 91.573624 -0.477402 0.158896 0.864199 3.602798 0.000000 0.000000 0.000000 1.000000
0.934361 0.030427 0.355026 1.997635 0.030621 0.985805 -0.165076 91.946869 -0.355009 0.165112 0.920166 3.115742 0.000000 0.000000 0.000000 1.000000
0.974034 0.022867 0.225244 2.160831 0.016058 0.985403 -0.169478 92.310837 -0.225832 0.168695 0.959449 2.628607 0.000000 0.000000 0.000000 1.000000
0.995552 0.015366 0.092948 2.287738 0.000667 0.985434 -0.170059 92.644539 -0.094207 0.169365 0.981041 2.132011 0.000000 0.000000 0.000000 1.000000
0.999275 0.007933 -0.037230 2.387917 -0.014034 0.985925 -0.166599 92.927002 0.035384 0.167001 0.985322 1.616572 0.000000 0.000000 0.000000 1.000000
0.990231 -0.002175 -0.139419 2.238597 -0.020691 0.986516 -0.162352 92.822853 0.137892 0.163651 0.976834 0.962858 0.000000 0.000000 0.000000 1.000000
0.973786 -0.011477 -0.227178 2.049439 -0.025185 0.987146 -0.157826 92.700661 0.226069 0.159410 0.960979 0.306225 0.000000 0.000000 0.000000 1.000000
0.959720 -0.019546 -0.280278 1.687057 -0.026044 0.987093 -0.158019 92.645607 0.279749 0.158953 0.946823 -0.028009 0.000000 0.000000 0.000000 1.000000
0.944091 -0.027561 -0.328530 1.297529 -0.026398 0.986980 -0.158660 92.602943 0.328625 0.158462 0.931072 -0.322210 0.000000 0.000000 0.000000 1.000000
0.927346 -0.035731 -0.372495 0.905504 -0.026329 0.986734 -0.160196 92.556320 0.373277 0.158364 0.914103 -0.584042 0.000000 0.000000 0.000000 1.000000
0.909776 -0.044327 -0.412726 0.535631 -0.025914 0.986278 -0.163049 92.489372 0.414290 0.159034 0.896143 -0.821172 0.000000 0.000000 0.000000 1.000000
0.902571 -0.055358 -0.426968 0.296532 -0.023086 0.984050 -0.176387 92.287910 0.429922 0.169059 0.886897 -0.830443 0.000000 0.000000 0.000000 1.000000</float_array><technique_common><accessor source="#mixamorig_Hips-Matrix-animation-output-transform-array" count="33" stride="16"><param type="float4x4"/></accessor></technique_common></source><source id="mixamorig_Hips-Interpolations"><Name_array id="mixamorig_Hips-Interpolations-array" count="33">
 LINEAR LINEAR LINEAR LINEAR LINEAR LINEAR LINEAR LINEAR LINEAR LINEAR LINEAR
LINEAR LINEAR LINEAR LINEAR LINEAR LINEAR LINEAR LINEAR LINEAR LINEAR LINEAR LINEAR
LINEAR LINEAR LINEAR LINEAR LINEAR LINEAR LINEAR LINEAR LINEAR LINEAR</Name_array><technique_common><accessor source="#mixamorig_Hips-Interpolations-array" count="33"><param type="name"/></accessor></technique_common></source><sampler id="mixamorig_Hips-Matrix-animation-transform"><input semantic="INPUT" source="#mixamorig_Hips-Matrix-animation-input"/><input semantic="OUTPUT" source="#mixamorig_Hips-Matrix-animation-output-transform"/><input semantic="INTERPOLATION" source="#mixamorig_Hips-Interpolations"/></sampler><channel source="#mixamorig_Hips-Matrix-animation-transform" target="mixamorig_Hips/matrix"/><source id="mixamorig_Spine-Matrix-animation-input"><float_array id="mixamorig_Spine-Matrix-animation-input-array" count="33">

0.000000 0.033333 0.066667 0.100000 0.133333 0.166667 0.200000 0.233333 0.266667 0.300000 0.333333 0.366667 0.400000 0.433333 0.466667 0.500000
0.533333 0.566667 0.600000 0.633333 0.666667 0.700000 0.733333 0.766667 0.800000 0.833333 0.866667 0.900000 0.933333 0.966667 1.000000 1.033333
1.066667</float_array><technique_common><accessor source="#mixamorig_Spine-Matrix-animation-input-array" count="33"><param name="TIME" type="float"/></accessor></technique_common></source><source id="mixamorig_Spine-Matrix-animation-output-transform"><float_array id="mixamorig_Spine-Matrix-animation-output-transform-array" count="528">

0.999958 0.004615 -0.007940 -0.000100 -0.003852 0.995599 0.093637 9.856800 0.008337 -0.093602 0.995575 -1.223200 0.000000 0.000000 0.000000 1.000000
0.999930 0.006466 -0.009948 -0.000100 -0.005520 0.995707 0.092399 9.856800 0.010503 -0.092338 0.995672 -1.223200 0.000000 0.000000 0.000000 1.000000
0.999865 0.005526 -0.015447 -0.000100 -0.004095 0.995822 0.091218 9.856800 0.015887 -0.091143 0.995711 -1.223200 0.000000 0.000000 0.000000 1.000000
0.999723 0.003821 -0.023220 -0.000100 -0.001702 0.995885 0.090611 9.856800 0.023470 -0.090547 0.995616 -1.223200 0.000000 0.000000 0.000000 1.000000
0.999562 0.000588 -0.029602 -0.000100 0.002037 0.996066 0.088591 9.856800 0.029538 -0.088612 0.995628 -1.223200 0.000000 0.000000 0.000000 1.000000
0.999432 -0.009181 -0.032431 -0.000100 0.012056 0.995907 0.089582 9.856800 0.031476 -0.089922 0.995451 -1.223200 0.000000 0.000000 0.000000 1.000000
0.999138 -0.025069 -0.033093 -0.000100 0.027986 0.995471 0.090850 9.856800 0.030666 -0.091698 0.995315 -1.223200 0.000000 0.000000 0.000000 1.000000
0.998591 -0.042352 -0.031974 -0.000100 0.045192 0.994542 0.094037 9.856800 0.027817 -0.095350 0.995055 -1.223200 0.000000 0.000000 0.000000 1.000000
0.997880 -0.058315 -0.028892 -0.000100 0.060877 0.993361 0.097607 9.856800 0.023008 -0.099159 0.994806 -1.223200 0.000000 0.000000 0.000000 1.000000
0.997387 -0.068219 -0.023759 -0.000100 0.070265 0.992519 0.099843 9.856800 0.016770 -0.101252 0.994719 -1.223200 0.000000 0.000000 0.000000 1.000000
0.997368 -0.070526 -0.016804 -0.000100 0.071857 0.992401 0.099881 9.856800 0.009632 -0.100825 0.994858 -1.223200 0.000000 0.000000 0.000000 1.000000
0.997702 -0.067223 -0.008512 -0.000100 0.067735 0.992867 0.098117 9.856800 0.001856 -0.098468 0.995138 -1.223200 0.000000 0.000000 0.000000 1.000000
0.998098 -0.061652 -0.000125 -0.000100 0.061381 0.993524 0.095613 9.856800 -0.005770 -0.095439 0.995419 -1.223200 0.000000 0.000000 0.000000 1.000000
0.998337 -0.057512 0.003979 -0.000100 0.056884 0.993939 0.094076 9.856800 -0.009365 -0.093693 0.995557 -1.223200 0.000000 0.000000 0.000000 1.000000
0.998536 -0.053567 0.007560 -0.000100 0.052638 0.994308 0.092634 9.856800 -0.012479 -0.092100 0.995672 -1.223200 0.000000 0.000000 0.000000 1.000000
0.998708 -0.049696 0.010656 -0.000100 0.048519 0.994642 0.091282 9.856800 -0.015136 -0.090647 0.995768 -1.223200 0.000000 0.000000 0.000000 1.000000
0.998863 -0.045780 0.013304 -0.000100 0.044401 0.994950 0.090014 9.856800 -0.017358 -0.089321 0.995852 -1.223200 0.000000 0.000000 0.000000 1.000000
0.999050 -0.041845 0.012142 -0.000100 0.040591 0.995142 0.089689 9.856800 -0.015836 -0.089111 0.995896 -1.223200 0.000000 0.000000 0.000000 1.000000
0.999294 -0.036473 0.008998 -0.000100 0.035528 0.995387 0.089121 9.856800 -0.012207 -0.088738 0.995980 -1.223200 0.000000 0.000000 0.000000 1.000000
0.999509 -0.030841 0.005477 -0.000100 0.030236 0.995613 0.088547 9.856800 -0.008184 -0.088338 0.996057 -1.223200 0.000000 0.000000 0.000000 1.000000
0.999677 -0.025350 0.001944 -0.000100 0.025080 0.995794 0.088125 9.856800 -0.004170 -0.088048 0.996108 -1.223200 0.000000 0.000000 0.000000 1.000000
0.999785 -0.020678 -0.001493 -0.000100 0.020729 0.995874 0.088348 9.856800 -0.000340 -0.088360 0.996089 -1.223200 0.000000 0.000000 0.000000 1.000000
0.999829 -0.018257 -0.002967 -0.000100 0.018449 0.995883 0.088750 9.856800 0.001335 -0.088790 0.996050 -1.223200 0.000000 0.000000 0.000000 1.000000
0.999860 -0.016213 -0.004184 -0.000100 0.016522 0.995877 0.089194 9.856800 0.002721 -0.089250 0.996006 -1.223200 0.000000 0.000000 0.000000 1.000000
0.999886 -0.014135 -0.005235 -0.000100 0.014547 0.995871 0.089610 9.856800 0.003947 -0.089676 0.995963 -1.223200 0.000000 0.000000 0.000000 1.000000
0.999913 -0.011610 -0.006212 -0.000100 0.012122 0.995874 0.089933 9.856800 0.005142 -0.090001 0.995928 -1.223200 0.000000 0.000000 0.000000 1.000000
0.999960 -0.006267 -0.006361 -0.000100 0.006812 0.995956 0.089581 9.856800 0.005774 -0.089621 0.995959 -1.223200 0.000000 0.000000 0.000000 1.000000
0.999976 -0.001815 -0.006659 -0.000100 0.002404 0.995986 0.089474 9.856800 0.006470 -0.089488 0.995967 -1.223200 0.000000 0.000000 0.000000 1.000000
0.999977 0.000159 -0.006775 -0.000100 0.000452 0.995933 0.090092 9.856800 0.006762 -0.090093 0.995910 -1.223200 0.000000 0.000000 0.000000 1.000000
0.999975 0.001814 -0.006849 -0.000100 -0.001185 0.995868 0.090802 9.856800 0.006985 -0.090792 0.995845 -1.223200 0.000000 0.000000 0.000000 1.000000
0.999971 0.003249 -0.006947 -0.000100 -0.002599 0.995794 0.091580 9.856800 0.007215 -0.091559 0.995774 -1.223200 0.000000 0.000000 0.000000 1.000000
0.999964 0.004563 -0.007133 -0.000100 -0.003884 0.995714 0.092400 9.856800 0.007524 -0.092369 0.995696 -1.223200 0.000000 0.000000 0.000000 1.000000
0.999958 0.004615 -0.007940 -0.000100 -0.003852 0.995599 0.093637 9.856800 0.008337 -0.093602 0.995575 -1.223200 0.000000 0.000000 0.000000 1.000000</float_array><technique_common><accessor source="#mixamorig_Spine-Matrix-animation-output-transform-array" count="33" stride="16"><param type="float4x4"/></accessor></technique_common></source><source id="mixamorig_Spine-Interpolations"><Name_array id="mixamorig_Spine-Interpolations-array" count="33">
 LINEAR LINEAR LINEAR LINEAR LINEAR LINEAR LINEAR LINEAR LINEAR LINEAR LINEAR
LINEAR LINEAR LINEAR LINEAR LINEAR LINEAR LINEAR LINEAR LINEAR LINEAR LINEAR LINEAR
LINEAR LINEAR LINEAR LINEAR LINEAR LINEAR LINEAR LINEAR LINEAR LINEAR</Name_array><technique_common><accessor source="#mixamorig_Spine-Interpolations-array" count="33"><param type="name"/></accessor></technique_common></source><sampler id="mixamorig_Spine-Matrix-animation-transform"><input semantic="INPUT" source="#mixamorig_Spine-Matrix-animation-input"/><input semantic="OUTPUT" source="#mixamorig_Spine-Matrix-animation-output-transform"/><input semantic="INTERPOLATION" source="#mixamorig_Spine-Interpolations"/></sampler><channel source="#mixamorig_Spine-Matrix-animation-transform" target="mixamorig_Spine/matrix"/><source id="mixamorig_Spine1-Matrix-animation-input"><float_array id="mixamorig_Spine1-Matrix-animation-input-array" count="33">

0.000000 0.033333 0.066667 0.100000 0.133333 0.166667 0.200000 0.233333 0.266667 0.300000 0.333333 0.366667 0.400000 0.433333 0.466667 0.500000
0.533333 0.566667 0.600000 0.633333 0.666667 0.700000 0.733333 0.766667 0.800000 0.833333 0.866667 0.900000 0.933333 0.966667 1.000000 1.033333
1.066667</float_array><technique_common><accessor source="#mixamorig_Spine1-Matrix-animation-input-array" count="33"><param name="TIME" type="float"/></accessor></technique_common></source><source id="mixamorig_Spine1-Matrix-animation-output-transform"><float_array id="mixamorig_Spine1-Matrix-animation-output-transform-array" count="528">

0.999873 -0.004202 -0.015373 0.000000 0.003316 0.998355 -0.057234 11.653700 0.015588 0.057176 0.998242 0.000000 0.000000 0.000000 0.000000 1.000000
0.999803 -0.004903 -0.019235 -0.000000 0.003768 0.998276 -0.058566 11.653700 0.019489 0.058482 0.998098 -0.000000 0.000000 0.000000 0.000000 1.000000
0.999550 -0.005928 -0.029408 0.000000 0.004119 0.998117 -0.061208 11.653700 0.029716 0.061059 0.997692 0.000000 0.000000 0.000000 0.000000 1.000000
0.998980 -0.007278 -0.044566 -0.000000 0.004418 0.997945 -0.063928 11.653700 0.044939 0.063666 0.996959 0.000000 0.000000 0.000000 0.000000 1.000000
0.998302 -0.009857 -0.057407 -0.000000 0.006035 0.997777 -0.066367 11.653700 0.057934 0.065908 0.996142 -0.000000 0.000000 0.000000 0.000000 1.000000
0.997911 -0.013952 -0.063074 -0.000000 0.009853 0.997847 -0.064837 11.653700 0.063843 0.064080 0.995900 -0.000000 0.000000 0.000000 0.000000 1.000000
0.997867 -0.020412 -0.062009 0.000000 0.016565 0.997943 -0.061934 11.653700 0.063146 0.060774 0.996152 0.000000 0.000000 0.000000 0.000000 1.000000
0.998049 -0.028050 -0.055787 0.000000 0.024840 0.998041 -0.057425 11.653700 0.057288 0.055927 0.996790 -0.000000 0.000000 0.000000 0.000000 1.000000
0.998415 -0.035401 -0.043749 0.000000 0.033054 0.998034 -0.053246 11.653700 0.045548 0.051716 0.997623 0.000000 0.000000 0.000000 0.000000 1.000000
0.998883 -0.040234 -0.024777 -0.000000 0.038915 0.997909 -0.051600 11.653700 0.026802 0.050578 0.998360 0.000000 0.000000 0.000000 0.000000 1.000000
0.999145 -0.041318 -0.001273 -0.000000 0.041191 0.997719 -0.053476 11.653700 0.003479 0.053378 0.998568 0.000000 0.000000 0.000000 0.000000 1.000000
0.999014 -0.038660 0.021837 -0.000000 0.039870 0.997518 -0.058039 11.653700 -0.019539 0.058852 0.998075 -0.000000 0.000000 0.000000 0.000000 1.000000
0.998620 -0.033525 0.040426 0.000000 0.036048 0.997338 -0.063380 11.653700 -0.038194 0.064750 0.997170 0.000000 0.000000 0.000000 0.000000 1.000000
0.998496 -0.029193 0.046405 -0.000000 0.032231 0.997291 -0.066123 11.653700 -0.044349 0.067519 0.996732 -0.000000 0.000000 0.000000 0.000000 1.000000
0.998397 -0.024945 0.050800 0.000000 0.028405 0.997242 -0.068571 11.653700 -0.048949 0.069904 0.996352 -0.000000 0.000000 0.000000 0.000000 1.000000
0.998328 -0.020811 0.053925 0.000000 0.024609 0.997190 -0.070755 11.653700 -0.052301 0.071964 0.996035 -0.000000 0.000000 0.000000 0.000000 1.000000
0.998284 -0.016815 0.056095 0.000000 0.020882 0.997134 -0.072710 11.653700 -0.054712 0.073757 0.995774 -0.000000 0.000000 0.000000 0.000000 1.000000
0.998672 -0.014065 0.049565 0.000000 0.017637 0.997221 -0.072382 11.653700 -0.048409 0.073160 0.996145 -0.000000 0.000000 0.000000 0.000000 1.000000
0.999144 -0.011298 0.039800 0.000000 0.014150 0.997295 -0.072134 11.653700 -0.038877 0.072636 0.996601 -0.000000 0.000000 0.000000 0.000000 1.000000
0.999531 -0.008527 0.029420 0.000000 0.010623 0.997360 -0.071829 11.653700 -0.028730 0.072108 0.996983 0.000000 0.000000 0.000000 0.000000 1.000000
0.999803 -0.005893 0.018944 0.000000 0.007230 0.997430 -0.071283 11.653700 -0.018475 0.071406 0.997276 -0.000000 0.000000 0.000000 0.000000 1.000000
0.999959 -0.004021 0.008162 0.000000 0.004581 0.997553 -0.069767 11.653700 -0.007861 0.069801 0.997530 -0.000000 0.000000 0.000000 0.000000 1.000000
0.999994 -0.002452 0.002514 0.000000 0.002619 0.997643 -0.068571 11.653700 -0.002340 0.068577 0.997643 0.000000 0.000000 0.000000 0.000000 1.000000
0.999996 -0.000919 -0.002491 0.000000 0.000749 0.997726 -0.067391 11.653700 0.002547 0.067388 0.997724 0.000000 0.000000 0.000000 0.000000 1.000000
0.999975 0.000608 -0.006986 0.000000 -0.001070 0.997802 -0.066258 11.653700 0.006930 0.066264 0.997778 -0.000000 0.000000 0.000000 0.000000 1.000000
0.999936 0.002161 -0.011106 0.000000 -0.002881 0.997868 -0.065201 11.653700 0.010942 0.065229 0.997810 0.000000 0.000000 0.000000 0.000000 1.000000
0.999924 0.003766 -0.011760 0.000000 -0.004521 0.997884 -0.064863 11.653700 0.011491 0.064911 0.997825 -0.000000 0.000000 0.000000 0.000000 1.000000
0.999913 0.004744 -0.012279 0.000000 -0.005522 0.997927 -0.064121 11.653700 0.011949 0.064184 0.997867 -0.000000 0.000000 0.000000 0.000000 1.000000
0.999914 0.003466 -0.012648 0.000000 -0.004254 0.998013 -0.062860 11.653700 0.012405 0.062908 0.997942 0.000000 0.000000 0.000000 0.000000 1.000000
0.999914 0.001889 -0.012979 0.000000 -0.002685 0.998102 -0.061530 11.653700 0.012839 0.061560 0.998021 0.000000 0.000000 0.000000 0.000000 1.000000
0.999911 0.000138 -0.013363 0.000000 -0.000941 0.998188 -0.060161 11.653700 0.013331 0.060168 0.998099 -0.000000 0.000000 0.000000 0.000000 1.000000
0.999902 -0.001666 -0.013888 0.000000 0.000847 0.998271 -0.058781 11.653700 0.013962 0.058763 0.998174 0.000000 0.000000 0.000000 0.000000 1.000000
0.999873 -0.004202 -0.015373 0.000000 0.003316 0.998355 -0.057234 11.653700 0.015588 0.057176 0.998242 0.000000 0.000000 0.000000 0.000000 1.000000</float_array><technique_common><accessor source="#mixamorig_Spine1-Matrix-animation-output-transform-array" count="33" stride="16"><param type="float4x4"/></accessor></technique_common></source><source id="mixamorig_Spine1-Interpolations"><Name_array id="mixamorig_Spine1-Interpolations-array" count="33">
 LINEAR LINEAR LINEAR LINEAR LINEAR LINEAR LINEAR LINEAR LINEAR LINEAR LINEAR
LINEAR LINEAR LINEAR LINEAR LINEAR LINEAR LINEAR LINEAR LINEAR LINEAR LINEAR LINEAR
LINEAR LINEAR LINEAR LINEAR LINEAR LINEAR LINEAR LINEAR LINEAR LINEAR</Name_array><technique_common><accessor source="#mixamorig_Spine1-Interpolations-array" count="33"><param type="name"/></accessor></technique_common></source><sampler id="mixamorig_Spine1-Matrix-animation-transform"><input semantic="INPUT" source="#mixamorig_Spine1-Matrix-animation-input"/><input semantic="OUTPUT" source="#mixamorig_Spine1-Matrix-animation-output-transform"/><input semantic="INTERPOLATION" source="#mixamorig_Spine1-Interpolations"/></sampler><channel source="#mixamorig_Spine1-Matrix-animation-transform" target="mixamorig_Spine1/matrix"/><source id="mixamorig_Spine2-Matrix-animation-input"><float_array id="mixamorig_Spine2-Matrix-animation-input-array" count="33">

0.000000 0.033333 0.066667 0.100000 0.133333 0.166667 0.200000 0.233333 0.266667 0.300000 0.333333 0.366667 0.400000 0.433333 0.466667 0.500000
0.533333 0.566667 0.600000 0.633333 0.666667 0.700000 0.733333 0.766667 0.800000 0.833333 0.866667 0.900000 0.933333 0.966667 1.000000 1.033333
1.066667</float_array><technique_common><accessor source="#mixamorig_Spine2-Matrix-animation-input-array" count="33"><param name="TIME" type="float"/></accessor></technique_common></source><source id="mixamorig_Spine2-Matrix-animation-output-transform"><float_array id="mixamorig_Spine2-Matrix-animation-output-transform-array" count="528">

0.999871 -0.004212 -0.015470 0.000000 0.003328 0.998382 -0.056763 13.369100 0.015684 0.056704 0.998268 0.000000 0.000000 0.000000 0.000000 1.000000
0.999800 -0.004909 -0.019368 0.000000 0.003776 0.998304 -0.058095 13.369100 0.019621 0.058010 0.998123 0.000000 0.000000 0.000000 0.000000 1.000000
0.999547 -0.005937 -0.029509 0.000000 0.004135 0.998144 -0.060758 13.369100 0.029815 0.060608 0.997716 -0.000000 0.000000 0.000000 0.000000 1.000000
0.998974 -0.007302 -0.044698 0.000000 0.004454 0.997973 -0.063484 13.369100 0.045071 0.063219 0.996981 0.000000 0.000000 0.000000 0.000000 1.000000
0.998294 -0.009840 -0.057549 0.000000 0.006034 0.997805 -0.065941 13.369100 0.058071 0.065482 0.996163 0.000000 0.000000 0.000000 0.000000 1.000000
0.997910 -0.013972 -0.063087 -0.000000 0.009892 0.997867 -0.064520 13.369100 0.063853 0.063761 0.995920 0.000000 0.000000 0.000000 0.000000 1.000000
0.997879 -0.020480 -0.061793 -0.000000 0.016656 0.997951 -0.061784 13.369100 0.062932 0.060623 0.996175 0.000000 0.000000 0.000000 0.000000 1.000000
0.998071 -0.028211 -0.055308 -0.000000 0.025031 0.998039 -0.057378 13.369100 0.056818 0.055883 0.996819 0.000000 0.000000 0.000000 0.000000 1.000000
0.998440 -0.035622 -0.042994 0.000000 0.033318 0.998030 -0.053168 13.369100 0.044803 0.051653 0.997660 0.000000 0.000000 0.000000 0.000000 1.000000
0.998900 -0.040416 -0.023779 0.000000 0.039155 0.997914 -0.051331 13.369100 0.025804 0.050344 0.998399 -0.000000 0.000000 0.000000 0.000000 1.000000
0.999144 -0.041366 -0.000105 -0.000000 0.041302 0.997744 -0.052930 13.369100 0.002295 0.052880 0.998598 0.000000 0.000000 0.000000 0.000000 1.000000
0.998991 -0.038541 0.023068 0.000000 0.039807 0.997567 -0.057234 13.369100 -0.020806 0.058094 0.998094 0.000000 0.000000 0.000000 0.000000 1.000000
0.998579 -0.033269 0.041623 0.000000 0.035831 0.997408 -0.062403 13.369100 -0.039439 0.063805 0.997183 0.000000 0.000000 0.000000 0.000000 1.000000
0.998452 -0.028905 0.047514 0.000000 0.031973 0.997365 -0.065124 13.369100 -0.045507 0.066542 0.996745 0.000000 0.000000 0.000000 0.000000 1.000000
0.998353 -0.024639 0.051814 0.000000 0.028120 0.997318 -0.067569 13.369100 -0.050010 0.068914 0.996368 0.000000 0.000000 0.000000 0.000000 1.000000
0.998285 -0.020498 0.054843 0.000000 0.024309 0.997267 -0.069761 13.369100 -0.053263 0.070975 0.996055 0.000000 0.000000 0.000000 0.000000 1.000000
0.998242 -0.016502 0.056920 0.000000 0.020575 0.997212 -0.071729 13.369100 -0.055578 0.072774 0.995799 -0.000000 0.000000 0.000000 0.000000 1.000000
0.998638 -0.013823 0.050318 0.000000 0.017406 0.997290 -0.071475 13.369100 -0.049194 0.072254 0.996172 -0.000000 0.000000 0.000000 0.000000 1.000000
0.999118 -0.011129 0.040480 -0.000000 0.013999 0.997355 -0.071323 13.369100 -0.039579 0.071827 0.996632 0.000000 0.000000 0.000000 0.000000 1.000000
0.999514 -0.008434 0.030025 -0.000000 0.010553 0.997412 -0.071118 13.369100 -0.029348 0.071400 0.997016 0.000000 0.000000 0.000000 0.000000 1.000000
0.999793 -0.005871 0.019472 0.000000 0.007234 0.997474 -0.070670 13.369100 -0.019008 0.070796 0.997310 -0.000000 0.000000 0.000000 0.000000 1.000000
0.999955 -0.004036 0.008609 0.000000 0.004623 0.997589 -0.069244 13.369100 -0.008309 0.069281 0.997563 -0.000000 0.000000 0.000000 0.000000 1.000000
0.999993 -0.002477 0.002920 0.000000 0.002670 0.997676 -0.068085 13.369100 -0.002745 0.068093 0.997675 -0.000000 0.000000 0.000000 0.000000 1.000000
0.999997 -0.000950 -0.002120 0.000000 0.000806 0.997757 -0.066937 13.369100 0.002179 0.066935 0.997755 0.000000 0.000000 0.000000 0.000000 1.000000
0.999978 0.000573 -0.006648 0.000000 -0.001010 0.997830 -0.065830 13.369100 0.006596 0.065835 0.997809 -0.000000 0.000000 0.000000 0.000000 1.000000
0.999939 0.002121 -0.010804 0.000000 -0.002817 0.997895 -0.064792 13.369100 0.010643 0.064819 0.997840 -0.000000 0.000000 0.000000 0.000000 1.000000
0.999927 0.003727 -0.011495 0.000000 -0.004460 0.997913 -0.064420 13.369100 0.011231 0.064467 0.997857 0.000000 0.000000 0.000000 0.000000 1.000000
0.999916 0.004708 -0.012080 0.000000 -0.005468 0.997957 -0.063655 13.369100 0.011755 0.063716 0.997899 -0.000000 0.000000 0.000000 0.000000 1.000000
0.999916 0.003436 -0.012523 0.000000 -0.004211 0.998043 -0.062393 13.369100 0.012284 0.062441 0.997973 0.000000 0.000000 0.000000 0.000000 1.000000
0.999915 0.001866 -0.012930 -0.000000 -0.002652 0.998130 -0.061067 13.369100 0.012792 0.061096 0.998050 0.000000 0.000000 0.000000 0.000000 1.000000
0.999910 0.000121 -0.013386 0.000000 -0.000920 0.998216 -0.059702 13.369100 0.013355 0.059709 0.998127 -0.000000 0.000000 0.000000 0.000000 1.000000
0.999901 -0.001677 -0.013976 -0.000000 0.000859 0.998297 -0.058323 13.369100 0.014050 0.058305 0.998200 -0.000000 0.000000 0.000000 0.000000 1.000000
0.999871 -0.004212 -0.015470 0.000000 0.003328 0.998382 -0.056763 13.369100 0.015684 0.056704 0.998268 0.000000 0.000000 0.000000 0.000000 1.000000</float_array><technique_common><accessor source="#mixamorig_Spine2-Matrix-animation-output-transform-array" count="33" stride="16"><param type="float4x4"/></accessor></technique_common></source><source id="mixamorig_Spine2-Interpolations"><Name_array id="mixamorig_Spine2-Interpolations-array" count="33">
 LINEAR LINEAR LINEAR LINEAR LINEAR LINEAR LINEAR LINEAR LINEAR LINEAR LINEAR
LINEAR LINEAR LINEAR LINEAR LINEAR LINEAR LINEAR LINEAR LINEAR LINEAR LINEAR LINEAR
LINEAR LINEAR LINEAR LINEAR LINEAR LINEAR LINEAR LINEAR LINEAR LINEAR</Name_array><technique_common><accessor source="#mixamorig_Spine2-Interpolations-array" count="33"><param type="name"/></accessor></technique_common></source><sampler id="mixamorig_Spine2-Matrix-animation-transform"><input semantic="INPUT" source="#mixamorig_Spine2-Matrix-animation-input"/><input semantic="OUTPUT" source="#mixamorig_Spine2-Matrix-animation-output-transform"/><input semantic="INTERPOLATION" source="#mixamorig_Spine2-Interpolations"/></sampler><channel source="#mixamorig_Spine2-Matrix-animation-transform" target="mixamorig_Spine2/matrix"/><source id="mixamorig_Neck-Matrix-animation-input"><float_array id="mixamorig_Neck-Matrix-animation-input-array" count="33">

0.000000 0.033333 0.066667 0.100000 0.133333 0.166667 0.200000 0.233333 0.266667 0.300000 0.333333 0.366667 0.400000 0.433333 0.466667 0.500000
0.533333 0.566667 0.600000 0.633333 0.666667 0.700000 0.733333 0.766667 0.800000 0.833333 0.866667 0.900000 0.933333 0.966667 1.000000 1.033333
1.066667</float_array><technique_common><accessor source="#mixamorig_Neck-Matrix-animation-input-array" count="33"><param name="TIME" type="float"/></accessor></technique_common></source><source id="mixamorig_Neck-Matrix-animation-output-transform"><float_array id="mixamorig_Neck-Matrix-animation-output-transform-array" count="528">

0.992615 0.103781 0.062803 0.000000 -0.080151 0.949738 -0.302610 14.725500 -0.091052 0.295342 0.951043 2.594800 0.000000 0.000000 0.000000 1.000000
0.991955 0.107744 0.066456 0.000000 -0.083406 0.951174 -0.297173 14.725500 -0.095230 0.289240 0.952508 2.594800 0.000000 0.000000 0.000000 1.000000
0.991482 0.110285 0.069292 -0.000000 -0.085719 0.953067 -0.290370 14.725500 -0.098064 0.281957 0.954402 2.594800 0.000000 0.000000 0.000000 1.000000
0.991751 0.108632 0.068043 -0.000000 -0.084956 0.954548 -0.285692 14.725500 -0.095985 0.277554 0.955903 2.594800 0.000000 0.000000 0.000000 1.000000
0.993223 0.100239 0.058831 -0.000000 -0.079510 0.955182 -0.285140 14.725500 -0.084777 0.278529 0.956679 2.594800 0.000000 0.000000 0.000000 1.000000
0.995477 0.086315 0.039695 -0.000000 -0.071314 0.954950 -0.288072 14.725500 -0.062772 0.283938 0.956786 2.594800 0.000000 0.000000 0.000000 1.000000
0.997183 0.073584 0.014534 -0.000000 -0.066217 0.954663 -0.290229 14.725500 -0.035231 0.288449 0.956847 2.594800 0.000000 0.000000 0.000000 1.000000
0.997817 0.064800 -0.012698 0.000000 -0.065682 0.954197 -0.291880 14.725500 -0.006797 0.292077 0.956371 2.594800 0.000000 0.000000 0.000000 1.000000
0.997408 0.061370 -0.037571 -0.000000 -0.069753 0.952839 -0.295351 14.725500 0.017674 0.297206 0.954650 2.594800 0.000000 0.000000 0.000000 1.000000
0.996462 0.062962 -0.055669 0.000000 -0.076908 0.950224 -0.301925 14.725500 0.033888 0.305138 0.951705 2.594800 0.000000 0.000000 0.000000 1.000000
0.995623 0.066989 -0.065168 -0.000000 -0.084032 0.946843 -0.310526 14.725500 0.040902 0.314643 0.948328 2.594800 0.000000 0.000000 0.000000 1.000000
0.995244 0.070677 -0.067040 0.000000 -0.088470 0.943834 -0.318355 14.725500 0.040774 0.322772 0.945598 2.594800 0.000000 0.000000 0.000000 1.000000
0.995289 0.073060 -0.063733 -0.000000 -0.089844 0.942099 -0.323076 14.725500 0.036439 0.327280 0.944224 2.594800 0.000000 0.000000 0.000000 1.000000
0.995619 0.072293 -0.059304 -0.000000 -0.087700 0.941961 -0.324066 14.725500 0.032435 0.327847 0.944174 2.594800 0.000000 0.000000 0.000000 1.000000
0.995965 0.071122 -0.054722 0.000000 -0.085101 0.942054 -0.324487 14.725500 0.028473 0.327835 0.944306 2.594800 0.000000 0.000000 0.000000 1.000000
0.996315 0.069657 -0.050051 0.000000 -0.082189 0.942227 -0.324736 14.725500 0.024539 0.327653 0.944480 2.594800 0.000000 0.000000 0.000000 1.000000
0.996653 0.068017 -0.045356 0.000000 -0.079110 0.942326 -0.325212 14.725500 0.020620 0.327711 0.944553 2.594800 0.000000 0.000000 0.000000 1.000000
0.997095 0.064633 -0.040313 0.000000 -0.074286 0.942155 -0.326843 14.725500 0.016856 0.328888 0.944219 2.594800 0.000000 0.000000 0.000000 1.000000
0.997430 0.063888 -0.032431 0.000000 -0.070996 0.942236 -0.327338 14.725500 0.009645 0.328800 0.944350 2.594800 0.000000 0.000000 0.000000 1.000000
0.997684 0.063650 -0.023992 0.000000 -0.067999 0.942376 -0.327573 14.725500 0.001759 0.328446 0.944521 2.594800 0.000000 0.000000 0.000000 1.000000
0.997852 0.063728 -0.015176 -0.000000 -0.065180 0.942589 -0.327531 14.725500 -0.006568 0.327817 0.944718 2.594800 0.000000 0.000000 0.000000 1.000000
0.997854 0.065322 -0.004544 -0.000000 -0.063227 0.943160 -0.326271 14.725500 -0.017027 0.325858 0.945266 2.594800 0.000000 0.000000 0.000000 1.000000
0.997666 0.068048 0.005607 0.000000 -0.062527 0.943526 -0.325344 14.725500 -0.027429 0.324234 0.945579 2.594800 0.000000 0.000000 0.000000 1.000000
0.997360 0.070882 0.015751 0.000000 -0.061956 0.943862 -0.324479 14.725500 -0.037866 0.322647 0.945762 2.594800 0.000000 0.000000 0.000000 1.000000
0.996940 0.073815 0.025724 -0.000000 -0.061559 0.944186 -0.323610 14.725500 -0.048176 0.321037 0.945841 2.594800 0.000000 0.000000 0.000000 1.000000
0.996416 0.076837 0.035365 -0.000000 -0.061382 0.944518 -0.322673 14.725500 -0.058196 0.319346 0.945849 2.594800 0.000000 0.000000 0.000000 1.000000
0.995815 0.080891 0.042530 0.000000 -0.063031 0.944878 -0.321299 14.725500 -0.066176 0.317274 0.946022 2.594800 0.000000 0.000000 0.000000 1.000000
0.995280 0.083987 0.048612 -0.000000 -0.064142 0.945271 -0.319921 14.725500 -0.072820 0.315293 0.946196 2.594800 0.000000 0.000000 0.000000 1.000000
0.994780 0.087781 0.052026 -0.000000 -0.066894 0.946024 -0.317118 14.725500 -0.077054 0.311982 0.946958 2.594800 0.000000 0.000000 0.000000 1.000000
0.994266 0.091643 0.055111 0.000000 -0.069853 0.946793 -0.314172 14.725500 -0.080971 0.308520 0.947765 2.594800 0.000000 0.000000 0.000000 1.000000
0.993733 0.095551 0.058009 0.000000 -0.072956 0.947589 -0.311052 14.725500 -0.084690 0.304870 0.948621 2.594800 0.000000 0.000000 0.000000 1.000000
0.993177 0.099475 0.060860 -0.000000 -0.076136 0.948423 -0.307729 14.725500 -0.088333 0.300996 0.949526 2.594800 0.000000 0.000000 0.000000 1.000000
0.992615 0.103781 0.062803 0.000000 -0.080151 0.949738 -0.302610 14.725500 -0.091052 0.295342 0.951043 2.594800 0.000000 0.000000 0.000000 1.000000</float_array><technique_common><accessor source="#mixamorig_Neck-Matrix-animation-output-transform-array" count="33" stride="16"><param type="float4x4"/></accessor></technique_common></source><source id="mixamorig_Neck-Interpolations"><Name_array id="mixamorig_Neck-Interpolations-array" count="33">
 LINEAR LINEAR LINEAR LINEAR LINEAR LINEAR LINEAR LINEAR LINEAR LINEAR LINEAR
LINEAR LINEAR LINEAR LINEAR LINEAR LINEAR LINEAR LINEAR LINEAR LINEAR LINEAR LINEAR
LINEAR LINEAR LINEAR LINEAR LINEAR LINEAR LINEAR LINEAR LINEAR LINEAR</Name_array><technique_common><accessor source="#mixamorig_Neck-Interpolations-array" count="33"><param type="name"/></accessor></technique_common></source><sampler id="mixamorig_Neck-Matrix-animation-transform"><input semantic="INPUT" source="#mixamorig_Neck-Matrix-animation-input"/><input semantic="OUTPUT" source="#mixamorig_Neck-Matrix-animation-output-transform"/><input semantic="INTERPOLATION" source="#mixamorig_Neck-Interpolations"/></sampler><channel source="#mixamorig_Neck-Matrix-animation-transform" target="mixamorig_Neck/matrix"/><source id="mixamorig_Head-Matrix-animation-input"><float_array id="mixamorig_Head-Matrix-animation-input-array" count="33">

0.000000 0.033333 0.066667 0.100000 0.133333 0.166667 0.200000 0.233333 0.266667 0.300000 0.333333 0.366667 0.400000 0.433333 0.466667 0.500000
0.533333 0.566667 0.600000 0.633333 0.666667 0.700000 0.733333 0.766667 0.800000 0.833333 0.866667 0.900000 0.933333 0.966667 1.000000 1.033333
1.066667</float_array><technique_common><accessor source="#mixamorig_Head-Matrix-animation-input-array" count="33"><param name="TIME" type="float"/></accessor></technique_common></source><source id="mixamorig_Head-Matrix-animation-output-transform"><float_array id="mixamorig_Head-Matrix-animation-output-transform-array" count="528">

0.936176 0.145228 0.320130 -0.000000 -0.133420 0.989323 -0.058640 10.251900 -0.325228 0.012186 0.945557 3.131800 0.000000 0.000000 0.000000 1.000000
0.929537 0.147527 0.337930 0.000000 -0.141792 0.989016 -0.041740 10.251900 -0.340376 -0.009117 0.940245 3.131800 0.000000 0.000000 0.000000 1.000000
0.924583 0.148206 0.350972 0.000000 -0.150517 0.988387 -0.020855 10.251900 -0.349987 -0.033545 0.936154 3.131800 0.000000 0.000000 0.000000 1.000000
0.925779 0.150142 0.346974 0.000000 -0.158607 0.987334 -0.004051 10.251900 -0.343187 -0.051282 0.937866 3.131800 0.000000 0.000000 0.000000 1.000000
0.939686 0.148454 0.308141 -0.000000 -0.158137 0.987395 0.006545 10.251900 -0.303286 -0.054879 0.951318 3.131800 0.000000 0.000000 0.000000 1.000000
0.968406 0.128626 0.213646 -0.000000 -0.135483 0.990621 0.017709 10.251900 -0.209365 -0.046095 0.976751 3.131800 0.000000 0.000000 0.000000 1.000000
0.993208 0.089084 0.074848 0.000000 -0.091859 0.995175 0.034473 10.251900 -0.071416 -0.041114 0.996599 3.131800 0.000000 0.000000 0.000000 1.000000
0.995619 0.036351 -0.086152 0.000000 -0.032505 0.998429 0.045629 10.251900 0.087675 -0.042629 0.995237 3.131800 0.000000 0.000000 0.000000 1.000000
0.971588 -0.020269 -0.235808 0.000000 0.029615 0.998907 0.036163 10.251900 0.234817 -0.042119 0.971127 3.131800 0.000000 0.000000 0.000000 1.000000
0.937069 -0.066698 -0.342716 0.000000 0.072391 0.997369 0.003833 10.251900 0.341558 -0.028401 0.939431 3.131800 0.000000 0.000000 0.000000 1.000000
0.912262 -0.092165 -0.399104 0.000000 0.083880 0.995743 -0.038217 10.251900 0.400927 0.001387 0.916109 3.131800 0.000000 0.000000 0.000000 1.000000
0.904624 -0.096169 -0.415219 0.000000 0.072099 0.994700 -0.073304 10.251900 0.420068 0.036376 0.906764 3.131800 0.000000 0.000000 0.000000 1.000000
0.909342 -0.089663 -0.406272 0.000000 0.056295 0.994038 -0.093379 10.251900 0.412223 0.062042 0.908968 3.131800 0.000000 0.000000 0.000000 1.000000
0.917981 -0.088637 -0.386594 0.000000 0.054813 0.993707 -0.097678 10.251900 0.392820 0.068476 0.917063 3.131800 0.000000 0.000000 0.000000 1.000000
0.926683 -0.088324 -0.365319 0.000000 0.055371 0.993472 -0.099737 10.251900 0.371743 0.072197 0.925524 3.131800 0.000000 0.000000 0.000000 1.000000
0.935253 -0.088111 -0.342838 0.000000 0.056632 0.993294 -0.100792 10.251900 0.349420 0.074851 0.933971 3.131800 0.000000 0.000000 0.000000 1.000000
0.943534 -0.087240 -0.319582 0.000000 0.057208 0.993117 -0.102201 10.251900 0.326299 0.078148 0.942031 3.131800 0.000000 0.000000 0.000000 1.000000
0.953351 -0.083441 -0.290104 0.000000 0.055332 0.993058 -0.103796 10.251900 0.296751 0.082902 0.951350 3.131800 0.000000 0.000000 0.000000 1.000000
0.966708 -0.073631 -0.245060 0.000000 0.048961 0.993236 -0.105288 10.251900 0.251155 0.089785 0.963774 3.131800 0.000000 0.000000 0.000000 1.000000
0.978550 -0.061969 -0.196466 0.000000 0.041348 0.993358 -0.107380 10.251900 0.201815 0.096953 0.974613 3.131800 0.000000 0.000000 0.000000 1.000000
0.988331 -0.047502 -0.144727 -0.000000 0.031770 0.993519 -0.109139 10.251900 0.148974 0.103268 0.983434 3.131800 0.000000 0.000000 0.000000 1.000000
0.996648 -0.021649 -0.078896 -0.000000 0.013154 0.994211 -0.106640 10.251900 0.080748 0.105245 0.991163 3.131800 0.000000 0.000000 0.000000 1.000000
0.999858 0.003405 -0.016524 0.000000 -0.005163 0.994189 -0.107527 10.251900 0.016062 0.107597 0.994065 3.131800 0.000000 0.000000 0.000000 1.000000
0.998547 0.028669 0.045620 0.000000 -0.023458 0.993553 -0.110913 10.251900 -0.048505 0.109681 0.992783 3.131800 0.000000 0.000000 0.000000 1.000000
0.992881 0.053878 0.106231 0.000000 -0.041391 0.992336 -0.116432 10.251900 -0.111690 0.111206 0.987501 3.131800 0.000000 0.000000 0.000000 1.000000
0.983302 0.078694 0.164084 -0.000000 -0.058653 0.990597 -0.123601 10.251900 -0.172268 0.111914 0.978672 3.131800 0.000000 0.000000 0.000000 1.000000
0.973536 0.099291 0.205839 0.000000 -0.073678 0.988959 -0.128579 10.251900 -0.216333 0.110011 0.970102 3.131800 0.000000 0.000000 0.000000 1.000000
0.963582 0.115882 0.241000 0.000000 -0.085964 0.987624 -0.131181 10.251900 -0.253219 0.105687 0.961619 3.131800 0.000000 0.000000 0.000000 1.000000
0.957436 0.124588 0.260371 -0.000000 -0.095912 0.988115 -0.120125 10.251900 -0.272243 0.090039 0.958007 3.131800 0.000000 0.000000 0.000000 1.000000
0.951540 0.131715 0.277889 0.000000 -0.105429 0.988592 -0.107567 10.251900 -0.288887 0.073057 0.954572 3.131800 0.000000 0.000000 0.000000 1.000000
0.945746 0.137683 0.294292 0.000000 -0.114713 0.988939 -0.094024 10.251900 -0.303982 0.055164 0.951079 3.131800 0.000000 0.000000 0.000000 1.000000
0.939837 0.142893 0.310303 0.000000 -0.123943 0.989054 -0.080058 10.251900 -0.318346 0.036782 0.947261 3.131800 0.000000 0.000000 0.000000 1.000000
