<?xml version="1.0" encoding="utf-8"?>
<COLLADA xmlns="http://www.collada.org/2005/11/COLLADASchema" version="1.4.1">
  <asset><contributor><author>Mixamo</author><authoring_tool>COLLADA Mixamo exporter</authoring_tool><comments></comments></contributor><created>2018-01-16T21:01:05Z</created><modified>2018-01-16T21:01:05Z</modified><revision></revision><title></title><unit meter="0.010000"/><up_axis>Y_UP</up_axis></asset>
  <library_animations>
    <animation id="mixamorig_Hips-anim" name="mixamorig_Hips"><source id="mixamorig_Hips-Matrix-animation-input"><float_array id="mixamorig_Hips-Matrix-animation-input-array" count="31">

0.000000 0.033333 0.066667 0.100000 0.133333 0.166667 0.200000 0.233333 0.266667 0.300000 0.333333 0.366667 0.400000 0.433333 0.466667 0.500000
0.533333 0.566667 0.600000 0.633333 0.666667 0.700000 0.733333 0.766667 0.800000 0.833333 0.866667 0.900000 0.933333 0.966667 1.000000</float_array><technique_common><accessor source="#mixamorig_Hips-Matrix-animation-input-array" count="31"><param name="TIME" type="float"/></accessor></technique_common></source><source id="mixamorig_Hips-Matrix-animation-output-transform"><float_array id="mixamorig_Hips-Matrix-animation-output-transform-array" count="496">

0.885023 -0.037919 -0.464001 -0.453468 -0.042832 0.985818 -0.162261 95.265465 0.463573 0.163479 0.870847 0.433013 0.000000 0.000000 0.000000 1.000000
0.865896 -0.048181 -0.497899 -0.254940 -0.046193 0.983396 -0.175495 94.834442 0.498087 0.174960 0.849293 0.112545 0.000000 0.000000 0.000000 1.000000
0.868688 -0.056200 -0.492161 0.397903 -0.049922 0.978553 -0.199856 94.156921 0.492837 0.198182 0.847252 -0.043807 0.000000 0.000000 0.000000 1.000000
0.891425 -0.060872 -0.449062 1.117611 -0.049191 0.972084 -0.229419 93.479912 0.450491 0.226599 0.863545 -0.208022 0.000000 0.000000 0.000000 1.000000
0.930825 -0.055898 -0.361165 1.408028 -0.036279 0.969219 -0.243511 92.958954 0.363660 0.239768 0.900146 -0.166342 0.000000 0.000000 0.000000 1.000000
0.979046 -0.035022 -0.200605 1.188765 -0.017631 0.966823 -0.254837 92.748978 0.202874 0.253034 0.945947 0.364562 0.000000 0.000000 0.000000 1.000000
0.999656 -0.002522 0.026093 0.682197 0.009124 0.966600 -0.256129 92.771866 -0.024575 0.256279 0.966290 1.298799 0.000000 0.000000 0.000000 1.000000
0.957921 0.039112 0.284356 0.364909 0.031539 0.970332 -0.239712 92.901604 -0.285295 0.238594 0.928267 2.480955 0.000000 0.000000 0.000000 1.000000
0.845203 0.074529 0.529224 0.460196 0.049135 0.975199 -0.215806 92.999802 -0.532182 0.208403 0.820579 3.702886 0.000000 0.000000 0.000000 1.000000
0.696560 0.094011 0.711313 0.946533 0.058733 0.980581 -0.187114 92.975418 -0.715091 0.172114 0.677511 4.580554 0.000000 0.000000 0.000000 1.000000
0.568489 0.091053 0.817636 1.297429 0.061339 0.986399 -0.152495 92.835876 -0.820401 0.136845 0.555172 5.167356 0.000000 0.000000 0.000000 1.000000
0.499333 0.068772 0.863677 1.556927 0.065355 0.991015 -0.116696 92.511551 -0.863942 0.114716 0.490352 5.452325 0.000000 0.000000 0.000000 1.000000
0.479913 0.049391 0.875925 1.533150 0.073597 0.992628 -0.096295 92.174751 -0.874224 0.110679 0.472740 5.585040 0.000000 0.000000 0.000000 1.000000
0.475638 0.044292 0.878525 1.266243 0.078483 0.992612 -0.092535 91.901688 -0.876133 0.112963 0.468648 5.950904 0.000000 0.000000 0.000000 1.000000
0.485784 0.051954 0.872533 1.000336 0.075535 0.992002 -0.101122 91.801270 -0.870809 0.115030 0.477975 6.325209 0.000000 0.000000 0.000000 1.000000
0.498953 0.061954 0.864412 0.739883 0.070814 0.991191 -0.111915 91.737259 -0.863731 0.117053 0.490171 6.696066 0.000000 0.000000 0.000000 1.000000
0.518807 0.071511 0.851895 0.563689 0.065542 0.990235 -0.123039 91.737793 -0.852375 0.119668 0.509054 6.986442 0.000000 0.000000 0.000000 1.000000
0.572750 0.078080 0.816003 0.835060 0.057919 0.989111 -0.135297 92.070412 -0.817681 0.124754 0.561991 6.848732 0.000000 0.000000 0.000000 1.000000
0.663529 0.072172 0.744661 1.178351 0.054323 0.988061 -0.144166 92.628372 -0.746175 0.136110 0.651687 6.501095 0.000000 0.000000 0.000000 1.000000
0.749749 0.064212 0.658600 1.548201 0.047569 0.987476 -0.150429 93.222473 -0.660011 0.144113 0.737304 6.128176 0.000000 0.000000 0.000000 1.000000
0.827849 0.055908 0.558158 1.878679 0.037680 0.987231 -0.154773 93.817635 -0.559684 0.149160 0.815172 5.732105 0.000000 0.000000 0.000000 1.000000
0.894442 0.048581 0.444537 2.103855 0.024815 0.987158 -0.157810 94.378799 -0.446495 0.152183 0.881750 5.315012 0.000000 0.000000 0.000000 1.000000
0.953555 0.041206 0.298387 2.032433 0.008356 0.986599 -0.162948 94.918945 -0.301102 0.157873 0.940433 4.837124 0.000000 0.000000 0.000000 1.000000
0.987294 0.032158 0.155614 1.738339 -0.005884 0.986035 -0.166435 95.265251 -0.158793 0.163405 0.973696 4.287363 0.000000 0.000000 0.000000 1.000000
0.998602 0.022805 0.047687 1.429487 -0.014557 0.985908 -0.166654 95.385910 -0.050816 0.165727 0.984862 3.705523 0.000000 0.000000 0.000000 1.000000
0.998391 0.013041 -0.055178 1.098790 -0.022020 0.985981 -0.165400 95.464371 0.052247 0.166349 0.984682 3.107721 0.000000 0.000000 0.000000 1.000000
0.988223 0.003100 -0.152989 0.755644 -0.028357 0.986188 -0.163185 95.509666 0.150370 0.165602 0.974662 2.503606 0.000000 0.000000 0.000000 1.000000
0.969244 -0.006854 -0.246006 0.409445 -0.033728 0.986481 -0.160369 95.530846 0.243780 0.163734 0.955909 1.902827 0.000000 0.000000 0.000000 1.000000
0.942205 -0.016711 -0.334621 0.069589 -0.038316 0.986828 -0.157169 95.536942 0.332840 0.160907 0.929154 1.315035 0.000000 0.000000 0.000000 1.000000
0.907486 -0.026388 -0.419252 -0.254528 -0.042291 0.987216 -0.153677 95.536980 0.417947 0.157190 0.894769 0.749879 0.000000 0.000000 0.000000 1.000000
0.885023 -0.037919 -0.464001 -0.453468 -0.042832 0.985818 -0.162261 95.265465 0.463573 0.163479 0.870847 0.433013 0.000000 0.000000 0.000000 1.000000</float_array><technique_common><accessor source="#mixamorig_Hips-Matrix-animation-output-transform-array" count="31" stride="16"><param type="float4x4"/></accessor></technique_common></source><source id="mixamorig_Hips-Interpolations"><Name_array id="mixamorig_Hips-Interpolations-array" count="31">
 LINEAR LINEAR LINEAR LINEAR LINEAR LINEAR LINEAR LINEAR LINEAR LINEAR LINEAR
LINEAR LINEAR LINEAR LINEAR LINEAR LINEAR LINEAR LINEAR LINEAR LINEAR LINEAR LINEAR
LINEAR LINEAR LINEAR LINEAR LINEAR LINEAR LINEAR LINEAR</Name_array><technique_common><accessor source="#mixamorig_Hips-Interpolations-array" count="31"><param type="name"/></accessor></technique_common></source><sampler id="mixamorig_Hips-Matrix-animation-transform"><input semantic="INPUT" source="#mixamorig_Hips-Matrix-animation-input"/><input semantic="OUTPUT" source="#mixamorig_Hips-Matrix-animation-output-transform"/><input semantic="INTERPOLATION" source="#mixamorig_Hips-Interpolations"/></sampler><channel source="#mixamorig_Hips-Matrix-animation-transform" target="mixamorig_Hips/matrix"/><source id="mixamorig_Spine-Matrix-animation-input"><float_array id="mixamorig_Spine-Matrix-animation-input-array" count="31">

0.000000 0.033333 0.066667 0.100000 0.133333 0.166667 0.200000 0.233333 0.266667 0.300000 0.333333 0.366667 0.400000 0.433333 0.466667 0.500000
0.533333 0.566667 0.600000 0.633333 0.666667 0.700000 0.733333 0.766667 0.800000 0.833333 0.866667 0.900000 0.933333 0.966667 1.000000</float_array><technique_common><accessor source="#mixamorig_Spine-Matrix-animation-input-array" count="31"><param name="TIME" type="float"/></accessor></technique_common></source><source id="mixamorig_Spine-Matrix-animation-output-transform"><float_array id="mixamorig_Spine-Matrix-animation-output-transform-array" count="496">

0.999990 -0.003580 -0.002743 -0.000100 0.003762 0.997568 0.069600 10.113200 0.002487 -0.069609 0.997571 0.131100 0.000000 0.000000 0.000000 1.000000
0.999990 0.001239 -0.004321 -0.000100 -0.000946 0.997738 0.067213 10.113200 0.004394 -0.067209 0.997729 0.131100 0.000000 0.000000 0.000000 1.000000
0.999956 0.001492 -0.009257 -0.000100 -0.000886 0.997876 0.065135 10.113200 0.009335 -0.065124 0.997834 0.131100 0.000000 0.000000 0.000000 1.000000
0.999856 0.001256 -0.016943 -0.000100 -0.000157 0.997905 0.064699 10.113200 0.016989 -0.064687 0.997761 0.131100 0.000000 0.000000 0.000000 1.000000
0.999693 0.006292 -0.023949 -0.000100 -0.004867 0.998240 0.059104 10.113200 0.024279 -0.058969 0.997965 0.131100 0.000000 0.000000 0.000000 1.000000
0.999578 0.002202 -0.028954 -0.000100 -0.000437 0.998149 0.060816 10.113200 0.029034 -0.060778 0.997729 0.131100 0.000000 0.000000 0.000000 1.000000
0.999527 -0.009120 -0.029358 -0.000100 0.010931 0.998009 0.062125 10.113200 0.028733 -0.062417 0.997636 0.131100 0.000000 0.000000 0.000000 1.000000
0.999106 -0.031541 -0.028163 -0.000100 0.033305 0.997359 0.064542 10.113200 0.026053 -0.065422 0.997518 0.131100 0.000000 0.000000 0.000000 1.000000
0.997993 -0.057474 -0.026575 -0.000100 0.059190 0.995855 0.069058 10.113200 0.022495 -0.070492 0.997259 0.131100 0.000000 0.000000 0.000000 1.000000
0.996610 -0.078495 -0.024647 -0.000100 0.080110 0.994082 0.073367 10.113200 0.018743 -0.075093 0.997000 0.131100 0.000000 0.000000 0.000000 1.000000
0.995840 -0.088540 -0.021533 -0.000100 0.089930 0.993066 0.075711 10.113200 0.014680 -0.077333 0.996897 0.131100 0.000000 0.000000 0.000000 1.000000
0.996009 -0.087777 -0.016135 -0.000100 0.088753 0.993173 0.075699 10.113200 0.009380 -0.076829 0.997000 0.131100 0.000000 0.000000 0.000000 1.000000
0.996651 -0.081298 -0.008781 -0.000100 0.081726 0.993887 0.074221 10.113200 0.002693 -0.074690 0.997203 0.131100 0.000000 0.000000 0.000000 1.000000
0.997263 -0.073928 -0.001142 -0.000100 0.073816 0.994635 0.072468 10.113200 -0.004222 -0.072354 0.997370 0.131100 0.000000 0.000000 0.000000 1.000000
0.997680 -0.067982 0.003701 -0.000100 0.067547 0.995169 0.071243 10.113200 -0.008526 -0.070828 0.997452 0.131100 0.000000 0.000000 0.000000 1.000000
0.998026 -0.062302 0.007961 -0.000100 0.061593 0.995637 0.070088 10.113200 -0.012293 -0.069460 0.997509 0.131100 0.000000 0.000000 0.000000 1.000000
0.998325 -0.056713 0.011415 -0.000100 0.055795 0.996057 0.068975 10.113200 -0.015281 -0.068223 0.997553 0.131100 0.000000 0.000000 0.000000 1.000000
0.998610 -0.051589 0.010821 -0.000100 0.050733 0.996375 0.068288 10.113200 -0.014305 -0.067644 0.997607 0.131100 0.000000 0.000000 0.000000 1.000000
0.998949 -0.045017 0.008657 -0.000100 0.044331 0.996730 0.067551 10.113200 -0.011669 -0.067096 0.997678 0.131100 0.000000 0.000000 0.000000 1.000000
0.999254 -0.038120 0.006199 -0.000100 0.037622 0.997058 0.066786 10.113200 -0.008727 -0.066503 0.997748 0.131100 0.000000 0.000000 0.000000 1.000000
0.999498 -0.031464 0.003811 -0.000100 0.031143 0.997322 0.066180 10.113200 -0.005883 -0.066028 0.997800 0.131100 0.000000 0.000000 0.000000 1.000000
0.999670 -0.025612 0.001860 -0.000100 0.025434 0.997502 0.065904 10.113200 -0.003544 -0.065835 0.997824 0.131100 0.000000 0.000000 0.000000 1.000000
0.999755 -0.022111 0.001262 -0.000100 0.021978 0.997529 0.066732 10.113200 -0.002735 -0.066688 0.997770 0.131100 0.000000 0.000000 0.000000 1.000000
0.999799 -0.020008 0.001240 -0.000100 0.019878 0.997506 0.067726 10.113200 -0.002592 -0.067687 0.997703 0.131100 0.000000 0.000000 0.000000 1.000000
0.999845 -0.017573 0.000773 -0.000100 0.017480 0.997538 0.067912 10.113200 -0.001965 -0.067888 0.997691 0.131100 0.000000 0.000000 0.000000 1.000000
0.999885 -0.015192 0.000292 -0.000100 0.015137 0.997573 0.067962 10.113200 -0.001324 -0.067950 0.997688 0.131100 0.000000 0.000000 0.000000 1.000000
0.999917 -0.012849 -0.000207 -0.000100 0.012833 0.997607 0.067943 10.113200 -0.000666 -0.067940 0.997689 0.131100 0.000000 0.000000 0.000000 1.000000
0.999944 -0.010525 -0.000725 -0.000100 0.010550 0.997635 0.067924 10.113200 0.000008 -0.067928 0.997690 0.131100 0.000000 0.000000 0.000000 1.000000
0.999966 -0.008205 -0.001263 -0.000100 0.008272 0.997653 0.067972 10.113200 0.000702 -0.067981 0.997686 0.131100 0.000000 0.000000 0.000000 1.000000
0.999981 -0.005871 -0.001822 -0.000100 0.005981 0.997657 0.068156 10.113200 0.001417 -0.068165 0.997673 0.131100 0.000000 0.000000 0.000000 1.000000
0.999990 -0.003580 -0.002743 -0.000100 0.003762 0.997568 0.069600 10.113200 0.002487 -0.069609 0.997571 0.131100 0.000000 0.000000 0.000000 1.000000</float_array><technique_common><accessor source="#mixamorig_Spine-Matrix-animation-output-transform-array" count="31" stride="16"><param type="float4x4"/></accessor></technique_common></source><source id="mixamorig_Spine-Interpolations"><Name_array id="mixamorig_Spine-Interpolations-array" count="31">
 LINEAR LINEAR LINEAR LINEAR LINEAR LINEAR LINEAR LINEAR LINEAR LINEAR LINEAR
LINEAR LINEAR LINEAR LINEAR LINEAR LINEAR LINEAR LINEAR LINEAR LINEAR LINEAR LINEAR
LINEAR LINEAR LINEAR LINEAR LINEAR LINEAR LINEAR LINEAR</Name_array><technique_common><accessor source="#mixamorig_Spine-Interpolations-array" count="31"><param type="name"/></accessor></technique_common></source><sampler id="mixamorig_Spine-Matrix-animation-transform"><input semantic="INPUT" source="#mixamorig_Spine-Matrix-animation-input"/><input semantic="OUTPUT" source="#mixamorig_Spine-Matrix-animation-output-transform"/><input semantic="INTERPOLATION" source="#mixamorig_Spine-Interpolations"/></sampler><channel source="#mixamorig_Spine-Matrix-animation-transform" target="mixamorig_Spine/matrix"/><source id="mixamorig_Spine1-Matrix-animation-input"><float_array id="mixamorig_Spine1-Matrix-animation-input-array" count="31">

0.000000 0.033333 0.066667 0.100000 0.133333 0.166667 0.200000 0.233333 0.266667 0.300000 0.333333 0.366667 0.400000 0.433333 0.466667 0.500000
0.533333 0.566667 0.600000 0.633333 0.666667 0.700000 0.733333 0.766667 0.800000 0.833333 0.866667 0.900000 0.933333 0.966667 1.000000</float_array><technique_common><accessor source="#mixamorig_Spine1-Matrix-animation-input-array" count="31"><param name="TIME" type="float"/></accessor></technique_common></source><source id="mixamorig_Spine1-Matrix-animation-output-transform"><float_array id="mixamorig_Spine1-Matrix-animation-output-transform-array" count="496">

0.999970 -0.004216 -0.006492 0.000000 0.004158 0.999951 -0.008955 10.065200 0.006530 0.008928 0.999939 0.000000 0.000000 0.000000 0.000000 1.000000
0.999951 -0.003370 -0.009274 -0.000000 0.003263 0.999928 -0.011538 10.065200 0.009312 0.011508 0.999890 0.000000 0.000000 0.000000 0.000000 1.000000
0.999832 -0.003661 -0.017933 0.000000 0.003381 0.999873 -0.015604 10.065200 0.017988 0.015541 0.999717 0.000000 0.000000 0.000000 0.000000 1.000000
0.999458 -0.004152 -0.032648 0.000000 0.003518 0.999805 -0.019445 10.065200 0.032722 0.019319 0.999278 -0.000000 0.000000 0.000000 0.000000 1.000000
0.998860 -0.003461 -0.047604 0.000000 0.002237 0.999666 -0.025755 10.065200 0.047678 0.025619 0.998534 0.000000 0.000000 0.000000 0.000000 1.000000
0.998269 -0.008261 -0.058229 0.000000 0.006790 0.999654 -0.025413 10.065200 0.058419 0.024974 0.997980 0.000000 0.000000 0.000000 0.000000 1.000000
0.998063 -0.013779 -0.060662 0.000000 0.012417 0.999664 -0.022767 10.065200 0.060955 0.021969 0.997899 0.000000 0.000000 0.000000 0.000000 1.000000
0.998135 -0.024016 -0.056127 0.000000 0.023020 0.999567 -0.018325 10.065200 0.056543 0.016999 0.998255 0.000000 0.000000 0.000000 0.000000 1.000000
0.998288 -0.036751 -0.045497 0.000000 0.036218 0.999266 -0.012493 10.065200 0.045923 0.010824 0.998886 0.000000 0.000000 0.000000 0.000000 1.000000
0.998433 -0.047933 -0.028882 0.000000 0.047723 0.998829 -0.007897 10.065200 0.029226 0.006506 0.999552 0.000000 0.000000 0.000000 0.000000 1.000000
0.998503 -0.054210 -0.007282 0.000000 0.054162 0.998510 -0.006585 10.065200 0.007628 0.006180 0.999952 0.000000 0.000000 0.000000 0.000000 1.000000
0.998392 -0.054503 0.015564 0.000000 0.054646 0.998466 -0.008900 10.065200 -0.015055 0.009736 0.999839 0.000000 0.000000 0.000000 0.000000 1.000000
0.998144 -0.049716 0.035174 -0.000000 0.050201 0.998654 -0.013044 10.065200 -0.034478 0.014786 0.999296 0.000000 0.000000 0.000000 0.000000 1.000000
0.997889 -0.042332 0.049259 0.000000 0.043203 0.998926 -0.016753 10.065200 -0.048497 0.018846 0.998646 0.000000 0.000000 0.000000 0.000000 1.000000
0.997846 -0.036339 0.054613 -0.000000 0.037401 0.999128 -0.018540 10.065200 -0.053892 0.020542 0.998335 -0.000000 0.000000 0.000000 0.000000 1.000000
0.997834 -0.030627 0.058223 0.000000 0.031837 0.999294 -0.019969 10.065200 -0.057570 0.021779 0.998104 0.000000 0.000000 0.000000 0.000000 1.000000
0.997868 -0.025188 0.060211 -0.000000 0.026505 0.999424 -0.021172 10.065200 -0.059643 0.022723 0.997961 0.000000 0.000000 0.000000 0.000000 1.000000
0.998306 -0.021150 0.054203 0.000000 0.022321 0.999529 -0.021083 10.065200 -0.053732 0.022258 0.998307 0.000000 0.000000 0.000000 0.000000 1.000000
0.998885 -0.017222 0.043953 -0.000000 0.018146 0.999621 -0.020708 10.065200 -0.043579 0.021482 0.998819 -0.000000 0.000000 0.000000 0.000000 1.000000
0.999370 -0.013232 0.032924 -0.000000 0.013903 0.999698 -0.020245 10.065200 -0.032646 0.020690 0.999253 -0.000000 0.000000 0.000000 0.000000 1.000000
0.999711 -0.009389 0.022133 0.000000 0.009823 0.999760 -0.019571 10.065200 -0.021944 0.019782 0.999563 0.000000 0.000000 0.000000 0.000000 1.000000
0.999903 -0.005902 0.012600 0.000000 0.006136 0.999808 -0.018586 10.065200 -0.012488 0.018662 0.999748 0.000000 0.000000 0.000000 0.000000 1.000000
0.999976 -0.003157 0.006117 0.000000 0.003258 0.999856 -0.016643 10.065200 -0.006064 0.016663 0.999843 0.000000 0.000000 0.000000 0.000000 1.000000
0.999994 -0.001835 0.002811 0.000000 0.001877 0.999889 -0.014752 10.065200 -0.002784 0.014757 0.999887 0.000000 0.000000 0.000000 0.000000 1.000000
0.999998 -0.001596 0.000871 0.000000 0.001608 0.999904 -0.013780 10.065200 -0.000849 0.013782 0.999905 0.000000 0.000000 0.000000 0.000000 1.000000
0.999999 -0.001603 -0.000624 0.000000 0.001595 0.999915 -0.012963 10.065200 0.000644 0.012962 0.999916 0.000000 0.000000 0.000000 0.000000 1.000000
0.999997 -0.001794 -0.001821 0.000000 0.001772 0.999923 -0.012244 10.065200 0.001843 0.012241 0.999923 -0.000000 0.000000 0.000000 0.000000 1.000000
0.999994 -0.002106 -0.002872 -0.000000 0.002073 0.999931 -0.011565 10.065200 0.002896 0.011559 0.999929 0.000000 0.000000 0.000000 0.000000 1.000000
0.999989 -0.002475 -0.003925 0.000000 0.002433 0.999938 -0.010869 10.065200 0.003952 0.010859 0.999933 -0.000000 0.000000 0.000000 0.000000 1.000000
0.999983 -0.002836 -0.005129 0.000000 0.002784 0.999945 -0.010098 10.065200 0.005158 0.010083 0.999936 -0.000000 0.000000 0.000000 0.000000 1.000000
0.999970 -0.004216 -0.006492 0.000000 0.004158 0.999951 -0.008955 10.065200 0.006530 0.008928 0.999939 0.000000 0.000000 0.000000 0.000000 1.000000</float_array><technique_common><accessor source="#mixamorig_Spine1-Matrix-animation-output-transform-array" count="31" stride="16"><param type="float4x4"/></accessor></technique_common></source><source id="mixamorig_Spine1-Interpolations"><Name_array id="mixamorig_Spine1-Interpolations-array" count="31">
 LINEAR LINEAR LINEAR LINEAR LINEAR LINEAR LINEAR LINEAR LINEAR LINEAR LINEAR
LINEAR LINEAR LINEAR LINEAR LINEAR LINEAR LINEAR LINEAR LINEAR LINEAR LINEAR LINEAR
LINEAR LINEAR LINEAR LINEAR LINEAR LINEAR LINEAR LINEAR</Name_array><technique_common><accessor source="#mixamorig_Spine1-Interpolations-array" count="31"><param type="name"/></accessor></technique_common></source><sampler id="mixamorig_Spine1-Matrix-animation-transform"><input semantic="INPUT" source="#mixamorig_Spine1-Matrix-animation-input"/><input semantic="OUTPUT" source="#mixamorig_Spine1-Matrix-animation-output-transform"/><input semantic="INTERPOLATION" source="#mixamorig_Spine1-Interpolations"/></sampler><channel source="#mixamorig_Spine1-Matrix-animation-transform" target="mixamorig_Spine1/matrix"/><source id="mixamorig_Spine2-Matrix-animation-input"><float_array id="mixamorig_Spine2-Matrix-animation-input-array" count="31">

0.000000 0.033333 0.066667 0.100000 0.133333 0.166667 0.200000 0.233333 0.266667 0.300000 0.333333 0.366667 0.400000 0.433333 0.466667 0.500000
0.533333 0.566667 0.600000 0.633333 0.666667 0.700000 0.733333 0.766667 0.800000 0.833333 0.866667 0.900000 0.933333 0.966667 1.000000</float_array><technique_common><accessor source="#mixamorig_Spine2-Matrix-animation-input-array" count="31"><param name="TIME" type="float"/></accessor></technique_common></source><source id="mixamorig_Spine2-Matrix-animation-output-transform"><float_array id="mixamorig_Spine2-Matrix-animation-output-transform-array" count="496">

0.999970 -0.004213 -0.006504 0.000000 0.003816 0.998196 -0.059916 9.142000 0.006745 0.059889 0.998182 -0.000000 0.000000 0.000000 0.000000 1.000000
0.999950 -0.003355 -0.009382 0.000000 0.002762 0.998042 -0.062494 9.142000 0.009573 0.062464 0.998001 0.000000 0.000000 0.000000 0.000000 1.000000
0.999831 -0.003649 -0.017993 0.000000 0.002444 0.997780 -0.066554 9.142000 0.018196 0.066498 0.997621 0.000000 0.000000 0.000000 0.000000 1.000000
0.999456 -0.004170 -0.032720 0.000000 0.001858 0.997519 -0.070371 9.142000 0.032932 0.070272 0.996984 -0.000000 0.000000 0.000000 0.000000 1.000000
0.998844 -0.003350 -0.047951 -0.000000 -0.000328 0.997070 -0.076496 9.142000 0.048067 0.076423 0.995916 -0.000000 0.000000 0.000000 0.000000 1.000000
0.998260 -0.008203 -0.058399 -0.000000 0.003735 0.997084 -0.076224 9.142000 0.058854 0.075873 0.995379 0.000000 0.000000 0.000000 0.000000 1.000000
0.998065 -0.013752 -0.060642 0.000000 0.009262 0.997237 -0.073710 9.142000 0.061488 0.073006 0.995434 -0.000000 0.000000 0.000000 0.000000 1.000000
0.998155 -0.024078 -0.055742 0.000000 0.020178 0.997377 -0.069515 9.142000 0.057269 0.068262 0.996022 -0.000000 0.000000 0.000000 0.000000 1.000000
0.998319 -0.036945 -0.044666 0.000000 0.034055 0.997380 -0.063819 9.142000 0.046907 0.062191 0.996961 0.000000 0.000000 0.000000 0.000000 1.000000
0.998458 -0.048171 -0.027599 0.000000 0.046475 0.997169 -0.059115 9.142000 0.030369 0.057741 0.997870 -0.000000 0.000000 0.000000 0.000000 1.000000
0.998506 -0.054344 -0.005628 0.000000 0.053932 0.996890 -0.057466 9.142000 0.008734 0.057077 0.998332 0.000000 0.000000 0.000000 0.000000 1.000000
0.998365 -0.054433 0.017430 0.000000 0.055378 0.996699 -0.059361 9.142000 -0.014141 0.060229 0.998084 -0.000000 0.000000 0.000000 0.000000 1.000000
0.998089 -0.049439 0.037059 0.000000 0.051714 0.996662 -0.063164 9.142000 -0.033812 0.064960 0.997315 0.000000 0.000000 0.000000 0.000000 1.000000
0.997818 -0.041910 0.051008 0.000000 0.045273 0.996746 -0.066684 9.142000 -0.048048 0.068848 0.996469 -0.000000 0.000000 0.000000 0.000000 1.000000
0.997775 -0.035888 0.056188 0.000000 0.039711 0.996863 -0.068462 9.142000 -0.053554 0.070541 0.996070 -0.000000 0.000000 0.000000 0.000000 1.000000
0.997765 -0.030172 0.059615 0.000000 0.034325 0.996962 -0.069916 9.142000 -0.057324 0.071806 0.995770 0.000000 0.000000 0.000000 0.000000 1.000000
0.997804 -0.024747 0.061432 0.000000 0.029109 0.997040 -0.071160 9.142000 -0.059490 0.072792 0.995571 0.000000 0.000000 0.000000 0.000000 1.000000
0.998252 -0.020817 0.055317 0.000000 0.024739 0.997155 -0.071199 9.142000 -0.053677 0.072443 0.995927 -0.000000 0.000000 0.000000 0.000000 1.000000
0.998846 -0.016981 0.044933 -0.000000 0.020148 0.997272 -0.071006 9.142000 -0.043605 0.071829 0.996463 -0.000000 0.000000 0.000000 0.000000 1.000000
0.999344 -0.013086 0.033763 0.000000 0.015450 0.997376 -0.070733 9.142000 -0.032749 0.071208 0.996924 -0.000000 0.000000 0.000000 0.000000 1.000000
0.999696 -0.009334 0.022835 -0.000000 0.010918 0.997471 -0.070235 9.142000 -0.022122 0.070463 0.997269 0.000000 0.000000 0.000000 0.000000 1.000000
0.999896 -0.005924 0.013179 0.000000 0.006825 0.997566 -0.069400 9.142000 -0.012736 0.069483 0.997502 -0.000000 0.000000 0.000000 0.000000 1.000000
0.999973 -0.003201 0.006621 -0.000000 0.003641 0.997710 -0.067546 9.142000 -0.006390 0.067569 0.997694 0.000000 0.000000 0.000000 0.000000 1.000000
0.999993 -0.001868 0.003262 0.000000 0.002079 0.997838 -0.065688 9.142000 -0.003132 0.065694 0.997835 0.000000 0.000000 0.000000 0.000000 1.000000
0.999998 -0.001626 0.001250 -0.000000 0.001703 0.997901 -0.064731 9.142000 -0.001142 0.064733 0.997902 0.000000 0.000000 0.000000 0.000000 1.000000
0.999999 -0.001628 -0.000318 -0.000000 0.001604 0.997954 -0.063921 9.142000 0.000422 0.063921 0.997955 0.000000 0.000000 0.000000 0.000000 1.000000
0.999997 -0.001814 -0.001591 0.000000 0.001710 0.997999 -0.063205 9.142000 0.001702 0.063202 0.997999 0.000000 0.000000 0.000000 0.000000 1.000000
0.999994 -0.002120 -0.002715 -0.000000 0.001946 0.998041 -0.062526 9.142000 0.002842 0.062521 0.998040 -0.000000 0.000000 0.000000 0.000000 1.000000
0.999990 -0.002482 -0.003840 -0.000000 0.002240 0.998084 -0.061830 9.142000 0.003986 0.061821 0.998079 0.000000 0.000000 0.000000 0.000000 1.000000
0.999983 -0.002837 -0.005112 -0.000000 0.002520 0.998131 -0.061061 9.142000 0.005276 0.061047 0.998121 0.000000 0.000000 0.000000 0.000000 1.000000
0.999970 -0.004213 -0.006504 0.000000 0.003816 0.998196 -0.059916 9.142000 0.006745 0.059889 0.998182 -0.000000 0.000000 0.000000 0.000000 1.000000</float_array><technique_common><accessor source="#mixamorig_Spine2-Matrix-animation-output-transform-array" count="31" stride="16"><param type="float4x4"/></accessor></technique_common></source><source id="mixamorig_Spine2-Interpolations"><Name_array id="mixamorig_Spine2-Interpolations-array" count="31">
 LINEAR LINEAR LINEAR LINEAR LINEAR LINEAR LINEAR LINEAR LINEAR LINEAR LINEAR
LINEAR LINEAR LINEAR LINEAR LINEAR LINEAR LINEAR LINEAR LINEAR LINEAR LINEAR LINEAR
LINEAR LINEAR LINEAR LINEAR LINEAR LINEAR LINEAR LINEAR</Name_array><technique_common><accessor source="#mixamorig_Spine2-Interpolations-array" count="31"><param type="name"/></accessor></technique_common></source><sampler id="mixamorig_Spine2-Matrix-animation-transform"><input semantic="INPUT" source="#mixamorig_Spine2-Matrix-animation-input"/><input semantic="OUTPUT" source="#mixamorig_Spine2-Matrix-animation-output-transform"/><input semantic="INTERPOLATION" source="#mixamorig_Spine2-Interpolations"/></sampler><channel source="#mixamorig_Spine2-Matrix-animation-transform" target="mixamorig_Spine2/matrix"/><source id="mixamorig_Neck-Matrix-animation-input"><float_array id="mixamorig_Neck-Matrix-animation-input-array" count="31">

0.000000 0.033333 0.066667 0.100000 0.133333 0.166667 0.200000 0.233333 0.266667 0.300000 0.333333 0.366667 0.400000 0.433333 0.466667 0.500000
0.533333 0.566667 0.600000 0.633333 0.666667 0.700000 0.733333 0.766667 0.800000 0.833333 0.866667 0.900000 0.933333 0.966667 1.000000</float_array><technique_common><accessor source="#mixamorig_Neck-Matrix-animation-input-array" count="31"><param name="TIME" type="float"/></accessor></technique_common></source><source id="mixamorig_Neck-Matrix-animation-output-transform"><float_array id="mixamorig_Neck-Matrix-animation-output-transform-array" count="496">

0.991532 0.110501 0.068213 0.000100 -0.082061 0.940276 -0.330374 16.748501 -0.100646 0.321978 0.941382 0.000100 0.000000 0.000000 0.000000 1.000000
0.990525 0.115636 0.074080 0.000100 -0.085689 0.941959 -0.324610 16.748501 -0.107317 0.315186 0.942943 0.000100 0.000000 0.000000 0.000000 1.000000
0.989591 0.120263 0.079029 0.000100 -0.089597 0.944651 -0.315606 16.748501 -0.112611 0.305240 0.945594 0.000100 0.000000 0.000000 0.000000 1.000000
0.989245 0.121936 0.080786 0.000100 -0.091624 0.947104 -0.307571 16.748501 -0.114017 0.296861 0.948090 0.000100 0.000000 0.000000 0.000000 1.000000
0.990237 0.117139 0.075555 0.000100 -0.089022 0.948547 -0.303865 16.748501 -0.107262 0.294173 0.949714 0.000100 0.000000 0.000000 0.000000 1.000000
0.992766 0.103813 0.060329 0.000100 -0.080601 0.948615 -0.305994 16.748501 -0.088995 0.298918 0.950120 0.000100 0.000000 0.000000 0.000000 1.000000
0.995693 0.085909 0.034864 0.000100 -0.070837 0.947521 -0.311746 16.748501 -0.059816 0.307933 0.949526 0.000100 0.000000 0.000000 0.000000 1.000000
0.997449 0.071276 0.004017 0.000100 -0.066368 0.946562 -0.315621 16.748501 -0.026299 0.314549 0.948877 0.000100 0.000000 0.000000 0.000000 1.000000
0.997678 0.062623 -0.026782 0.000100 -0.067893 0.945728 -0.317789 16.748501 0.005427 0.318869 0.947783 0.000100 0.000000 0.000000 0.000000 1.000000
0.996892 0.060407 -0.050572 0.000100 -0.073515 0.944039 -0.321537 16.748501 0.028319 0.324255 0.945546 0.000100 0.000000 0.000000 0.000000 1.000000
0.995995 0.063048 -0.063388 0.000100 -0.080518 0.940719 -0.329491 16.748501 0.038856 0.333276 0.942028 0.000100 0.000000 0.000000 0.000000 1.000000
0.995525 0.067804 -0.065824 0.000100 -0.086269 0.936396 -0.340177 16.748501 0.038572 0.344333 0.938055 0.000100 0.000000 0.000000 0.000000 1.000000
0.995510 0.072310 -0.061080 0.000100 -0.089177 0.932828 -0.349113 16.748501 0.031733 0.352992 0.935088 0.000100 0.000000 0.000000 0.000000 1.000000
0.995705 0.075809 -0.053150 0.000100 -0.089757 0.931174 -0.353352 16.748501 0.022705 0.356605 0.933979 0.000100 0.000000 0.000000 0.000000 1.000000
0.996002 0.075639 -0.047534 0.000100 -0.087592 0.931447 -0.353178 16.748501 0.017561 0.355930 0.934348 0.000100 0.000000 0.000000 0.000000 1.000000
0.996304 0.074730 -0.042358 0.000100 -0.084885 0.932080 -0.352166 16.748501 0.013164 0.354460 0.934979 0.000100 0.000000 0.000000 0.000000 1.000000
0.996609 0.073319 -0.037337 0.000100 -0.081778 0.932679 -0.351316 16.748501 0.009066 0.353178 0.935512 0.000100 0.000000 0.000000 0.000000 1.000000
0.997032 0.069563 -0.032988 0.000100 -0.076729 0.932961 -0.351705 16.748501 0.006311 0.353192 0.935530 0.000100 0.000000 0.000000 0.000000 1.000000
0.997229 0.070055 -0.025022 0.000100 -0.074379 0.933426 -0.350976 16.748501 -0.001231 0.351865 0.936050 0.000100 0.000000 0.000000 0.000000 1.000000
0.997334 0.071059 -0.016610 0.000100 -0.072372 0.933924 -0.350068 16.748501 -0.009363 0.350336 0.936577 0.000100 0.000000 0.000000 0.000000 1.000000
0.997343 0.072435 -0.007812 0.000100 -0.070600 0.934426 -0.349089 16.748501 -0.017987 0.348712 0.937057 0.000100 0.000000 0.000000 0.000000 1.000000
0.997254 0.074048 0.001310 0.000100 -0.068961 0.934901 -0.348145 16.748501 -0.027005 0.347098 0.937440 0.000100 0.000000 0.000000 0.000000 1.000000
0.997004 0.076358 0.012327 0.000100 -0.067330 0.935239 -0.347554 16.748501 -0.038067 0.345683 0.937579 0.000100 0.000000 0.000000 0.000000 1.000000
0.996553 0.079831 0.022572 0.000100 -0.067102 0.935635 -0.346533 16.748501 -0.048783 0.343824 0.937766 0.000100 0.000000 0.000000 0.000000 1.000000
0.996019 0.083922 0.030047 0.000100 -0.068481 0.936189 -0.344762 16.748501 -0.057063 0.341332 0.938209 0.000100 0.000000 0.000000 0.000000 1.000000
0.995416 0.088147 0.037105 0.000100 -0.070168 0.936736 -0.342931 16.748501 -0.064985 0.338755 0.938628 0.000100 0.000000 0.000000 0.000000 1.000000
0.994750 0.092462 0.043856 0.000100 -0.072085 0.937285 -0.341029 16.748501 -0.072638 0.336078 0.939029 0.000100 0.000000 0.000000 0.000000 1.000000
0.994024 0.096824 0.050414 0.000100 -0.074156 0.937841 -0.339049 16.748501 -0.080108 0.333284 0.939417 0.000100 0.000000 0.000000 0.000000 1.000000
0.993239 0.101189 0.056890 0.000100 -0.076302 0.938415 -0.336979 16.748501 -0.087485 0.330360 0.939792 0.000100 0.000000 0.000000 0.000000 1.000000
0.992395 0.105510 0.063396 0.000100 -0.078447 0.939015 -0.334808 16.748501 -0.094856 0.327289 0.940151 0.000100 0.000000 0.000000 0.000000 1.000000
0.991532 0.110501 0.068213 0.000100 -0.082061 0.940276 -0.330374 16.748501 -0.100646 0.321978 0.941382 0.000100 0.000000 0.000000 0.000000 1.000000</float_array><technique_common><accessor source="#mixamorig_Neck-Matrix-animation-output-transform-array" count="31" stride="16"><param type="float4x4"/></accessor></technique_common></source><source id="mixamorig_Neck-Interpolations"><Name_array id="mixamorig_Neck-Interpolations-array" count="31">
 LINEAR LINEAR LINEAR LINEAR LINEAR LINEAR LINEAR LINEAR LINEAR LINEAR LINEAR
LINEAR LINEAR LINEAR LINEAR LINEAR LINEAR LINEAR LINEAR LINEAR LINEAR LINEAR LINEAR
LINEAR LINEAR LINEAR LINEAR LINEAR LINEAR LINEAR LINEAR</Name_array><technique_common><accessor source="#mixamorig_Neck-Interpolations-array" count="31"><param type="name"/></accessor></technique_common></source><sampler id="mixamorig_Neck-Matrix-animation-transform"><input semantic="INPUT" source="#mixamorig_Neck-Matrix-animation-input"/><input semantic="OUTPUT" source="#mixamorig_Neck-Matrix-animation-output-transform"/><input semantic="INTERPOLATION" source="#mixamorig_Neck-Interpolations"/></sampler><channel source="#mixamorig_Neck-Matrix-animation-transform" target="mixamorig_Neck/matrix"/><source id="mixamorig_Head-Matrix-animation-input"><float_array id="mixamorig_Head-Matrix-animation-input-array" count="31">

0.000000 0.033333 0.066667 0.100000 0.133333 0.166667 0.200000 0.233333 0.266667 0.300000 0.333333 0.366667 0.400000 0.433333 0.466667 0.500000
0.533333 0.566667 0.600000 0.633333 0.666667 0.700000 0.733333 0.766667 0.800000 0.833333 0.866667 0.900000 0.933333 0.966667 1.000000</float_array><technique_common><accessor source="#mixamorig_Head-Matrix-animation-input-array" count="31"><param name="TIME" type="float"/></accessor></technique_common></source><source id="mixamorig_Head-Matrix-animation-output-transform"><float_array id="mixamorig_Head-Matrix-animation-output-transform-array" count="496">

0.930837 0.138846 0.338030 -0.000000 -0.121011 0.989935 -0.073387 9.553300 -0.344817 0.027406 0.938270 1.679400 0.000000 0.000000 0.000000 1.000000
0.919075 0.143487 0.367033 0.000000 -0.130974 0.989634 -0.058919 9.553300 -0.371682 0.006079 0.928340 1.679400 0.000000 0.000000 0.000000 1.000000
0.909468 0.143955 0.390057 -0.000000 -0.142818 0.989229 -0.032088 9.553300 -0.390475 -0.026524 0.920231 1.679400 0.000000 0.000000 0.000000 1.000000
0.905157 0.146709 0.398958 -0.000000 -0.157282 0.987534 -0.006305 9.553300 -0.394910 -0.057042 0.916947 1.679400 0.000000 0.000000 0.000000 1.000000
0.912680 0.152019 0.379348 -0.000000 -0.168225 0.985701 0.009728 9.553300 -0.372445 -0.072695 0.925203 1.679400 0.000000 0.000000 0.000000 1.000000
0.938511 0.147949 0.311942 0.000000 -0.161374 0.986738 0.017517 9.553300 -0.305213 -0.066779 0.949940 1.679400 0.000000 0.000000 0.000000 1.000000
0.976668 0.117739 0.179604 0.000000 -0.124233 0.991930 0.025309 9.553300 -0.175175 -0.047032 0.983413 1.679400 0.000000 0.000000 0.000000 1.000000
0.997945 0.063918 0.004487 -0.000000 -0.064036 0.997332 0.035045 9.553300 -0.002235 -0.035260 0.999376 1.679400 0.000000 0.000000 0.000000 1.000000
0.985001 0.000989 -0.172545 -0.000000 0.004973 0.999405 0.034120 9.553300 0.172476 -0.034466 0.984411 1.679400 0.000000 0.000000 0.000000 1.000000
0.951781 -0.051876 -0.302362 0.000000 0.058657 0.998188 0.013383 9.553300 0.301120 -0.030474 0.953099 1.679400 0.000000 0.000000 0.000000 1.000000
0.925937 -0.081226 -0.368841 0.000000 0.077593 0.996679 -0.024699 9.553300 0.369622 -0.005749 0.929164 1.679400 0.000000 0.000000 0.000000 1.000000
0.918984 -0.083177 -0.385421 0.000000 0.061401 0.995760 -0.068493 9.553300 0.389484 0.039279 0.920195 1.679400 0.000000 0.000000 0.000000 1.000000
0.925149 -0.069158 -0.373251 0.000000 0.032437 0.994070 -0.103788 9.553300 0.378216 0.083912 0.921906 1.679400 0.000000 0.000000 0.000000 1.000000
0.935659 -0.058943 -0.347948 -0.000000 0.016697 0.992243 -0.123187 9.553300 0.352510 0.109451 0.929385 1.679400 0.000000 0.000000 0.000000 1.000000
0.944527 -0.058850 -0.323118 -0.000000 0.019544 0.992143 -0.123570 9.553300 0.327852 0.110400 0.938256 1.679400 0.000000 0.000000 0.000000 1.000000
0.952577 -0.060941 -0.298133 0.000000 0.025938 0.992437 -0.119987 9.553300 0.303190 0.106564 0.946953 1.679400 0.000000 0.000000 0.000000 1.000000
0.960102 -0.062147 -0.272658 0.000000 0.031322 0.992757 -0.115987 9.553300 0.277892 0.102820 0.955094 1.679400 0.000000 0.000000 0.000000 1.000000
0.967789 -0.056780 -0.245276 -0.000000 0.029693 0.993179 -0.112754 9.553300 0.250005 0.101839 0.962874 1.679400 0.000000 0.000000 0.000000 1.000000
0.979014 -0.043448 -0.199108 0.000000 0.022361 0.994012 -0.106959 9.553300 0.202563 0.100262 0.974123 1.679400 0.000000 0.000000 0.000000 1.000000
0.988233 -0.029426 -0.150098 0.000000 0.014179 0.994718 -0.101657 9.553300 0.152296 0.098333 0.983431 1.679400 0.000000 0.000000 0.000000 1.000000
0.995032 -0.014626 -0.098472 0.000000 0.005035 0.995277 -0.096950 9.553300 0.099425 0.095973 0.990406 1.679400 0.000000 0.000000 0.000000 1.000000
0.999009 0.001022 -0.044494 -0.000000 -0.005159 0.995656 -0.092969 9.553300 0.044206 0.093106 0.994674 1.679400 0.000000 0.000000 0.000000 1.000000
0.999559 0.020657 0.021311 -0.000000 -0.018660 0.995766 -0.090008 9.553300 -0.023080 0.089571 0.995713 1.679400 0.000000 0.000000 0.000000 1.000000
0.995785 0.040888 0.082098 0.000000 -0.033645 0.995575 -0.087741 9.553300 -0.085323 0.084609 0.992754 1.679400 0.000000 0.000000 0.000000 1.000000
0.990395 0.057876 0.125574 0.000000 -0.047302 0.995205 -0.085613 9.553300 -0.129927 0.078851 0.988383 1.679400 0.000000 0.000000 0.000000 1.000000
0.983293 0.074154 0.166243 0.000000 -0.060695 0.994562 -0.084629 9.553300 -0.171615 0.073125 0.982447 1.679400 0.000000 0.000000 0.000000 1.000000
0.974699 0.089753 0.204711 0.000000 -0.073763 0.993693 -0.084460 9.553300 -0.211000 0.067222 0.975172 1.679400 0.000000 0.000000 0.000000 1.000000
0.964716 0.104655 0.241602 0.000000 -0.086444 0.992640 -0.084810 9.553300 -0.248699 0.060933 0.966662 1.679400 0.000000 0.000000 0.000000 1.000000
0.953340 0.118792 0.277544 -0.000000 -0.098673 0.991447 -0.085418 9.553300 -0.285317 0.054047 0.956908 1.679400 0.000000 0.000000 0.000000 1.000000
0.940475 0.132049 0.313160 -0.000000 -0.110371 0.990158 -0.086051 9.553300 -0.321441 0.046365 0.945794 1.679400 0.000000 0.000000 0.000000 1.000000
0.930837 0.138846 0.338030 -0.000000 -0.121011 0.989935 -0.073387 9.553300 -0.344817 0.027406 0.938270 1.679400 0.000000 0.000000 0.000000 1.000000</float_array><technique_common><accessor source="#mixamorig_Head-Matrix-animation-output-transform-array" count="31" stride="16"><param type="float4x4"/></accessor></technique_common></source><source id="mixamorig_Head-Interpolations"><Name_array id="mixamorig_Head-Interpolations-array" count="31">
 LINEAR LINEAR LINEAR LINEAR LINEAR LINEAR LINEAR LINEAR LINEAR LINEAR LINEAR
LINEAR LINEAR LINEAR LINEAR LINEAR LINEAR LINEAR LINEAR LINEAR LINEAR LINEAR LINEAR
LINEAR LINEAR LINEAR LINEAR LINEAR LINEAR LINEAR LINEAR</Name_array><technique_common><accessor source="#mixamorig_Head-Interpolations-array" count="31"><param type="name"/></accessor></technique_common></source><sampler id="mixamorig_Head-Matrix-animation-transform"><input semantic="INPUT" source="#mixamorig_Head-Matrix-animation-input"/><input semantic="OUTPUT" source="#mixamorig_Head-Matrix-animation-output-transform"/><input semantic="INTERPOLATION" source="#mixamorig_Head-Interpolations"/></sampler><channel source="#mixamorig_Head-Matrix-animation-transform" target="mixamorig_Head/matrix"/><source id="mixamorig_LeftShoulder-Matrix-animation-input"><float_array id="mixamorig_LeftShoulder-Matrix-animation-input-array" count="31">

0.000000 0.033333 0.066667 0.100000 0.133333 0.166667 0.200000 0.233333 0.266667 0.300000 0.333333 0.366667 0.400000 0.433333 0.466667 0.500000
0.533333 0.566667 0.600000 0.633333 0.666667 0.700000 0.733333 0.766667 0.800000 0.833333 0.866667 0.900000 0.933333 0.966667 1.000000</float_array><technique_common><accessor source="#mixamorig_LeftShoulder-Matrix-animation-input-array" count="31"><param name="TIME" type="float"/></accessor></technique_common></source><source id="mixamorig_LeftShoulder-Matrix-animation-output-transform"><float_array id="mixamorig_LeftShoulder-Matrix-animation-output-transform-array" count="496">

0.041827 0.972239 -0.230221 4.555100 0.077583 -0.232888 -0.969404 11.142100 -0.996108 0.022686 -0.085171 -0.961700 0.000000 0.000000 0.000000 1.000000
0.055395 0.972167 -0.227647 4.555100 0.077054 -0.231479 -0.969783 11.142100 -0.995487 0.036180 -0.087733 -0.961700 0.000000 0.000000 0.000000 1.000000
